0 0.1306 0.7547 0.0278 0.0219
0 0.0486 0.6156 0.0306 0.0148
0 0.5931 0.5789 0.0389 0.0133
0 0.5764 0.5672 0.0319 0.0117
0 0.0944 0.5188 0.0403 0.0211
0 0.0667 0.5266 0.0194 0.0156
0 0.0903 0.4742 0.0375 0.0195
0 0.0625 0.4586 0.0389 0.0195
0 0.0125 0.4594 0.0222 0.0227
0 0.0208 0.4711 0.0167 0.0086
0 0.0819 0.4367 0.0319 0.0211
0 0.0139 0.3906 0.0292 0.0141
0 0.0139 0.4117 0.025 0.018
0 0.0833 0.3383 0.0389 0.0234
0 0.0069 0.2953 0.0111 0.0203
0 0.6208 0.35 0.0375 0.0219
0 0.5806 0.343 0.0417 0.0234
0 0.5667 0.275 0.0292 0.0188
0 0.4403 0.2094 0.0458 0.0305
0 0.3722 0.2266 0.0444 0.0227
0 0.4153 0.2266 0.0472 0.0188
0 0.4306 0.2547 0.0389 0.0172
0 0.0944 0.4539 0.0264 0.0172
0 0.0944 0.768 0.0194 0.0133
0 0.3903 0.1961 0.0167 0.0227
0 0.3681 0.1953 0.0236 0.0102
0 0.0361 0.4391 0.0306 0.0164
0 0.1444 0.8477 0.05 0.032
0 0.3139 0.8148 0.0472 0.0266
0 0.9889 0.743 0.0167 0.0148
