0 0.5875 0.1539 0.0583 0.0336
0 0.5778 0.1828 0.0514 0.0289
0 0.5014 0.2516 0.0569 0.0359
0 0.5153 0.2062 0.0319 0.025
0 0.6097 0.2188 0.0583 0.0344
0 0.5722 0.2117 0.0167 0.0156
0 0.6653 0.2773 0.0528 0.0336
0 0.6292 0.2805 0.0417 0.0281
0 0.2278 0.4031 0.0597 0.0297
0 0.2986 0.3852 0.0611 0.032
0 0.4847 0.3094 0.0583 0.0281
0 0.5069 0.2875 0.0472 0.0219
0 0.5347 0.3195 0.0639 0.0344
0 0.5889 0.318 0.0375 0.025
0 0.5667 0.3367 0.0542 0.0258
0 0.6417 0.3531 0.0583 0.025
0 0.7431 0.3773 0.0583 0.0273
0 0.625 0.4016 0.0542 0.0297
0 0.6611 0.4242 0.0611 0.0273
0 0.7069 0.4367 0.0472 0.0344
0 0.7542 0.4062 0.0597 0.0266
0 0.6431 0.4367 0.0333 0.0156
0 0.5278 0.5688 0.0681 0.032
0 0.5375 0.5453 0.0333 0.0125
0 0.5944 0.5242 0.0583 0.032
0 0.6861 0.5117 0.0458 0.0289
0 0.6375 0.5438 0.0556 0.0305
0 0.7875 0.5125 0.0583 0.0258
0 0.2653 0.6641 0.0333 0.0266
0 0.0181 0.6289 0.0264 0.0172
0 0.8361 0.5672 0.0347 0.0148
0 0.8611 0.5742 0.0347 0.0078
0 0.6639 0.6148 0.0583 0.0281
0 0.2889 0.7352 0.0625 0.0258
0 0.4556 0.6633 0.0583 0.0242
0 0.5472 0.6805 0.0611 0.0359
0 0.5514 0.7523 0.0389 0.0211
0 0.6764 0.7156 0.0361 0.0234
0 0.6333 0.65 0.05 0.0234
0 0.3542 0.8164 0.0514 0.0289
0 0.1014 0.8211 0.0486 0.025
0 0.0653 0.9758 0.0556 0.0266
0 0.1083 0.9555 0.0486 0.0258
0 0.5611 0.9281 0.0361 0.0242
0 0.6167 0.9164 0.0472 0.0227
0 0.1889 0.8234 0.0361 0.0242
0 0.9208 0.7586 0.0389 0.0242
