0 0.8708 0.2062 0.0444 0.0266
0 0.9014 0.2094 0.0264 0.025
0 0.6222 0.3391 0.0306 0.0195
0 0.6125 0.3562 0.0403 0.018
0 0.8861 0.3328 0.0431 0.0188
0 0.8528 0.3414 0.0319 0.0148
0 0.9431 0.2852 0.0458 0.0211
0 0.9139 0.3086 0.0278 0.0141
0 0.9514 0.6117 0.0583 0.0281
0 0.8875 0.6242 0.0458 0.0383
0 0.9764 0.6359 0.0444 0.0352
0 0.8986 0.2844 0.0333 0.0219
0 0.8569 0.3273 0.0236 0.0133
0 0.8708 0.3055 0.025 0.0148
0 0.2944 0.3078 0.0153 0.0148
0 0.9875 0.5484 0.0222 0.0227
0 0.9819 0.5656 0.0333 0.025
