0 0.5389 0.618 0.0417 0.032
0 0.5903 0.6133 0.0306 0.0211
0 0.6292 0.6266 0.0528 0.0273
0 0.6708 0.6383 0.0458 0.0227
0 0.6236 0.6719 0.0389 0.0203
0 0.6389 0.7688 0.0264 0.025
0 0.5153 0.7578 0.0403 0.025
0 0.5569 0.7719 0.0417 0.0188
0 0.7278 0.7773 0.0319 0.0195
0 0.6347 0.7875 0.0181 0.0266
0 0.4028 0.8297 0.0431 0.025
0 0.5889 0.8172 0.025 0.0203
0 0.8028 0.8336 0.0375 0.0258
0 0.7028 0.8898 0.0472 0.0234
0 0.8125 0.9422 0.0403 0.0234
0 0.8806 0.9305 0.0361 0.0211
0 0.0389 0.5758 0.0569 0.0312
0 0.0681 0.5883 0.0444 0.025
0 0.0986 0.6078 0.0389 0.0141
0 0.1389 0.6094 0.0375 0.018
0 0.4792 0.682 0.0278 0.0188
0 0.475 0.7617 0.0403 0.0211
0 0.0681 0.8383 0.0625 0.0305
0 0.05 0.8 0.0319 0.0219
0 0.0986 0.7641 0.0208 0.0148
0 0.1472 0.7602 0.0292 0.0227
