0 0.0111 0.0609 0.0222 0.0234
0 0.0153 0.0945 0.0319 0.0242
0 0.0694 0.0609 0.0333 0.018
0 0.0917 0.0742 0.0236 0.0156
0 0.1611 0.075 0.0236 0.0211
0 0.1347 0.093 0.0347 0.0211
0 0.1639 0.1023 0.0347 0.0219
0 0.1819 0.1219 0.0375 0.0219
0 0.0181 0.1609 0.0264 0.0102
0 0.0056 0.1961 0.0097 0.0141
0 0.0556 0.1906 0.0278 0.0156
0 0.1486 0.1945 0.0472 0.0281
0 0.1681 0.25 0.0472 0.0234
0 0.1139 0.2992 0.0403 0.0258
0 0.0153 0.3344 0.0278 0.0227
0 0.1625 0.325 0.0278 0.0109
0 0.0611 0.3117 0.0181 0.0117
0 0.1097 0.4672 0.0375 0.018
0 0.1014 0.3891 0.0403 0.0203
0 0.1333 0.3734 0.0375 0.0242
0 0.0042 0.5211 0.0069 0.0172
0 0.2833 0.2391 0.0347 0.018
0 0.2806 0.3102 0.0472 0.0273
0 0.3167 0.3219 0.0347 0.0125
0 0.2361 0.5227 0.0139 0.0062
0 0.2611 0.5898 0.0292 0.0141
0 0.2986 0.6141 0.0292 0.0148
0 0.3958 0.5039 0.0444 0.0203
0 0.3694 0.5477 0.0431 0.0195
0 0.3861 0.5719 0.0347 0.0156
0 0.3889 0.5906 0.0292 0.0141
0 0.4417 0.5641 0.0458 0.0219
0 0.4625 0.5852 0.0319 0.0141
0 0.3069 0.207 0.0319 0.0133
0 0.3431 0.2148 0.0306 0.0156
0 0.3806 0.2086 0.0375 0.0227
0 0.4167 0.2125 0.025 0.0211
0 0.3569 0.257 0.0319 0.0078
0 0.4125 0.2367 0.0319 0.0203
0 0.4458 0.2227 0.0208 0.0164
0 0.4403 0.168 0.0208 0.0133
0 0.5292 0.1445 0.0333 0.0203
0 0.6125 0.125 0.0389 0.0203
0 0.6292 0.1625 0.0264 0.025
0 0.5181 0.2195 0.0347 0.0172
0 0.5708 0.2305 0.0236 0.018
0 0.4694 0.2898 0.0333 0.0148
0 0.4458 0.3594 0.025 0.0148
0 0.4972 0.3406 0.0181 0.0102
0 0.4778 0.4016 0.0208 0.0117
0 0.5486 0.3539 0.0139 0.0062
0 0.5361 0.343 0.0208 0.0062
0 0.6028 0.3766 0.0167 0.0125
0 0.6125 0.4047 0.0236 0.0133
0 0.6431 0.4031 0.0319 0.0164
0 0.5125 0.6172 0.0278 0.0141
0 0.5264 0.5586 0.0486 0.025
0 0.5972 0.5297 0.0403 0.0219
0 0.6431 0.2102 0.0292 0.0172
0 0.6806 0.1797 0.0347 0.0234
0 0.6958 0.6711 0.05 0.0242
0 0.65 0.6141 0.05 0.0312
0 0.6611 0.5852 0.0417 0.025
0 0.7319 0.5438 0.0542 0.0312
0 0.7944 0.5156 0.0361 0.0203
0 0.7583 0.6234 0.0375 0.0188
0 0.7903 0.5562 0.0375 0.0195
0 0.8681 0.5594 0.0139 0.007
0 0.8903 0.4992 0.0347 0.0164
0 0.6403 0.4633 0.0403 0.0258
0 0.7111 0.468 0.0417 0.0219
0 0.675 0.4211 0.0125 0.0094
0 0.7861 0.3625 0.0278 0.0133
0 0.8736 0.3867 0.0125 0.0078
0 0.8361 0.4391 0.0347 0.0297
0 0.8917 0.4734 0.0444 0.0234
0 0.7111 0.2148 0.0306 0.0156
0 0.7139 0.1914 0.0278 0.0148
0 0.7292 0.1766 0.0347 0.0148
0 0.7361 0.1617 0.0361 0.0219
0 0.7667 0.1703 0.0264 0.0188
0 0.7528 0.1984 0.0347 0.0203
0 0.8014 0.1875 0.0319 0.0219
0 0.8181 0.1586 0.0361 0.0195
0 0.8569 0.1367 0.0319 0.0242
0 0.8917 0.1469 0.0417 0.0172
0 0.8875 0.225 0.025 0.0109
0 0.9375 0.2266 0.0306 0.0234
0 0.8819 0.2539 0.0431 0.0258
0 0.9111 0.2492 0.0264 0.0219
0 0.9667 0.2711 0.0333 0.0156
0 0.9667 0.2875 0.0278 0.0148
0 0.9736 0.3031 0.025 0.0164
0 0.9917 0.3023 0.0111 0.0133
0 0.8903 0.3219 0.0236 0.0125
0 0.8778 0.2914 0.0194 0.0109
0 0.0903 0.1594 0.0319 0.018
0 0.3736 0.2719 0.025 0.0117
0 0.3583 0.2438 0.0292 0.0195
0 0.8611 0.1586 0.0306 0.0172
0 0.9236 0.1711 0.0222 0.0102
0 0.5583 0.1711 0.0236 0.0219
0 0.8333 0.2648 0.025 0.0148
0 0.4528 0.6586 0.0264 0.018
0 0.8375 0.4633 0.0194 0.0211
0 0.7583 0.4828 0.0278 0.0109
0 0.7639 0.4656 0.0194 0.0172
0 0.3528 0.3461 0.0361 0.0227
0 0.3347 0.3383 0.0292 0.0195
0 0.6542 0.5234 0.0319 0.0141
0 0.2278 0.3516 0.0236 0.0156
