0 0.8736 0.7062 0.0472 0.0219
0 0.0639 0.6367 0.0514 0.0195
0 0.1028 0.6586 0.0528 0.0297
0 0.2028 0.6703 0.0319 0.0156
0 0.2417 0.6688 0.0347 0.0141
0 0.2264 0.5953 0.0472 0.0203
0 0.1403 0.5008 0.0417 0.0242
0 0.1833 0.507 0.0389 0.0227
0 0.5681 0.4984 0.0333 0.018
0 0.4694 0.4828 0.0278 0.0117
0 0.4708 0.4586 0.0528 0.0297
0 0.5292 0.4617 0.05 0.0281
0 0.2917 0.3992 0.0472 0.0234
0 0.325 0.3742 0.0472 0.0242
0 0.4514 0.3484 0.0431 0.018
0 0.5292 0.3555 0.0486 0.0281
0 0.575 0.3305 0.0361 0.0242
0 0.1306 0.3383 0.0375 0.0195
0 0.575 0.3102 0.0403 0.0242
0 0.4889 0.2828 0.0431 0.0234
0 0.5278 0.2828 0.0333 0.0219
0 0.5111 0.2609 0.0444 0.0227
0 0.2847 0.2711 0.0333 0.0211
0 0.3347 0.2602 0.0403 0.0242
0 0.3667 0.25 0.0458 0.0305
0 0.3722 0.2258 0.0389 0.0125
0 0.5958 0.2 0.0403 0.0258
0 0.9806 0.0641 0.0361 0.0273
0 0.5069 0.15 0.0333 0.0258
0 0.3389 0.1961 0.0625 0.0289
0 0.3292 0.1664 0.0389 0.0195
0 0.3667 0.15 0.0514 0.0266
0 0.3736 0.1734 0.0444 0.0234
0 0.4069 0.0383 0.0528 0.0297
0 0.9847 0.032 0.0264 0.0172
0 0.25 0.4359 0.0611 0.0289
0 0.4764 0.4352 0.0306 0.0203
0 0.5486 0.4141 0.0528 0.0172
0 0.5014 0.3992 0.0403 0.0203
0 0.5236 0.3148 0.0333 0.0242
0 0.4708 0.5453 0.0264 0.0195
0 0.6333 0.6523 0.0153 0.0172
0 0.6806 0.7383 0.0111 0.018
