0 0.0097 0.0352 0.0208 0.0141
0 0.0333 0.05 0.0347 0.0203
0 0.1403 0.0539 0.0417 0.025
0 0.15 0.0898 0.0458 0.0258
0 0.1236 0.0898 0.0347 0.0203
0 0.0944 0.1008 0.0389 0.0227
0 0.0569 0.1078 0.025 0.0156
0 0.0347 0.1375 0.0319 0.0156
0 0.0806 0.1547 0.025 0.0148
0 0.0264 0.1734 0.0389 0.0141
0 0.0611 0.193 0.0167 0.0148
0 0.0917 0.2125 0.0306 0.0148
0 0.125 0.1875 0.0333 0.0164
0 0.1611 0.1602 0.025 0.0164
0 0.2333 0.1961 0.0431 0.0188
0 0.0194 0.3781 0.0361 0.0234
0 0.0194 0.4547 0.0292 0.0172
0 0.0625 0.5281 0.0319 0.0195
0 0.1444 0.5375 0.0458 0.0242
0 0.1653 0.375 0.0458 0.0305
0 0.1889 0.343 0.0403 0.025
0 0.2167 0.3406 0.0278 0.018
0 0.3194 0.6 0.0264 0.0148
0 0.3583 0.6273 0.0264 0.0148
0 0.4333 0.6008 0.0181 0.0141
0 0.4583 0.6039 0.0292 0.0133
0 0.4264 0.5445 0.0153 0.0188
0 0.5264 0.5086 0.0292 0.0211
0 0.5542 0.5172 0.0486 0.0242
0 0.5306 0.5625 0.0333 0.0211
0 0.5403 0.5859 0.0319 0.0188
0 0.5861 0.6102 0.0333 0.018
0 0.5903 0.6297 0.0361 0.0164
0 0.7597 0.6289 0.0236 0.0133
0 0.6111 0.5797 0.05 0.0258
0 0.7153 0.575 0.05 0.0273
0 0.8042 0.5469 0.0556 0.0281
0 0.8014 0.5891 0.0292 0.018
0 0.9389 0.6938 0.0556 0.0281
0 0.9083 0.6039 0.0431 0.0242
0 0.8986 0.6336 0.0611 0.0312
0 0.9583 0.5602 0.0597 0.0367
0 0.7153 0.4844 0.0236 0.0156
0 0.8139 0.4773 0.0431 0.0211
0 0.8778 0.4828 0.0486 0.0219
0 0.2028 0.057 0.0264 0.0172
0 0.2208 0.0688 0.0236 0.0133
0 0.2833 0.0719 0.0153 0.018
0 0.2653 0.0891 0.0361 0.0281
0 0.2875 0.1 0.0208 0.0195
0 0.3 0.1195 0.0389 0.0258
0 0.3069 0.1992 0.0528 0.032
0 0.3236 0.2555 0.0514 0.0258
0 0.2708 0.2977 0.0528 0.0141
0 0.4278 0.3188 0.0514 0.0281
0 0.4625 0.3336 0.0306 0.0133
0 0.4 0.2117 0.0319 0.0148
0 0.3792 0.2047 0.0208 0.0102
0 0.4319 0.2227 0.0319 0.0219
0 0.4583 0.2477 0.0306 0.0203
0 0.4611 0.2656 0.0181 0.0133
0 0.5806 0.2977 0.0333 0.0203
0 0.5264 0.368 0.0292 0.0156
0 0.2833 0.3859 0.0389 0.0227
0 0.2514 0.3969 0.0306 0.0234
0 0.3278 0.3586 0.0389 0.0172
0 0.5514 0.4094 0.0222 0.0125
0 0.4875 0.2156 0.0361 0.0234
0 0.5236 0.2172 0.0333 0.0258
0 0.5431 0.175 0.0222 0.018
0 0.55 0.2305 0.0236 0.0141
0 0.5153 0.2422 0.0278 0.018
0 0.6444 0.2273 0.0361 0.0188
0 0.6569 0.2391 0.025 0.0148
0 0.6528 0.1508 0.0375 0.0195
0 0.7542 0.1344 0.0417 0.0258
0 0.7639 0.1703 0.0403 0.0227
0 0.7333 0.2203 0.0333 0.0125
0 0.6819 0.1805 0.0264 0.0109
0 0.7958 0.1906 0.0389 0.0203
0 0.8208 0.2273 0.0333 0.018
0 0.8528 0.1719 0.0403 0.025
0 0.8417 0.193 0.0333 0.0195
0 0.8764 0.182 0.0319 0.0234
0 0.8625 0.2086 0.0319 0.0219
0 0.9208 0.1969 0.0278 0.0227
0 0.9458 0.1734 0.0458 0.0234
0 0.9861 0.1414 0.0236 0.0117
0 0.9903 0.1633 0.0153 0.0297
0 0.5833 0.3523 0.0264 0.0109
0 0.6389 0.3836 0.0222 0.0102
0 0.6528 0.4133 0.0278 0.0156
0 0.6806 0.4078 0.0278 0.0172
0 0.7069 0.3992 0.025 0.0148
0 0.7208 0.4281 0.0292 0.018
0 0.9111 0.293 0.0319 0.0156
0 0.9319 0.3023 0.0333 0.0117
0 0.9556 0.3312 0.025 0.0133
0 0.7917 0.3844 0.0278 0.0125
0 0.8 0.4234 0.0292 0.0156
0 0.9014 0.4031 0.0222 0.0148
0 0.9569 0.3969 0.0181 0.0117
0 0.1347 0.1195 0.0292 0.0211
0 0.0875 0.3859 0.0236 0.0195
0 0.1319 0.3969 0.0486 0.0164
0 0.7181 0.375 0.0222 0.0125
0 0.7236 0.3648 0.0222 0.0141
0 0.8931 0.3172 0.025 0.0172
0 0.9861 0.1766 0.025 0.0164
0 0.8653 0.5859 0.0278 0.0133
0 0.9694 0.6094 0.0347 0.0227
0 0.9319 0.4195 0.0292 0.0094
0 0.6583 0.3961 0.0292 0.0148
0 0.2514 0.2188 0.0347 0.0203
