0 0.2569 0.7531 0.0542 0.0305
0 0.2181 0.7305 0.0431 0.0227
0 0.3125 0.7609 0.0389 0.0219
0 0.3444 0.7594 0.0292 0.0195
0 0.3611 0.6875 0.0417 0.0234
0 0.2736 0.593 0.0375 0.0242
0 0.3125 0.5992 0.0403 0.0242
0 0.6167 0.3586 0.0403 0.0219
0 0.5264 0.1547 0.0417 0.0258
0 0.4833 0.2602 0.0458 0.0242
0 0.4528 0.275 0.0361 0.0164
0 0.4917 0.2805 0.0361 0.0219
0 0.4583 0.3031 0.05 0.0242
0 0.3736 0.35 0.0319 0.0109
0 0.4042 0.3703 0.0264 0.0211
0 0.4569 0.3609 0.0292 0.0219
0 0.4875 0.3234 0.0389 0.0102
0 0.4903 0.3484 0.0458 0.025
0 0.3778 0.5219 0.0486 0.0172
0 0.4153 0.4922 0.0431 0.0234
0 0.4014 0.4672 0.0319 0.007
0 0.4486 0.4719 0.0514 0.0297
0 0.6014 0.3789 0.0347 0.0188
0 0.6361 0.3773 0.0333 0.018
0 0.5694 0.4422 0.0417 0.0203
0 0.6486 0.4469 0.0458 0.0258
0 0.6333 0.4109 0.0347 0.0188
0 0.6819 0.4211 0.0375 0.0344
0 0.7 0.3023 0.0361 0.0273
0 0.6194 0.2562 0.0417 0.0258
0 0.5986 0.5477 0.0486 0.0297
0 0.5931 0.5727 0.0375 0.0211
0 0.65 0.5516 0.05 0.0227
0 0.5778 0.2281 0.0167 0.0141
0 0.6861 0.4039 0.0333 0.0195
0 0.2694 0.4367 0.0292 0.0219
0 0.6361 0.5102 0.0278 0.0195
0 0.6736 0.4961 0.0556 0.0195
0 0.6875 0.5844 0.0306 0.018
0 0.6653 0.6992 0.0208 0.018
0 0.0042 0.6398 0.0097 0.0211
0 0.0111 0.6836 0.0208 0.025
0 0.8208 0.8258 0.0236 0.0211
0 0.9819 0.7875 0.0319 0.0266
