0 0.4181 0.1609 0.0458 0.0258
0 0.2042 0.325 0.0306 0.0203
0 0.2375 0.3297 0.0347 0.0133
0 0.2361 0.3984 0.0403 0.0234
0 0.2486 0.4297 0.0361 0.0188
0 0.1931 0.518 0.0306 0.0141
0 0.2319 0.518 0.0542 0.018
0 0.4264 0.4195 0.0431 0.0227
0 0.4681 0.4016 0.0208 0.0102
0 0.6306 0.3938 0.0375 0.025
0 0.5778 0.3586 0.0292 0.0188
0 0.5319 0.3648 0.0278 0.0227
0 0.5653 0.375 0.0306 0.0125
0 0.2167 0.6273 0.0417 0.0234
0 0.7403 0.582 0.0139 0.0086
0 0.5083 0.3133 0.0278 0.0164
0 0.4778 0.2844 0.0167 0.0094
0 0.1528 0.4172 0.0306 0.0203
0 0.0847 0.4164 0.0278 0.0164
0 0.0347 0.4688 0.0153 0.0148
0 0.0264 0.4836 0.0319 0.0125
0 0.0222 0.5125 0.0333 0.0375
0 0.2333 0.575 0.0347 0.0211
0 0.1931 0.5898 0.0542 0.0258
0 0.4431 0.7 0.0389 0.0117
0 0.5625 0.6398 0.0153 0.018
0 0.725 0.625 0.025 0.0195
0 0.7917 0.593 0.0403 0.0125
0 0.8556 0.6148 0.0472 0.0141
0 0.8653 0.6367 0.0153 0.0141
0 0.9778 0.6414 0.0222 0.0164
0 0.8278 0.5203 0.0306 0.0141
0 0.8903 0.5062 0.0153 0.0078
0 0.9736 0.4938 0.025 0.0109
