0 0.1597 0.6672 0.0403 0.0234
0 0.1278 0.6805 0.0389 0.0125
0 0.0819 0.5414 0.0347 0.0211
0 0.2583 0.5227 0.0153 0.0094
0 0.5694 0.5031 0.0472 0.025
0 0.0458 0.5219 0.0347 0.0164
0 0.0111 0.5023 0.0208 0.0211
0 0.0069 0.5203 0.0111 0.0117
0 0.0028 0.532 0.0042 0.0094
0 0.1278 0.4453 0.0375 0.0148
0 0.0958 0.4539 0.0319 0.0156
0 0.1264 0.4055 0.0319 0.0219
0 0.1306 0.3867 0.0306 0.0172
0 0.0181 0.3898 0.0347 0.0242
0 0.0431 0.3977 0.0139 0.0102
0 0.0944 0.3914 0.0278 0.0188
0 0.1097 0.3695 0.0292 0.0227
0 0.0639 0.3742 0.0208 0.0148
0 0.0319 0.3469 0.0472 0.0273
0 0.0389 0.3219 0.0292 0.0125
0 0.0875 0.3555 0.0361 0.018
0 0.1097 0.2711 0.0361 0.0234
0 0.0222 0.2289 0.0306 0.0219
0 0.0083 0.1984 0.0139 0.0117
0 0.5861 0.2742 0.0319 0.0227
0 0.625 0.2812 0.0389 0.0195
0 0.5694 0.2039 0.0278 0.0203
0 0.4097 0.1859 0.0236 0.0195
0 0.425 0.1383 0.0444 0.0305
0 0.4028 0.1555 0.0458 0.0164
0 0.3667 0.1547 0.0444 0.0258
0 0.3681 0.1273 0.0347 0.018
0 0.2944 0.6773 0.0153 0.0133
0 0.1653 0.7562 0.0458 0.0258
0 0.2153 0.7469 0.0208 0.0164
0 0.3222 0.7234 0.0375 0.0328
0 0.9875 0.675 0.0222 0.0148
