0 0.4986 0.2133 0.0486 0.0234
0 0.2875 0.3688 0.0333 0.0242
0 0.3208 0.3711 0.0333 0.0148
0 0.3139 0.443 0.0486 0.0289
0 0.3222 0.4734 0.0403 0.0203
0 0.2653 0.557 0.0333 0.0203
0 0.2986 0.5641 0.0319 0.0164
0 0.3236 0.5586 0.025 0.0125
0 0.3 0.6156 0.0389 0.0203
0 0.2861 0.6664 0.0472 0.0227
0 0.0694 0.5516 0.0444 0.018
0 0.6486 0.4055 0.0278 0.018
0 0.6361 0.4211 0.0333 0.0133
0 0.4944 0.4641 0.0361 0.018
0 0.7014 0.4398 0.0347 0.0266
0 0.8958 0.5711 0.0208 0.0094
0 0.9306 0.6695 0.0236 0.0141
0 0.8736 0.6461 0.0181 0.0141
0 0.7931 0.6758 0.0264 0.0172
0 0.2278 0.4578 0.0278 0.0195
0 0.1 0.5398 0.0222 0.0156
0 0.2611 0.6312 0.0625 0.0305
0 0.5028 0.7484 0.0472 0.0141
0 0.6278 0.6875 0.0125 0.0148
0 0.8889 0.6742 0.0444 0.0234
0 0.9347 0.6891 0.0236 0.0227
0 0.6736 0.6258 0.025 0.0234
0 0.5431 0.443 0.0236 0.018
0 0.5972 0.4086 0.0292 0.0258
