0 0.5847 0.2008 0.0556 0.0328
0 0.475 0.1992 0.0583 0.0305
0 0.4958 0.1508 0.0528 0.0391
0 0.4833 0.307 0.0486 0.0258
0 0.4833 0.2789 0.0514 0.0227
0 0.725 0.2773 0.0472 0.0273
0 0.5569 0.1859 0.0514 0.0352
0 0.6153 0.1945 0.025 0.0133
0 0.5861 0.3398 0.0542 0.0281
0 0.2958 0.3945 0.0444 0.0297
0 0.3222 0.3789 0.0278 0.0258
0 0.4708 0.4008 0.0528 0.032
0 0.3208 0.4266 0.0444 0.025
0 0.4153 0.4531 0.0556 0.0305
0 0.625 0.3227 0.0528 0.0273
0 0.5792 0.3234 0.0458 0.0164
0 0.5583 0.3062 0.0361 0.018
0 0.5097 0.3953 0.0389 0.018
0 0.2278 0.5211 0.0569 0.0305
0 0.0667 0.5297 0.0472 0.0266
0 0.3083 0.5297 0.05 0.0312
0 0.3333 0.5867 0.0542 0.0312
0 0.4111 0.4727 0.0431 0.0258
0 0.3986 0.5914 0.0514 0.0312
0 0.4375 0.593 0.0292 0.025
0 0.4472 0.4641 0.0319 0.0219
0 0.4833 0.4734 0.0514 0.032
0 0.4833 0.5055 0.0542 0.0273
0 0.5917 0.4531 0.0583 0.0312
0 0.7028 0.5344 0.0458 0.0234
0 0.5417 0.6102 0.0514 0.0266
0 0.9431 0.4688 0.0444 0.0211
0 0.9847 0.4562 0.0264 0.0164
0 0.8556 0.4906 0.0333 0.0227
0 0.9611 0.5016 0.0472 0.0227
0 0.6542 0.5695 0.0556 0.032
0 0.7097 0.5977 0.0542 0.0297
0 0.6083 0.6359 0.0514 0.0227
0 0.5792 0.6828 0.0625 0.0328
0 0.7389 0.6945 0.0667 0.0359
0 0.3069 0.8 0.0486 0.0359
0 0.1944 0.7508 0.0417 0.0148
0 0.2361 0.7523 0.0236 0.0109
0 0.6375 0.8109 0.0639 0.0344
0 0.6986 0.7883 0.0431 0.0258
0 0.8583 0.8023 0.0625 0.0289
0 0.7611 0.7438 0.0458 0.0375
0 0.8153 0.507 0.0333 0.0148
