0 0.3806 0.2578 0.0444 0.0281
0 0.4958 0.0344 0.0333 0.0234
0 0.4681 0.1922 0.0514 0.0289
0 0.4111 0.1609 0.0375 0.0242
0 0.6792 0.2938 0.0389 0.0164
0 0.4986 0.3484 0.0472 0.0219
0 0.5278 0.157 0.0319 0.0266
0 0.4806 0.1164 0.0458 0.0258
0 0.4167 0.0906 0.0306 0.0266
0 0.5264 0.0516 0.0306 0.0289
0 0.5014 0.1742 0.0431 0.0258
0 0.6167 0.2656 0.0306 0.0203
0 0.4583 0.0719 0.0431 0.0273
0 0.5472 0.2008 0.0375 0.0195
0 0.4597 0.1477 0.0319 0.0242
0 0.5 0.0625 0.0417 0.0211
0 0.3542 0.4789 0.0472 0.0312
0 0.3056 0.4719 0.0486 0.0273
0 0.6931 0.3102 0.0319 0.0219
0 0.5361 0.4578 0.0458 0.0188
0 0.6556 0.3961 0.0361 0.0227
0 0.3694 0.5414 0.0528 0.0258
0 0.3903 0.5602 0.0444 0.0203
0 0.5556 0.4742 0.0389 0.0242
0 0.5556 0.5125 0.0306 0.0211
0 0.5972 0.5023 0.0278 0.0234
0 0.6236 0.4117 0.0431 0.0195
0 0.7028 0.4109 0.0403 0.0211
0 0.5264 0.6117 0.0403 0.0242
0 0.5139 0.6883 0.0514 0.0289
0 0.5431 0.7328 0.0375 0.0312
0 0.3889 0.4164 0.0431 0.0219
0 0.5042 0.3055 0.025 0.0141
0 0.5403 0.2961 0.0417 0.0141
0 0.6542 0.4203 0.0458 0.0219
0 0.3181 0.5758 0.0347 0.0211
0 0.6208 0.6695 0.0208 0.0148
0 0.5306 0.5375 0.0375 0.0172
0 0.5431 0.5961 0.0306 0.0203
0 0.575 0.6016 0.0306 0.0156
0 0.4153 0.2172 0.0347 0.0172
0 0.5222 0.2289 0.0431 0.0273
0 0.6028 0.807 0.0347 0.032
0 0.5069 0.118 0.0194 0.0242
0 0.3611 0.2664 0.0264 0.0195
0 0.4194 0.1141 0.0139 0.0203
0 0.4486 0.1055 0.0181 0.0227
0 0.5333 0.3094 0.0306 0.0203
0 0.5278 0.3312 0.0181 0.018
0 0.4194 0.5266 0.0333 0.0164
0 0.2639 0.5445 0.0292 0.0203
0 0.5014 0.618 0.0236 0.0172
0 0.5944 0.6844 0.0222 0.0133
0 0.4375 0.7328 0.0347 0.0164
0 0.6486 0.8055 0.0472 0.032
0 0.9514 0.7602 0.0625 0.0227
0 0.4028 0.3984 0.0306 0.0242
0 0.3222 0.4391 0.0472 0.0227
