0 0.1069 0.7711 0.0278 0.0219
0 0.025 0.6312 0.0306 0.0148
0 0.5667 0.6016 0.0389 0.0133
0 0.5514 0.5875 0.0319 0.0117
0 0.0722 0.5336 0.0403 0.0211
0 0.0431 0.5406 0.0194 0.0156
0 0.075 0.4898 0.0375 0.0195
0 0.0444 0.4758 0.0403 0.0195
0 0.05 0.4352 0.0319 0.0211
0 0.0125 0.4266 0.025 0.018
0 0.0694 0.3523 0.0389 0.0234
0 0.0069 0.2953 0.0111 0.0203
0 0.6 0.3703 0.0375 0.0219
0 0.5625 0.3617 0.0417 0.0234
0 0.5458 0.2938 0.0292 0.0188
0 0.4069 0.2258 0.0458 0.0305
0 0.3458 0.243 0.0444 0.0227
0 0.3903 0.2445 0.0472 0.0188
0 0.3944 0.2719 0.0389 0.0172
0 0.0694 0.7867 0.0194 0.0133
0 0.0167 0.4562 0.0306 0.0164
0 0.1236 0.8664 0.0431 0.032
0 0.2861 0.8375 0.0472 0.0266
0 0.9653 0.7695 0.0167 0.0148
0 0.3514 0.2156 0.0417 0.0172
0 0.0083 0.4039 0.0181 0.0109
0 0.0069 0.4828 0.0111 0.025
0 0.0806 0.4703 0.0292 0.0203
0 0.0639 0.4539 0.0333 0.0234
