0 0.4958 0.0211 0.0333 0.0266
0 0.5236 0.0352 0.0403 0.0289
0 0.5 0.0516 0.0375 0.0164
0 0.4611 0.0594 0.0444 0.0266
0 0.4139 0.0758 0.0292 0.0273
0 0.4792 0.1039 0.0417 0.025
0 0.5014 0.1055 0.0292 0.0266
0 0.5292 0.143 0.0333 0.0211
0 0.4611 0.1336 0.0278 0.0195
0 0.4083 0.1492 0.0403 0.0266
0 0.5028 0.1617 0.0458 0.025
0 0.4708 0.1812 0.0556 0.0297
0 0.5486 0.1906 0.0361 0.0188
0 0.6181 0.2555 0.0319 0.0211
0 0.3778 0.2453 0.0431 0.0258
0 0.4125 0.207 0.0333 0.0227
0 0.5222 0.2188 0.0264 0.0242
0 0.5431 0.2812 0.0542 0.025
0 0.6806 0.2836 0.0486 0.0195
0 0.6944 0.2984 0.0333 0.018
0 0.5028 0.3406 0.0583 0.0258
0 0.6583 0.3859 0.0375 0.0227
0 0.7125 0.4016 0.0319 0.018
0 0.2292 0.3406 0.0417 0.0203
0 0.3556 0.2562 0.0292 0.0195
0 0.5292 0.318 0.0222 0.0133
0 0.5056 0.2938 0.0194 0.0156
0 0.5347 0.3008 0.0333 0.0141
0 0.3944 0.4086 0.0375 0.018
0 0.6278 0.4078 0.0444 0.0312
0 0.5403 0.4477 0.0472 0.0203
0 0.5583 0.4633 0.0417 0.0234
0 0.6 0.4891 0.0292 0.0172
0 0.5583 0.5055 0.0347 0.0258
0 0.5389 0.5305 0.0444 0.0211
0 0.3542 0.4688 0.0431 0.032
0 0.3083 0.4617 0.0458 0.0266
0 0.3681 0.5328 0.0514 0.0258
0 0.3875 0.5523 0.0444 0.0211
0 0.5306 0.6023 0.0417 0.025
0 0.5458 0.5867 0.0278 0.0141
0 0.5764 0.5938 0.0319 0.0172
0 0.5208 0.6797 0.0431 0.0273
0 0.5514 0.7234 0.0389 0.0312
0 0.3222 0.5664 0.0333 0.0148
0 0.6083 0.7977 0.0361 0.032
0 0.4375 0.0969 0.0486 0.0297
0 0.6667 0.4102 0.0306 0.0258
0 0.3292 0.4336 0.0569 0.0219
0 0.4042 0.3922 0.0333 0.0172
0 0.2667 0.5359 0.0361 0.0203
0 0.4028 0.5211 0.0403 0.0133
0 0.5014 0.6047 0.0306 0.0219
0 0.6222 0.6594 0.0236 0.0117
0 0.6 0.6758 0.0208 0.0117
0 0.4458 0.7242 0.0278 0.0156
0 0.9611 0.75 0.0569 0.0234
0 0.65 0.7961 0.0431 0.0289
