0 0.575 0.5766 0.0403 0.025
0 0.725 0.45 0.0486 0.0336
0 0.6986 0.5203 0.0403 0.0227
0 0.6097 0.5438 0.0375 0.018
0 0.5 0.5711 0.0389 0.0234
0 0.5431 0.5703 0.0292 0.0172
0 0.7167 0.3953 0.0472 0.0273
0 0.2444 0.5 0.0306 0.0188
0 0.2833 0.4648 0.0361 0.0148
0 0.1806 0.475 0.0361 0.0203
0 0.1708 0.4281 0.0403 0.0234
0 0.0917 0.4508 0.0278 0.0164
0 0.0167 0.4422 0.0278 0.0172
0 0.6639 0.325 0.0431 0.0266
0 0.6153 0.3789 0.0264 0.0203
0 0.8903 0.3047 0.0361 0.0281
0 0.8736 0.2484 0.0306 0.0172
0 0.9278 0.2391 0.0403 0.0172
0 0.675 0.1961 0.0417 0.0227
0 0.8056 0.1992 0.0333 0.0203
0 0.775 0.1719 0.0333 0.0211
0 0.4264 0.1867 0.0389 0.025
0 0.4708 0.1461 0.0375 0.0227
0 0.4833 0.1805 0.0306 0.0188
0 0.2694 0.225 0.0347 0.0203
0 0.4375 0.2375 0.0264 0.0188
0 0.6028 0.2125 0.0389 0.0242
0 0.4861 0.2406 0.0403 0.0172
0 0.5069 0.2234 0.0292 0.0219
0 0.5875 0.2336 0.0306 0.0227
0 0.6625 0.2539 0.0375 0.0188
0 0.3903 0.3258 0.0333 0.0156
0 0.4014 0.2719 0.0333 0.0188
0 0.3944 0.2031 0.0361 0.0141
0 0.4972 0.2 0.0333 0.0195
0 0.5944 0.1477 0.0389 0.0203
0 0.5931 0.1273 0.0361 0.0156
0 0.5417 0.2344 0.0347 0.0227
0 0.7375 0.1812 0.025 0.0188
0 0.6736 0.2352 0.0278 0.0203
0 0.5611 0.1539 0.0236 0.0148
0 0.0583 0.4734 0.0264 0.0117
0 0.4611 0.2242 0.0333 0.0125
0 0.4792 0.2102 0.0292 0.0188
0 0.5653 0.1945 0.0486 0.0219
0 0.6458 0.1688 0.0333 0.0258
0 0.8069 0.2273 0.0403 0.025
0 0.8347 0.2391 0.0417 0.0148
0 0.8389 0.2773 0.0306 0.0094
0 0.6153 0.2469 0.0278 0.018
0 0.6542 0.2195 0.0333 0.0242
0 0.5292 0.1961 0.0292 0.0086
0 0.3611 0.3234 0.0333 0.0211
0 0.3056 0.318 0.0333 0.0094
0 0.3333 0.3141 0.0333 0.0148
0 0.0639 0.3258 0.0278 0.0141
0 0.0222 0.3164 0.0153 0.0094
0 0.6306 0.3641 0.0264 0.0109
0 0.4931 0.3328 0.0375 0.0172
0 0.6236 0.2719 0.0236 0.0133
0 0.9208 0.3562 0.0264 0.0195
0 0.975 0.3398 0.0333 0.0086
0 0.9139 0.3422 0.0167 0.0086
0 0.7833 0.3656 0.0417 0.0289
0 0.7792 0.4086 0.0236 0.0172
0 0.2194 0.4828 0.025 0.018
0 0.3639 0.4641 0.0306 0.0203
0 0.4458 0.5219 0.0236 0.0141
0 0.4556 0.4953 0.0319 0.0188
0 0.6153 0.4781 0.0264 0.0156
0 0.6611 0.4523 0.0333 0.018
0 0.6931 0.4742 0.0264 0.0164
0 0.7236 0.4797 0.0153 0.0109
0 0.9444 0.5305 0.0528 0.0281
0 0.7556 0.3266 0.0153 0.0125
0 0.6222 0.2938 0.0194 0.0156
