0 0.3292 0.0102 0.0236 0.0148
0 0.3819 0.032 0.0514 0.0258
0 0.3264 0.0445 0.0403 0.0234
0 0.3847 0.0617 0.0472 0.0242
0 0.4222 0.0797 0.0458 0.0273
0 0.3667 0.0797 0.0417 0.0227
0 0.5139 0.0812 0.0403 0.0227
0 0.3236 0.0586 0.0431 0.0141
0 0.4111 0.1219 0.0403 0.025
0 0.4611 0.1016 0.0444 0.0188
0 0.5278 0.1062 0.0389 0.0203
0 0.5139 0.1258 0.0278 0.0172
0 0.4583 0.1234 0.0292 0.018
0 0.4431 0.15 0.0306 0.025
0 0.4 0.1438 0.0361 0.0242
0 0.3806 0.1578 0.0431 0.0234
0 0.5569 0.193 0.0472 0.0258
0 0.5208 0.0188 0.0486 0.032
0 0.4931 0.0078 0.0431 0.0164
0 0.6028 0.0414 0.0458 0.0336
0 0.6153 0.0086 0.0556 0.0156
0 0.6389 0.0492 0.0472 0.0281
0 0.8292 0.0508 0.0708 0.0398
0 0.8139 0.0188 0.0597 0.0336
0 0.8528 0.0305 0.0347 0.0203
0 0.7792 0.0227 0.0236 0.032
0 0.9194 0.0516 0.0403 0.0312
0 0.9542 0.0445 0.0306 0.0094
0 0.9722 0.1 0.0514 0.0398
0 0.7986 0.1438 0.0708 0.0383
0 0.7944 0.1781 0.0528 0.0234
0 0.9417 0.1914 0.0528 0.0328
0 0.9792 0.1852 0.0389 0.0344
0 0.6917 0.1922 0.0472 0.0305
0 0.6472 0.1656 0.0375 0.018
0 0.6153 0.168 0.0333 0.0172
0 0.5264 0.2375 0.0472 0.0188
0 0.5694 0.2234 0.0375 0.0188
0 0.6 0.2156 0.0347 0.0156
0 0.7292 0.2164 0.0528 0.025
0 0.7514 0.2367 0.0403 0.0281
0 0.8014 0.2469 0.0569 0.0242
0 0.8486 0.2609 0.0625 0.0297
0 0.5875 0.3688 0.0417 0.0234
0 0.5 0.2758 0.0389 0.0219
0 0.5792 0.2453 0.0306 0.0195
0 0.6208 0.2461 0.025 0.0172
0 0.6278 0.257 0.0153 0.0109
0 0.7556 0.2719 0.025 0.0133
0 0.8111 0.4359 0.0389 0.0164
0 0.825 0.4688 0.0528 0.0203
0 0.6958 0.5641 0.0472 0.025
0 0.4806 0.4656 0.0375 0.0203
0 0.5083 0.3219 0.0431 0.0188
0 0.4486 0.3086 0.0375 0.0172
0 0.3792 0.2891 0.0361 0.0211
0 0.3792 0.3281 0.025 0.0195
0 0.4361 0.4156 0.0403 0.0203
0 0.1792 0.35 0.0306 0.0188
0 0.2375 0.3258 0.0333 0.0156
0 0.3347 0.3469 0.0389 0.018
0 0.3403 0.4086 0.0375 0.0211
0 0.4292 0.4367 0.0319 0.0219
0 0.4208 0.4648 0.0431 0.0219
0 0.3889 0.4727 0.0444 0.0266
0 0.3042 0.407 0.0389 0.0227
0 0.2792 0.3758 0.0431 0.0172
0 0.2153 0.4031 0.0333 0.0203
0 0.0708 0.3797 0.025 0.0141
0 0.0528 0.3742 0.0319 0.0148
0 0.0194 0.3961 0.0306 0.0172
0 0.1653 0.4508 0.0389 0.0211
0 0.2847 0.5148 0.0306 0.0148
0 0.1153 0.5414 0.0639 0.0312
0 0.1125 0.5609 0.0375 0.0102
0 0.025 0.5781 0.05 0.0391
0 0.0347 0.5969 0.0611 0.0242
0 0.0875 0.632 0.0389 0.0273
0 0.1986 0.6305 0.0389 0.0258
0 0.4833 0.7031 0.0486 0.0234
0 0.4319 0.6969 0.0319 0.0141
0 0.4792 0.7188 0.0417 0.0156
0 0.9458 0.7008 0.0611 0.0305
0 0.9792 0.6484 0.0389 0.0203
0 0.9778 0.0109 0.0264 0.0195
0 0.3458 0.7297 0.0458 0.0297
0 0.2819 0.6922 0.0375 0.0195
0 0.2278 0.7023 0.0333 0.025
0 0.2042 0.6672 0.025 0.0164
0 0.1944 0.7117 0.0389 0.025
0 0.1556 0.7289 0.0597 0.0312
0 0.1125 0.7453 0.0667 0.0273
0 0.0153 0.6602 0.0306 0.0258
0 0.8569 0.2156 0.0736 0.032
