0 0.1736 0.1359 0.0389 0.0266
0 0.2556 0.1195 0.0278 0.0242
0 0.3028 0.1031 0.0444 0.0312
0 0.2556 0.057 0.0319 0.0156
0 0.2069 0.0102 0.0306 0.0172
0 0.2097 0.0898 0.0333 0.0305
0 0.3764 0.0875 0.0222 0.0227
0 0.4125 0.1102 0.0444 0.0273
0 0.4375 0.1109 0.0222 0.0234
0 0.8958 0.0328 0.0528 0.0336
0 0.9139 0.0219 0.0556 0.0336
0 0.9944 0.0336 0.0083 0.0156
0 0.9847 0.0625 0.0264 0.0305
0 0.1417 0.2086 0.0333 0.0219
0 0.1889 0.232 0.0472 0.0266
0 0.2681 0.2117 0.0292 0.0258
0 0.3417 0.1977 0.0403 0.0219
0 0.4361 0.2047 0.0458 0.0242
0 0.525 0.2312 0.0375 0.018
0 0.5569 0.3141 0.0375 0.0234
0 0.4056 0.2914 0.0347 0.0234
0 0.175 0.2984 0.05 0.0234
0 0.1028 0.3273 0.0583 0.0273
0 0.2153 0.3195 0.0347 0.0164
0 0.0944 0.3578 0.0611 0.0328
0 0.5028 0.3477 0.0514 0.0289
0 0.5875 0.3844 0.05 0.0273
0 0.0778 0.3891 0.0569 0.0297
0 0.0417 0.3852 0.0333 0.0164
0 0.5194 0.4445 0.05 0.0219
0 0.5694 0.4344 0.0431 0.0172
0 0.55 0.4773 0.0444 0.0266
0 0.6722 0.4953 0.0556 0.0219
0 0.8736 0.5406 0.05 0.0281
0 0.8875 0.557 0.0458 0.0188
0 0.2722 0.5938 0.0333 0.0188
0 0.4181 0.6352 0.0431 0.0195
0 0.3583 0.5883 0.0347 0.0156
0 0.5667 0.5797 0.0403 0.018
0 0.8167 0.5625 0.0417 0.0219
0 0.6972 0.5344 0.0389 0.0188
0 0.7278 0.5992 0.0458 0.025
0 0.4153 0.6508 0.0389 0.0156
0 0.5444 0.7141 0.0347 0.0242
0 0.5528 0.7805 0.0278 0.025
0 0.1667 0.332 0.0194 0.0141
0 0.0347 0.4141 0.0306 0.0094
0 0.0722 0.432 0.0111 0.0117
0 0.5375 0.4977 0.0375 0.0148
0 0.3889 0.3797 0.0306 0.0117
0 0.1667 0.2789 0.0292 0.0133
0 0.325 0.0039 0.0292 0.0062
0 0.2111 0.2453 0.0264 0.0141
0 0.5861 0.3352 0.025 0.0094
0 0.9861 0.4602 0.0208 0.0164
0 0.9403 0.5539 0.0167 0.0195
0 0.7778 0.5602 0.0264 0.0109
0 0.3472 0.6133 0.0306 0.0203
0 0.1097 0.4633 0.0306 0.0188
0 0.4458 0.3078 0.0306 0.0188
0 0.1431 0.2211 0.0278 0.0188
