0 0.0458 0.1359 0.0694 0.0398
0 0.1014 0.1328 0.0583 0.0352
0 0.1347 0.1211 0.0236 0.0219
0 0.2792 0.1703 0.0625 0.0352
0 0.2292 0.1648 0.0528 0.032
0 0.1986 0.125 0.0486 0.0336
0 0.2278 0.1375 0.0514 0.0227
0 0.2375 0.2477 0.0486 0.0383
0 0.1875 0.2477 0.0569 0.0344
0 0.3875 0.2797 0.0625 0.0359
0 0.3125 0.3086 0.0486 0.0297
0 0.2375 0.3305 0.0694 0.0375
0 0.9556 0.0266 0.0694 0.0375
0 0.9708 0.1953 0.0472 0.0188
0 0.9625 0.218 0.0653 0.0312
0 0.9708 0.2469 0.0528 0.0375
0 0.95 0.293 0.0611 0.0211
0 0.9347 0.3297 0.0528 0.0336
0 0.0736 0.3336 0.0556 0.0383
0 0.3319 0.3727 0.0667 0.0336
0 0.3319 0.4258 0.0444 0.0234
0 0.3778 0.4602 0.0458 0.0289
0 0.3708 0.5062 0.0625 0.0391
0 0.2806 0.4555 0.0431 0.0305
0 0.2694 0.4906 0.0542 0.0289
0 0.0361 0.343 0.0639 0.032
0 0.0736 0.4039 0.0486 0.0297
0 0.0375 0.3977 0.0306 0.0266
0 0.0139 0.4055 0.0264 0.0273
0 0.0375 0.4227 0.05 0.0234
0 0.0139 0.4289 0.0264 0.0211
0 0.3708 0.3789 0.0208 0.025
0 0.1917 0.4648 0.0389 0.0312
0 0.2403 0.5359 0.0583 0.0305
0 0.2347 0.5133 0.0403 0.0188
0 0.3847 0.543 0.05 0.0305
0 0.3083 0.4938 0.0472 0.0289
0 0.4111 0.5883 0.0667 0.0344
0 0.9264 0.7219 0.0569 0.0422
0 0.8792 0.7422 0.0667 0.0516
0 0.7403 0.4664 0.0611 0.0289
0 0.2819 0.2133 0.0431 0.0141
0 0.2139 0.2227 0.0306 0.0117
0 0.1431 0.2398 0.0292 0.0148
0 0.9833 0.2773 0.0222 0.0234
0 0.2958 0.3742 0.0389 0.0312
0 0.0958 0.3891 0.0417 0.025
0 0.0833 0.3711 0.0181 0.0133
0 0.1597 0.5062 0.0472 0.0242
0 0.2847 0.5188 0.0319 0.0102
0 0.3375 0.7359 0.0319 0.032
0 0.3542 0.7727 0.0458 0.0352
0 0.9097 0.7711 0.0542 0.0234
0 0.8653 0.7766 0.0278 0.0266
