0 0.1694 0.632 0.0222 0.0211
0 0.1875 0.7227 0.0361 0.0242
0 0.3569 0.6891 0.0361 0.0211
0 0.0736 0.5023 0.0319 0.0156
0 0.0153 0.4656 0.0306 0.0219
0 0.0083 0.4844 0.0153 0.0117
0 0.6333 0.4586 0.0333 0.0156
0 0.6111 0.4508 0.0167 0.0078
0 0.1028 0.4055 0.0292 0.0172
0 0.0306 0.3422 0.0444 0.0242
0 0.0347 0.3305 0.0375 0.0141
0 0.0694 0.3477 0.0306 0.0156
0 0.1 0.3578 0.0208 0.0156
0 0.0944 0.3352 0.0222 0.0102
0 0.0847 0.3234 0.0333 0.0227
0 0.0181 0.275 0.0347 0.0203
0 0.0194 0.2938 0.0361 0.0172
0 0.0083 0.3711 0.0181 0.0156
0 0.0875 0.2172 0.0403 0.0234
0 0.6472 0.2344 0.0458 0.0273
0 0.6056 0.2234 0.0431 0.0289
0 0.0111 0.1711 0.0167 0.025
0 0.5972 0.1516 0.0306 0.0203
0 0.4306 0.1305 0.0375 0.0219
0 0.4583 0.0812 0.0528 0.0312
0 0.4333 0.0984 0.0528 0.018
0 0.3944 0.0977 0.0528 0.0227
0 0.4014 0.0688 0.0458 0.0211
