0 0.4708 0.0578 0.0319 0.0258
0 0.5 0.0742 0.0458 0.0289
0 0.4403 0.0953 0.0431 0.0234
0 0.4792 0.0898 0.0361 0.0141
0 0.3917 0.1133 0.0222 0.0242
0 0.4597 0.1406 0.0389 0.0289
0 0.4861 0.1398 0.0208 0.0266
0 0.4361 0.1703 0.0306 0.0242
0 0.5069 0.1781 0.0292 0.0234
0 0.4792 0.1969 0.0417 0.0242
0 0.4486 0.2172 0.0514 0.0297
0 0.3861 0.1867 0.0528 0.0305
0 0.3931 0.2422 0.0236 0.0172
0 0.3514 0.2805 0.0444 0.0211
0 0.3361 0.2945 0.0333 0.0141
0 0.525 0.2266 0.0417 0.0211
0 0.5014 0.2539 0.0361 0.0266
0 0.6028 0.2906 0.0361 0.0266
0 0.6667 0.3195 0.0486 0.0258
0 0.6819 0.3328 0.0347 0.0234
0 0.5264 0.3164 0.0403 0.0195
0 0.4847 0.3305 0.0292 0.018
0 0.5167 0.3367 0.0292 0.0156
0 0.4736 0.3758 0.05 0.0234
0 0.2069 0.3766 0.0375 0.018
0 0.375 0.4469 0.0431 0.0234
0 0.6403 0.4234 0.0361 0.0219
0 0.6972 0.4406 0.0333 0.0258
0 0.6125 0.4414 0.0375 0.0234
0 0.5167 0.4836 0.0458 0.0203
0 0.5375 0.5031 0.0389 0.0273
0 0.5847 0.5273 0.0292 0.0156
0 0.3264 0.5078 0.0486 0.0273
0 0.2778 0.5016 0.0444 0.0266
0 0.5389 0.5445 0.0333 0.0234
0 0.5181 0.5672 0.0319 0.0195
0 0.3431 0.5734 0.05 0.0297
0 0.3667 0.5922 0.0389 0.0242
0 0.2986 0.6078 0.0347 0.018
0 0.5097 0.6461 0.0431 0.025
0 0.5528 0.6336 0.0347 0.0188
0 0.4986 0.7242 0.0472 0.0273
0 0.525 0.7727 0.0375 0.0297
0 0.5861 0.8508 0.0389 0.0328
0 0.4153 0.1367 0.05 0.0297
0 0.5028 0.357 0.0236 0.0203
0 0.6375 0.4453 0.0375 0.0273
0 0.2375 0.5758 0.0333 0.0211
0 0.3958 0.5578 0.0222 0.0148
0 0.5236 0.6281 0.0306 0.0203
0 0.475 0.6484 0.0264 0.0266
0 0.5944 0.7117 0.0486 0.0289
0 0.425 0.7688 0.0306 0.0211
0 0.9583 0.7969 0.0625 0.0227
0 0.6389 0.8453 0.0417 0.0305
0 0.2444 0.6172 0.0264 0.0172
0 0.4056 0.5719 0.0167 0.0148
