0 0.4458 0.2109 0.0208 0.0125
0 0.5306 0.1844 0.0208 0.0078
0 0.5431 0.2086 0.0069 0.0094
0 0.5083 0.207 0.0097 0.007
0 0.5597 0.2484 0.0208 0.0117
0 0.4708 0.2617 0.0208 0.0117
0 0.4042 0.2695 0.0167 0.0109
0 0.3931 0.2836 0.0264 0.0164
0 0.4208 0.2844 0.0264 0.0164
0 0.4681 0.2781 0.0181 0.0148
0 0.4986 0.2727 0.0292 0.0141
0 0.5528 0.2836 0.0222 0.0117
0 0.5764 0.3039 0.0292 0.0156
0 0.6111 0.3023 0.0194 0.0125
0 0.6347 0.2766 0.0167 0.0125
0 0.6583 0.3562 0.0222 0.0125
0 0.6778 0.3758 0.025 0.0156
0 0.4208 0.3383 0.0264 0.0141
0 0.4583 0.3523 0.0097 0.0055
0 0.4792 0.3992 0.0111 0.0086
0 0.4125 0.3742 0.0153 0.0109
0 0.4403 0.4242 0.0292 0.0211
0 0.3847 0.4188 0.0153 0.0094
0 0.5806 0.4742 0.0278 0.0117
0 0.6986 0.4609 0.0236 0.0102
0 0.8097 0.4531 0.025 0.0117
0 0.8083 0.4812 0.0139 0.0094
0 0.2653 0.425 0.0347 0.018
0 0.2319 0.3844 0.0222 0.0102
0 0.2292 0.35 0.0111 0.0047
0 0.175 0.3938 0.0181 0.0195
0 0.1597 0.4094 0.0278 0.0141
0 0.1347 0.4055 0.0222 0.0125
0 0.2125 0.4164 0.0111 0.0062
0 0.2931 0.4891 0.0167 0.0094
0 0.3625 0.4695 0.0181 0.0086
0 0.2319 0.5406 0.0208 0.0109
0 0.1903 0.6727 0.0083 0.0117
0 0.0319 0.7117 0.0361 0.0172
0 0.0139 0.743 0.0236 0.0227
0 0.3958 0.6219 0.0111 0.0188
0 0.3389 0.6172 0.0111 0.0117
0 0.425 0.5703 0.0194 0.0109
0 0.3806 0.5758 0.0083 0.0094
0 0.5875 0.5734 0.0361 0.0109
0 0.6306 0.6281 0.0222 0.0109
0 0.6806 0.6281 0.0333 0.0148
0 0.4639 0.6242 0.0306 0.007
0 0.2986 0.6039 0.025 0.0094
0 0.5958 0.6953 0.0333 0.0227
0 0.6333 0.6906 0.0222 0.0062
0 0.6111 0.7203 0.0139 0.0125
0 0.5556 0.725 0.0153 0.0125
0 0.5764 0.7328 0.0194 0.0117
0 0.7181 0.7391 0.0194 0.0125
0 0.7694 0.7688 0.0208 0.0156
0 0.5556 0.3289 0.0139 0.0078
0 0.7847 0.4492 0.0347 0.0102
0 0.4861 0.2922 0.0319 0.0109
0 0.6333 0.3641 0.0264 0.0102
0 0.6167 0.475 0.025 0.0117
0 0.6375 0.4344 0.0278 0.0148
0 0.7903 0.4609 0.0264 0.0062
0 0.5306 0.6062 0.0264 0.0211
0 0.4972 0.6352 0.0444 0.018
0 0.5667 0.6547 0.0208 0.0227
0 0.7181 0.7633 0.0181 0.0133
0 0.6389 0.8109 0.0292 0.0125
0 0.825 0.8117 0.025 0.018
0 0.825 0.775 0.0333 0.0125
0 0.6361 0.7375 0.0347 0.0109
