0 0.3944 0.5039 0.0361 0.0172
0 0.3444 0.5102 0.0444 0.0352
0 0.4236 0.5234 0.0514 0.0281
0 0.4653 0.5312 0.05 0.0312
0 0.4458 0.5617 0.0431 0.0227
0 0.3764 0.6625 0.0556 0.0227
0 0.2514 0.7188 0.0514 0.0289
0 0.4528 0.6617 0.0319 0.0266
0 0.5486 0.6711 0.0431 0.0211
0 0.1819 0.6406 0.0278 0.0172
0 0.0694 0.6461 0.0236 0.0125
0 0.5097 0.775 0.0292 0.0188
0 0.65 0.8312 0.0444 0.0188
0 0.6014 0.8461 0.0167 0.0195
0 0.4569 0.6797 0.0264 0.0195
0 0.4139 0.7031 0.0486 0.025
0 0.3403 0.6469 0.025 0.0258
0 0.3139 0.5758 0.0236 0.0219
0 0.975 0.6609 0.0417 0.0203
