0 0.4375 0.1836 0.025 0.0141
0 0.5222 0.1578 0.0208 0.0109
0 0.5444 0.1812 0.0194 0.0102
0 0.5056 0.1992 0.0194 0.0141
0 0.5458 0.2211 0.0194 0.0117
0 0.5569 0.2445 0.0111 0.0156
0 0.6125 0.2523 0.0153 0.0141
0 0.5903 0.2766 0.0236 0.0094
0 0.5597 0.2781 0.0264 0.018
0 0.5375 0.2594 0.025 0.0125
0 0.4861 0.2453 0.0222 0.0156
0 0.4639 0.2328 0.0222 0.0102
0 0.4583 0.2492 0.0222 0.0133
0 0.4 0.2398 0.0125 0.007
0 0.3847 0.2555 0.0236 0.0141
0 0.4097 0.257 0.0236 0.0164
0 0.4028 0.3484 0.0111 0.0086
0 0.5458 0.3055 0.0111 0.0078
0 0.5639 0.3086 0.0111 0.0047
0 0.65 0.3523 0.0264 0.0164
0 0.4097 0.3984 0.0208 0.0211
0 0.3653 0.3984 0.0111 0.0102
0 0.2375 0.3578 0.025 0.0086
0 0.2569 0.3977 0.0306 0.0172
0 0.1694 0.3656 0.0194 0.0156
0 0.1542 0.382 0.0264 0.0141
0 0.1306 0.3789 0.0194 0.0125
0 0.2139 0.5133 0.0153 0.007
0 0.425 0.6023 0.0236 0.0109
0 0.4431 0.6062 0.0083 0.0125
0 0.4681 0.6117 0.0167 0.0148
0 0.4903 0.5781 0.0194 0.0102
0 0.2569 0.5758 0.0181 0.0086
0 0.6361 0.6039 0.0222 0.0141
0 0.0111 0.6766 0.0236 0.0148
0 0.0042 0.7047 0.0069 0.0133
0 0.3472 0.6672 0.0292 0.0164
0 0.5514 0.6633 0.0167 0.007
0 0.5569 0.6727 0.0222 0.0148
0 0.5653 0.6945 0.0139 0.0109
0 0.5167 0.6984 0.0167 0.0125
0 0.5347 0.7062 0.0208 0.0109
0 0.5569 0.45 0.0264 0.0148
0 0.5889 0.4508 0.0361 0.0125
0 0.5611 0.4297 0.0347 0.0164
0 0.6708 0.4367 0.0167 0.0125
0 0.6264 0.3328 0.0333 0.0164
0 0.5097 0.1797 0.0347 0.0109
0 0.7819 0.4273 0.0236 0.0117
0 0.8056 0.4312 0.0208 0.0125
0 0.7958 0.4391 0.0125 0.0055
0 0.8139 0.4578 0.0194 0.0078
0 0.3764 0.5422 0.0375 0.0188
0 0.5708 0.5508 0.0194 0.0133
0 0.5472 0.5492 0.0292 0.0117
0 0.5486 0.6258 0.0222 0.0273
0 0.5917 0.6047 0.0097 0.0086
0 0.3542 0.5945 0.025 0.0219
0 0.1931 0.6539 0.0292 0.0195
0 0.5917 0.6664 0.0264 0.0094
0 0.5889 0.7102 0.0319 0.0141
0 0.6722 0.7141 0.0292 0.0164
0 0.7792 0.7859 0.0153 0.0133
0 0.7222 0.7461 0.0222 0.0188
0 0.7097 0.7719 0.0181 0.0141
0 0.6792 0.7 0.0278 0.0117
