0 0.1028 0.1664 0.025 0.0188
0 0.0333 0.2453 0.0375 0.0242
0 0.0681 0.2562 0.0319 0.0195
0 0.7556 0.0867 0.0514 0.0312
0 0.6403 0.1922 0.0431 0.025
0 0.5625 0.2375 0.0417 0.0234
0 0.6764 0.1969 0.0361 0.0344
0 0.5833 0.282 0.0417 0.0289
0 0.6208 0.2938 0.0375 0.0258
0 0.6875 0.282 0.0389 0.0266
0 0.7306 0.2812 0.05 0.0297
0 0.7819 0.2766 0.0194 0.0172
0 0.6403 0.3125 0.05 0.0297
0 0.5569 0.3641 0.05 0.0273
0 0.7167 0.3469 0.0542 0.0227
0 0.6194 0.3844 0.0389 0.025
0 0.65 0.3797 0.0306 0.0195
0 0.6389 0.4469 0.0375 0.018
0 0.4847 0.443 0.0347 0.0164
0 0.8347 0.4711 0.0431 0.0242
0 0.8056 0.4898 0.0472 0.0195
0 0.7431 0.5156 0.0417 0.0234
0 0.5486 0.5086 0.0431 0.018
0 0.5917 0.4984 0.0417 0.018
0 0.6083 0.5203 0.0403 0.025
0 0.5792 0.5398 0.025 0.0219
0 0.5611 0.6055 0.0333 0.0195
0 0.4125 0.6719 0.0361 0.0148
0 0.6917 0.7859 0.0583 0.0367
0 0.8111 0.618 0.0472 0.025
0 0.7042 0.468 0.0222 0.0125
0 0.8444 0.668 0.0611 0.0164
0 0.5514 0.5523 0.0569 0.0125
0 0.8181 0.0109 0.0236 0.0195
0 0.8694 0.0125 0.05 0.0258
0 0.0097 0.1711 0.0208 0.0172
0 0.7306 0.2539 0.0389 0.0203
0 0.6653 0.3219 0.0292 0.0258
0 0.5778 0.4398 0.0361 0.0359
0 0.4042 0.6477 0.0264 0.0156
0 0.3389 0.5039 0.0306 0.018
0 0.7792 0.6219 0.0236 0.0203
0 0.7847 0.6445 0.0222 0.018
0 0.8486 0.4086 0.0194 0.0156
