0 0.1375 0.1031 0.0444 0.0273
0 0.1583 0.082 0.0375 0.018
0 0.2472 0.0836 0.0403 0.0156
0 0.3417 0.2406 0.0375 0.025
0 0.3639 0.2562 0.0444 0.0273
0 0.3486 0.3125 0.0389 0.0195
0 0.2458 0.4125 0.0625 0.0352
0 0.4 0.4531 0.0542 0.0312
0 0.4042 0.4805 0.0389 0.0281
0 0.4083 0.5312 0.0528 0.0266
0 0.3167 0.5 0.0472 0.0273
0 0.2903 0.5148 0.0278 0.0211
0 0.0097 0.5312 0.0194 0.0305
0 0.1903 0.5 0.0667 0.0352
0 0.15 0.6188 0.05 0.0258
0 0.3083 0.6289 0.0472 0.0219
0 0.3222 0.2508 0.025 0.0086
0 0.3667 0.4266 0.0292 0.0164
0 0.3125 0.4258 0.0417 0.0172
