0 0.7528 0.757 0.05 0.0414
0 0.7917 0.8047 0.0417 0.0203
0 0.6931 0.6148 0.0597 0.0344
0 0.45 0.7055 0.0403 0.0164
0 0.4097 0.7016 0.0389 0.0234
0 0.3444 0.6453 0.0139 0.0125
0 0.5403 0.6969 0.0347 0.0234
0 0.225 0.4867 0.0389 0.0211
0 0.2444 0.5914 0.0333 0.0148
0 0.1486 0.7461 0.0597 0.0305
0 0.8597 0.7164 0.0917 0.0344
0 0.7444 0.4961 0.0444 0.0211
0 0.4542 0.5914 0.0389 0.0258
0 0.5583 0.8148 0.0444 0.0195
0 0.7556 0.1867 0.0542 0.0336
0 0.7875 0.1953 0.0542 0.0328
0 0.5819 0.1828 0.0556 0.0336
0 0.5611 0.1938 0.0403 0.0188
0 0.7028 0.3008 0.0556 0.0406
0 0.5694 0.3031 0.0417 0.0273
0 0.5361 0.2547 0.0514 0.0273
0 0.6431 0.3359 0.0514 0.0219
0 0.5528 0.3969 0.0625 0.0266
0 0.5361 0.4219 0.0458 0.0289
0 0.4444 0.4297 0.0208 0.0156
0 0.8861 0.5609 0.0444 0.0242
0 0.8611 0.5086 0.0528 0.0219
0 0.9069 0.5031 0.0444 0.0188
0 0.8264 0.4117 0.05 0.018
0 0.8153 0.4461 0.0403 0.018
0 0.7153 0.4414 0.0458 0.0281
0 0.6542 0.368 0.0361 0.0125
0 0.6167 0.7875 0.0431 0.025
0 0.5458 0.5836 0.0389 0.0211
0 0.0181 0.4484 0.0375 0.0125
0 0.5722 0.2406 0.0264 0.0188
0 0.6917 0.5438 0.0208 0.0133
0 0.9167 0.5312 0.0278 0.0109
0 0.9528 0.5586 0.0264 0.0164
0 0.2347 0.5141 0.0333 0.0164
0 0.0236 0.5117 0.0472 0.0258
0 0.2 0.5625 0.0264 0.0156
0 0.2083 0.7945 0.0514 0.0312
0 0.3625 0.7906 0.0319 0.025
0 0.5986 0.2469 0.025 0.025
0 0.1306 0.2906 0.0514 0.0281
0 0.1639 0.3055 0.0236 0.0234
