0 0.1708 0.6227 0.0542 0.0258
0 0.2931 0.6602 0.0542 0.0211
0 0.2639 0.7078 0.0639 0.0219
0 0.5764 0.6289 0.0278 0.0148
0 0.6167 0.6141 0.0403 0.018
0 0.6986 0.6359 0.0417 0.0133
0 0.6972 0.5805 0.0431 0.0164
0 0.7764 0.5672 0.0389 0.0242
0 0.7736 0.4445 0.0431 0.0266
0 0.7486 0.4547 0.0444 0.0211
0 0.8375 0.4289 0.0194 0.0117
0 0.8819 0.4312 0.0194 0.0156
0 0.8097 0.4953 0.0194 0.018
0 0.8861 0.5328 0.0306 0.0227
0 0.9361 0.5164 0.0292 0.0156
0 0.9167 0.5531 0.0458 0.0211
0 0.8125 0.5703 0.0236 0.0125
0 0.7847 0.5906 0.0403 0.0219
0 0.7889 0.6117 0.0333 0.0148
0 0.875 0.6188 0.0389 0.0234
0 0.9097 0.6078 0.0486 0.0266
0 0.9042 0.6352 0.0361 0.0211
0 0.2292 0.6828 0.05 0.032
0 0.1972 0.6688 0.0167 0.0117
0 0.1542 0.6766 0.0431 0.0258
0 0.1 0.6562 0.0444 0.0297
0 0.0708 0.6594 0.0347 0.0289
0 0.1097 0.5391 0.0542 0.0266
0 0.0903 0.5539 0.0417 0.0234
0 0.1153 0.5156 0.0194 0.0172
0 0.0861 0.5133 0.0389 0.0266
0 0.0972 0.4734 0.0403 0.0258
0 0.9069 0.4078 0.0208 0.0102
0 0.9708 0.6438 0.0208 0.018
0 0.5708 0.65 0.0444 0.0266
0 0.0431 0.7031 0.0403 0.0211
0 0.0194 0.7688 0.0375 0.0258
0 0.0292 0.6328 0.0403 0.0211
0 0.0264 0.5086 0.0472 0.0172
0 0.0042 0.4828 0.0097 0.0195
0 0.0333 0.4234 0.0361 0.025
0 0.0333 0.4531 0.0292 0.0188
