0 0.7097 0.1992 0.0486 0.0227
0 0.6278 0.2203 0.0375 0.0266
0 0.5917 0.2859 0.0542 0.0266
0 0.6139 0.3273 0.0417 0.0289
0 0.7167 0.3297 0.0417 0.0281
0 0.6889 0.357 0.0389 0.0203
0 0.5542 0.3641 0.0319 0.0258
0 0.5333 0.3305 0.0458 0.0258
0 0.5028 0.3609 0.0431 0.0188
0 0.5347 0.3945 0.05 0.0289
0 0.4903 0.4109 0.0556 0.0266
0 0.6667 0.4156 0.0514 0.0297
0 0.5111 0.4266 0.0306 0.0164
0 0.6708 0.4422 0.0431 0.0266
0 0.5986 0.4695 0.0403 0.0258
0 0.7111 0.4914 0.0403 0.0195
0 0.4861 0.4664 0.0306 0.0219
0 0.4597 0.5 0.0208 0.0258
0 0.4806 0.4938 0.0208 0.0266
0 0.5611 0.5031 0.0431 0.0227
0 0.6014 0.5375 0.0417 0.025
0 0.6125 0.5586 0.0319 0.0203
0 0.6208 0.5812 0.0458 0.025
0 0.7667 0.4547 0.0431 0.025
0 0.7431 0.5219 0.0458 0.0242
0 0.7125 0.632 0.0389 0.0117
0 0.575 0.7445 0.0486 0.0289
0 0.7792 0.7805 0.0319 0.0227
0 0.6653 0.2359 0.0361 0.0211
0 0.6722 0.4992 0.0361 0.0219
0 0.5681 0.4797 0.0361 0.0117
0 0.0333 0.5617 0.0389 0.0211
0 0.0583 0.5125 0.0306 0.0188
0 0.0125 0.5164 0.0236 0.0195
0 0.2819 0.5516 0.0333 0.0117
0 0.3806 0.5719 0.0264 0.0086
0 0.6514 0.6203 0.0361 0.0148
0 0.55 0.7656 0.025 0.0242
0 0.0514 0.7359 0.0375 0.0164
0 0.7958 0.8484 0.0472 0.0305
0 0.6792 0.7422 0.0208 0.0141
0 0.6139 0.6336 0.0236 0.0094
0 0.8 0.6156 0.0347 0.0234
0 0.8153 0.5766 0.025 0.0203
0 0.8833 0.5461 0.0542 0.0219
0 0.8667 0.5844 0.0375 0.0289
