0 0.5556 0.1062 0.0528 0.043
0 0.4083 0.1883 0.0403 0.025
0 0.4278 0.1914 0.0361 0.0242
0 0.6069 0.2156 0.05 0.0297
0 0.6361 0.2492 0.0389 0.0203
0 0.6569 0.2812 0.05 0.0227
0 0.4681 0.3094 0.0389 0.0195
0 0.7569 0.25 0.0389 0.0234
0 0.7264 0.2516 0.0264 0.0211
0 0.6861 0.2469 0.0278 0.0156
0 0.5194 0.2641 0.0333 0.0234
0 0.4903 0.2836 0.0264 0.018
0 0.4472 0.3195 0.0306 0.0164
0 0.2333 0.3203 0.0333 0.0188
0 0.2292 0.3359 0.0417 0.0195
0 0.4389 0.3047 0.0236 0.0133
0 0.4819 0.2609 0.0222 0.0125
0 0.6847 0.4172 0.0319 0.0164
0 0.4139 0.4016 0.0306 0.0234
0 0.8875 0.4758 0.0389 0.0188
0 0.5708 0.5289 0.0389 0.0195
0 0.5 0.5711 0.0597 0.0266
0 0.4472 0.5844 0.0417 0.0391
0 0.5292 0.5938 0.0597 0.0344
0 0.7319 0.6141 0.0556 0.032
0 0.8903 0.493 0.0361 0.0156
0 0.4528 0.2875 0.0278 0.0156
0 0.9694 0.3305 0.0444 0.0164
0 0.575 0.2195 0.025 0.0211
0 0.4708 0.2688 0.0292 0.0117
0 0.6236 0.4008 0.0014 0.0008
0 0.6764 0.3984 0.0292 0.0086
0 0.575 0.5125 0.0431 0.0234
0 0.9861 0.5273 0.0236 0.0266
0 0.9319 0.6969 0.0403 0.0141
0 0.9208 0.7188 0.0333 0.0164
