0 0.1264 0.1359 0.0333 0.0195
0 0.1569 0.1406 0.0278 0.0188
0 0.1931 0.15 0.0264 0.0141
0 0.2111 0.1289 0.0278 0.0172
0 0.2417 0.125 0.0333 0.018
0 0.2431 0.1453 0.0278 0.0148
0 0.2667 0.1508 0.0208 0.0141
0 0.2486 0.1898 0.0278 0.0164
0 0.2806 0.1695 0.0319 0.018
0 0.0736 0.3531 0.0375 0.018
0 0.0042 0.4352 0.0097 0.0172
0 0.1514 0.2836 0.0236 0.0203
0 0.1986 0.2875 0.0236 0.0172
0 0.2236 0.2914 0.0319 0.0195
0 0.2639 0.275 0.0333 0.0219
0 0.2597 0.2883 0.0264 0.0164
0 0.3153 0.3031 0.0319 0.0164
0 0.0292 0.4164 0.0264 0.0195
0 0.0667 0.4453 0.0319 0.0211
0 0.1097 0.4703 0.0375 0.0234
0 0.1444 0.4648 0.0444 0.0219
0 0.1944 0.4516 0.0472 0.0289
0 0.0375 0.5242 0.0333 0.0195
0 0.0681 0.5336 0.0333 0.0148
0 0.1139 0.5531 0.0278 0.0141
0 0.2167 0.5383 0.0403 0.0211
0 0.3944 0.0508 0.0278 0.018
0 0.3958 0.0664 0.0306 0.0164
0 0.4486 0.0703 0.0264 0.0133
0 0.4694 0.1344 0.0292 0.0125
0 0.4111 0.1859 0.0444 0.0297
0 0.3653 0.1961 0.0458 0.0297
0 0.4056 0.2141 0.0444 0.0219
0 0.4833 0.1969 0.0361 0.0266
0 0.3111 0.2484 0.0472 0.0258
0 0.3542 0.2531 0.0458 0.0281
0 0.4125 0.2539 0.0417 0.0258
0 0.4569 0.2594 0.0431 0.0211
0 0.5403 0.0969 0.0347 0.0195
0 0.5542 0.1117 0.0306 0.0164
0 0.5986 0.1211 0.0361 0.0156
0 0.6736 0.1461 0.0292 0.0211
0 0.5708 0.2102 0.0486 0.0336
0 0.925 0.1773 0.0236 0.0141
0 0.8083 0.2359 0.0389 0.0203
0 0.7639 0.2391 0.0375 0.0234
0 0.4 0.2805 0.0389 0.0211
0 0.3778 0.2852 0.0236 0.0172
0 0.4125 0.2945 0.0417 0.0227
0 0.4542 0.3039 0.0306 0.0227
0 0.4917 0.3234 0.0319 0.0195
0 0.3 0.5062 0.0403 0.0234
0 0.3611 0.5062 0.025 0.0148
0 0.3042 0.407 0.0569 0.025
0 0.35 0.4367 0.05 0.0289
0 0.4806 0.4406 0.0333 0.018
0 0.4167 0.475 0.0125 0.0102
0 0.4069 0.5234 0.0444 0.0258
0 0.4819 0.518 0.0458 0.0219
0 0.4306 0.6227 0.0111 0.0141
0 0.4167 0.6062 0.0264 0.0156
0 0.5222 0.6453 0.0236 0.0172
0 0.7667 0.2648 0.0444 0.025
0 0.6986 0.2789 0.05 0.025
0 0.675 0.3227 0.0403 0.025
0 0.6639 0.3406 0.0361 0.0188
0 0.7639 0.3438 0.0403 0.025
0 0.5333 0.5469 0.0375 0.0219
0 0.6556 0.5141 0.0417 0.0219
0 0.6222 0.5359 0.0306 0.0211
0 0.6417 0.5484 0.0403 0.025
0 0.5556 0.5789 0.0375 0.0203
0 0.5403 0.6 0.0208 0.0172
0 0.575 0.4602 0.0181 0.0102
0 0.6639 0.4586 0.0264 0.0133
0 0.5958 0.7242 0.0236 0.0172
0 0.6528 0.7109 0.025 0.0148
0 0.6069 0.7398 0.0306 0.0117
0 0.7764 0.6586 0.0208 0.0086
0 0.7083 0.6242 0.0417 0.0203
0 0.9111 0.607 0.0375 0.0188
0 0.8403 0.5844 0.0333 0.0188
0 0.1931 0.1172 0.025 0.0102
0 0.2667 0.1055 0.0222 0.0102
0 0.3181 0.1484 0.0292 0.018
0 0.3542 0.1492 0.0458 0.0148
0 0.5375 0.0773 0.0375 0.0203
0 0.1764 0.1391 0.0222 0.0094
0 0.7042 0.1492 0.0319 0.0234
0 0.5778 0.1 0.025 0.0156
0 0.4847 0.2906 0.0236 0.0211
0 0.8375 0.3578 0.0417 0.0203
0 0.7903 0.3672 0.0375 0.0172
0 0.9583 0.4133 0.0236 0.0094
0 0.9347 0.518 0.0431 0.0211
0 0.8194 0.5344 0.0222 0.0117
0 0.9097 0.5008 0.0403 0.0227
0 0.9736 0.6062 0.0278 0.0086
0 0.1944 0.5086 0.0347 0.0195
0 0.1153 0.4133 0.0472 0.0188
0 0.0986 0.3891 0.0319 0.0172
0 0.1653 0.382 0.0319 0.0188
0 0.1375 0.4062 0.0306 0.0219
0 0.2292 0.4055 0.0306 0.0141
0 0.2819 0.418 0.025 0.0094
0 0.0236 0.3602 0.0194 0.0156
0 0.0458 0.3633 0.025 0.0109
0 0.0111 0.332 0.0167 0.0078
0 0.1847 0.2711 0.0514 0.0227
0 0.1222 0.5797 0.025 0.0148
0 0.0764 0.6109 0.0194 0.0148
0 0.0472 0.6336 0.0181 0.0094
0 0.6667 0.7195 0.0097 0.0102
0 0.4222 0.118 0.0292 0.0133
0 0.3375 0.2203 0.0389 0.0289
0 0.3222 0.2656 0.0347 0.0141
