0 0.7 0.4273 0.0333 0.0227
0 0.7694 0.4555 0.0472 0.0203
0 0.6972 0.4609 0.0347 0.0242
0 0.6639 0.4867 0.0389 0.0164
0 0.6875 0.4961 0.0208 0.0109
0 0.6319 0.5484 0.0361 0.0156
0 0.7264 0.5648 0.0458 0.0227
0 0.5347 0.5781 0.0208 0.0242
0 0.6083 0.5727 0.0181 0.007
0 0.6097 0.5992 0.0306 0.0227
0 0.6556 0.5969 0.0278 0.0148
0 0.6903 0.5844 0.0194 0.007
0 0.7597 0.6031 0.025 0.0195
0 0.9903 0.6211 0.0139 0.0188
0 0.0097 0.5945 0.0139 0.0359
0 0.0986 0.5906 0.0417 0.0258
0 0.0486 0.693 0.0375 0.025
0 0.0986 0.7484 0.0375 0.0273
0 0.1653 0.7461 0.0431 0.0234
0 0.9722 0.6539 0.0222 0.0156
0 0.7694 0.5312 0.0278 0.0133
