0 0.0764 0.0445 0.0444 0.0312
0 0.1139 0.0695 0.0514 0.0297
0 0.1722 0.0422 0.0472 0.0281
0 0.2667 0.0531 0.0458 0.032
0 0.2625 0.075 0.0514 0.0258
0 0.0958 0.168 0.0514 0.0344
0 0.1958 0.1602 0.0486 0.0273
0 0.4139 0.1195 0.0542 0.032
0 0.3764 0.082 0.0542 0.0352
0 0.3167 0.0805 0.0444 0.0297
0 0.2625 0.1188 0.0319 0.0281
0 0.2569 0.0953 0.0194 0.0164
0 0.1597 0.0688 0.0292 0.0234
0 0.1806 0.1398 0.0486 0.0242
0 0.2528 0.1555 0.0528 0.0328
0 0.2375 0.1758 0.0514 0.0328
0 0.2792 0.1742 0.0292 0.0219
0 0.0361 0.2156 0.0486 0.0297
0 0.0181 0.2469 0.0347 0.0273
0 0.0736 0.2695 0.0597 0.0336
0 0.1167 0.2531 0.0458 0.0242
0 0.1431 0.2672 0.0403 0.0195
0 0.2042 0.3227 0.0389 0.0258
0 0.4222 0.2547 0.0556 0.0305
0 0.4319 0.318 0.0556 0.0273
0 0.0889 0.3078 0.0333 0.025
0 0.2514 0.3367 0.0417 0.0219
0 0.2125 0.3453 0.0458 0.0211
0 0.1083 0.3633 0.0403 0.0234
0 0.1514 0.4008 0.0347 0.0227
0 0.2917 0.4305 0.075 0.0148
0 0.3667 0.3391 0.0361 0.0242
0 0.4875 0.3336 0.0361 0.018
0 0.0236 0.4719 0.0458 0.0219
0 0.3 0.4969 0.0597 0.0312
0 0.3028 0.6312 0.0722 0.0391
0 0.2806 0.7039 0.0792 0.0422
0 0.2361 0.5461 0.0472 0.0273
0 0.075 0.4039 0.0431 0.0219
0 0.4361 0.3859 0.0431 0.018
0 0.5653 0.4422 0.0375 0.0242
0 0.3375 0.2195 0.0514 0.0203
0 0.3431 0.1633 0.0444 0.0203
0 0.3 0.0406 0.0486 0.0281
0 0.1694 0.0109 0.0556 0.0219
0 0.2028 0.0117 0.0333 0.0227
0 0.9347 0.2023 0.0347 0.0336
0 0.7167 0.3273 0.0444 0.0422
0 0.7528 0.3289 0.0403 0.032
0 0.7611 0.375 0.05 0.0289
0 0.6972 0.3586 0.0528 0.0266
0 0.6653 0.3977 0.0417 0.0211
0 0.5458 0.6086 0.0472 0.0242
0 0.5569 0.5805 0.0458 0.0211
0 0.7389 0.5305 0.0375 0.0234
0 0.8167 0.5148 0.0542 0.0352
0 0.7819 0.5297 0.05 0.025
0 0.6694 0.632 0.0403 0.0195
0 0.2597 0.0125 0.0389 0.0219
