0 0.6625 0.1586 0.0597 0.0328
0 0.6236 0.1852 0.0444 0.0273
0 0.7125 0.2023 0.0542 0.0312
0 0.7111 0.243 0.05 0.0281
0 0.6333 0.2852 0.0417 0.0281
0 0.6903 0.3133 0.0583 0.0289
0 0.6514 0.332 0.0542 0.0281
0 0.5125 0.3008 0.0375 0.0273
0 0.4917 0.2594 0.0486 0.0188
0 0.4528 0.2742 0.0444 0.025
0 0.3889 0.3352 0.0278 0.0227
0 0.5847 0.3523 0.0319 0.0156
0 0.4639 0.3711 0.0542 0.0273
0 0.2986 0.3945 0.0444 0.0234
0 0.2014 0.3766 0.0361 0.0195
0 0.4819 0.4086 0.0569 0.0312
0 0.5292 0.4062 0.0361 0.018
0 0.5764 0.375 0.0153 0.0172
0 0.5778 0.4172 0.0181 0.0227
0 0.6722 0.4109 0.0597 0.0266
0 0.7472 0.4312 0.05 0.0289
0 0.7708 0.407 0.0417 0.0156
0 0.8083 0.4047 0.0264 0.018
0 0.9431 0.418 0.0444 0.0234
0 0.9819 0.4203 0.0333 0.0312
0 0.7722 0.4781 0.0431 0.0266
0 0.6931 0.4344 0.0403 0.0234
0 0.6833 0.45 0.0389 0.0148
0 0.6347 0.432 0.0611 0.0203
0 0.5347 0.4836 0.0347 0.0164
0 0.4222 0.4758 0.0431 0.0281
0 0.3736 0.475 0.0333 0.0195
0 0.4014 0.4875 0.0431 0.0234
0 0.3125 0.5266 0.0389 0.025
0 0.3611 0.5234 0.0597 0.0266
0 0.2875 0.5531 0.0458 0.025
0 0.1806 0.5562 0.0431 0.0273
0 0.0986 0.5773 0.0264 0.0203
0 0.2 0.6195 0.0431 0.0258
0 0.2792 0.6039 0.0208 0.0203
0 0.3278 0.55 0.0306 0.0258
0 0.5278 0.5695 0.0319 0.0203
0 0.6278 0.5305 0.0403 0.0289
0 0.6403 0.5789 0.0486 0.025
0 0.6806 0.5836 0.0431 0.0227
0 0.6972 0.607 0.0486 0.0297
0 0.7542 0.575 0.0403 0.0172
0 0.7528 0.5945 0.0458 0.0242
0 0.8486 0.5805 0.0542 0.0227
0 0.8097 0.5867 0.0458 0.0242
0 0.7361 0.6328 0.0472 0.018
0 0.5694 0.6812 0.0417 0.0195
0 0.6222 0.7031 0.0514 0.0344
0 0.9861 0.743 0.0181 0.0156
0 0.7736 0.7211 0.0236 0.0195
0 0.8153 0.7531 0.0583 0.025
0 0.8111 0.7305 0.0222 0.0133
0 0.8917 0.7844 0.0667 0.0289
0 0.7028 0.8219 0.0944 0.0453
0 0.8181 0.8047 0.0569 0.0438
0 0.8778 0.8242 0.0403 0.0266
0 0.2694 0.882 0.0653 0.0422
0 0.1403 0.8289 0.0528 0.0328
0 0.0833 0.7891 0.0361 0.0281
0 0.6542 0.8156 0.0264 0.0375
0 0.525 0.8688 0.0347 0.0281
0 0.7417 0.4727 0.0278 0.018
0 0.7694 0.5164 0.0514 0.0219
0 0.3403 0.7625 0.0306 0.025
0 0.5083 0.7984 0.0264 0.0188
0 0.6181 0.9445 0.0486 0.0266
0 0.725 0.6805 0.0361 0.0281
