0 0.8903 0.1289 0.0583 0.0336
0 0.6333 0.2398 0.0458 0.0273
0 0.6736 0.2273 0.0458 0.0258
0 0.7097 0.2711 0.0403 0.0242
0 0.6806 0.2781 0.0278 0.0109
0 0.8278 0.2555 0.0292 0.025
0 0.3611 0.343 0.0417 0.0234
0 0.5458 0.3023 0.0236 0.0227
0 0.8347 0.1547 0.0472 0.0328
0 0.9042 0.1773 0.0542 0.0328
0 0.8972 0.2156 0.0361 0.0227
0 0.7222 0.2992 0.0444 0.0211
0 0.6708 0.3406 0.0583 0.0273
0 0.6944 0.3195 0.0542 0.0148
0 0.4583 0.357 0.0403 0.0172
0 0.5014 0.3648 0.0333 0.0188
0 0.8514 0.307 0.0528 0.0336
0 0.8986 0.2898 0.0514 0.0289
0 0.6958 0.382 0.0597 0.0336
0 0.6111 0.4445 0.0514 0.0406
0 0.5667 0.4547 0.05 0.0297
0 0.4764 0.5016 0.0403 0.0297
0 0.4417 0.5297 0.0514 0.0312
0 0.4792 0.5234 0.0208 0.0125
0 0.3667 0.5273 0.0514 0.0227
0 0.5292 0.4984 0.0472 0.0227
0 0.8097 0.4141 0.0542 0.0266
0 0.7583 0.4047 0.0458 0.0219
0 0.6111 0.3875 0.0361 0.0242
0 0.7806 0.5141 0.0444 0.032
0 0.7194 0.5023 0.0181 0.0148
0 0.8458 0.3914 0.05 0.0289
0 0.9097 0.3867 0.0514 0.0242
0 0.7875 0.4641 0.0333 0.0242
0 0.8708 0.4391 0.0375 0.0242
0 0.8583 0.4148 0.0486 0.025
0 0.9222 0.4531 0.0347 0.0133
0 0.9806 0.5641 0.0347 0.0273
0 0.3556 0.6023 0.0444 0.0258
0 0.3611 0.5836 0.025 0.0258
0 0.4361 0.5867 0.0361 0.0227
0 0.7847 0.6609 0.0556 0.0258
0 0.8889 0.6859 0.0569 0.0383
0 0.8986 0.5883 0.0431 0.0242
0 0.8444 0.5578 0.0389 0.0172
0 0.8819 0.5633 0.0444 0.0258
0 0.9458 0.5727 0.0444 0.025
0 0.2458 0.7664 0.0819 0.0359
0 0.3139 0.8102 0.0389 0.0336
0 0.4806 0.8727 0.0542 0.0391
0 0.8111 0.8711 0.0472 0.0195
0 0.9514 0.8031 0.0556 0.0305
0 0.7917 0.3273 0.0444 0.0297
0 0.9542 0.3945 0.0333 0.0328
0 0.6181 0.568 0.0278 0.0203
0 0.3403 0.9016 0.0514 0.0297
0 0.9222 0.7047 0.0542 0.0094
0 0.8792 0.2727 0.0611 0.0258
0 0.7722 0.5188 0.0389 0.0211
0 0.6944 0.8266 0.0611 0.0336
0 0.8528 0.6094 0.0389 0.0312
0 0.6833 0.2766 0.0236 0.018
0 0.65 0.3344 0.0417 0.0117
0 0.9806 0.1273 0.0361 0.0281
0 0.5556 0.7203 0.0181 0.0102
0 0.9722 0.7852 0.0472 0.025
