0 0.7875 0.0289 0.0319 0.0148
0 0.9083 0.0422 0.0486 0.0297
0 0.7986 0.0961 0.0417 0.0281
0 0.9097 0.1156 0.0486 0.0273
0 0.9333 0.1234 0.0153 0.0133
0 0.8764 0.1203 0.0278 0.0227
0 0.8556 0.1492 0.0375 0.0188
0 0.9069 0.1664 0.0514 0.0328
0 0.9764 0.1266 0.0444 0.0297
0 0.9736 0.0922 0.0306 0.0219
0 0.9819 0.1633 0.0292 0.0344
0 0.8153 0.2352 0.0472 0.0273
0 0.8056 0.2633 0.0375 0.0266
0 0.9889 0.3 0.0181 0.0117
0 0.8333 0.3117 0.0333 0.0266
0 0.9625 0.3469 0.0431 0.0258
0 0.9875 0.3539 0.0222 0.0266
0 0.9583 0.3836 0.05 0.0258
0 0.8139 0.3344 0.0389 0.0203
0 0.1958 0.4305 0.0319 0.0258
0 0.0806 0.4383 0.0444 0.025
0 0.0583 0.4492 0.0319 0.0211
0 0.1417 0.4227 0.0194 0.0117
0 0.1153 0.493 0.0222 0.025
0 0.7875 0.4102 0.025 0.0062
0 0.8139 0.4297 0.0556 0.0297
0 0.2264 0.5156 0.0333 0.018
0 0.2569 0.5148 0.025 0.0203
0 0.0181 0.5836 0.0333 0.0227
0 0.1014 0.5695 0.0389 0.0219
0 0.125 0.5719 0.0222 0.0102
0 0.1736 0.5336 0.05 0.0242
0 0.2333 0.5305 0.0236 0.0109
0 0.6861 0.4383 0.0486 0.0273
0 0.7458 0.4477 0.05 0.0305
0 0.8014 0.4836 0.0347 0.0281
0 0.9736 0.5422 0.0458 0.0289
0 0.7625 0.4922 0.0375 0.0242
0 0.7653 0.4688 0.05 0.0227
0 0.6694 0.4602 0.0458 0.025
0 0.6542 0.4758 0.0319 0.0172
0 0.7556 0.5242 0.0486 0.0242
0 0.1069 0.5977 0.0375 0.0211
0 0.0361 0.6461 0.0458 0.0227
0 0.1069 0.6156 0.0139 0.0125
0 0.1653 0.6211 0.0417 0.0219
0 0.1958 0.6133 0.0403 0.0305
0 0.2208 0.5539 0.0444 0.0211
0 0.1944 0.6422 0.05 0.0266
0 0.3153 0.6477 0.0403 0.0211
0 0.9403 0.6023 0.0375 0.0195
0 0.9806 0.6 0.0361 0.0219
0 0.6583 0.5453 0.0306 0.0109
0 0.5972 0.5766 0.0403 0.0227
0 0.5903 0.6172 0.0292 0.0172
0 0.6472 0.6133 0.0278 0.0172
0 0.7583 0.6281 0.0403 0.025
0 0.7153 0.6203 0.0153 0.0148
0 0.8792 0.6219 0.0375 0.0203
0 0.8264 0.6219 0.0306 0.0148
0 0.8014 0.6734 0.0278 0.018
0 0.7347 0.6695 0.0139 0.0125
0 0.7347 0.6969 0.0222 0.018
