0 0.0944 0.1062 0.0611 0.0273
0 0.0194 0.1 0.0375 0.0281
0 0.1708 0.0602 0.0625 0.032
0 0.2069 0.0445 0.0583 0.0375
0 0.2597 0.0703 0.0597 0.0352
0 0.4722 0.0531 0.0486 0.0359
0 0.5083 0.007 0.0361 0.0141
0 0.6306 0.0227 0.0444 0.0266
0 0.5847 0.0305 0.0514 0.0328
0 0.55 0.0594 0.0528 0.0273
0 0.6778 0.093 0.0611 0.0336
0 0.8583 0.1102 0.0708 0.0391
0 0.9889 0.1109 0.0194 0.0312
0 0.7708 0.143 0.0472 0.0359
0 0.65 0.1289 0.0569 0.0344
0 0.6 0.1594 0.0611 0.0438
0 0.5347 0.1656 0.0611 0.0391
0 0.4667 0.1391 0.0486 0.0453
0 0.4417 0.0859 0.0611 0.0367
0 0.4347 0.0617 0.0444 0.018
0 0.4819 0.1031 0.0597 0.0203
0 0.3847 0.1906 0.0611 0.0359
0 0.4597 0.2016 0.0486 0.0328
0 0.6139 0.1891 0.0389 0.0273
0 0.7347 0.1859 0.0653 0.0383
0 0.7861 0.1836 0.0417 0.0453
0 0.1042 0.2141 0.0458 0.0273
0 0.0681 0.2227 0.05 0.0336
0 0.0208 0.2211 0.0403 0.0305
0 0.0375 0.2422 0.0319 0.0219
0 0.2597 0.2383 0.0486 0.0266
0 0.3083 0.2508 0.0458 0.025
0 0.4514 0.2672 0.0597 0.0367
0 0.7 0.2656 0.05 0.0281
0 0.6583 0.2766 0.0375 0.0156
0 0.7611 0.2992 0.0431 0.0367
0 0.8111 0.2961 0.0528 0.0375
0 0.6417 0.3297 0.0542 0.0383
0 0.4347 0.3078 0.0444 0.0281
0 0.2514 0.2719 0.0444 0.0289
0 0.2472 0.3047 0.0486 0.0266
0 0.4181 0.343 0.0389 0.0188
0 0.5917 0.3336 0.0528 0.0312
0 0.5625 0.3414 0.0333 0.018
0 0.5944 0.3758 0.0444 0.0227
0 0.7806 0.3523 0.0486 0.0242
0 0.5889 0.2562 0.075 0.0164
0 0.4222 0.3969 0.0486 0.0242
0 0.4236 0.4375 0.0347 0.0234
0 0.5375 0.4016 0.0556 0.025
0 0.7611 0.4609 0.0583 0.0273
0 0.8486 0.4789 0.0472 0.0266
0 0.9667 0.4508 0.0625 0.032
0 0.9639 0.4852 0.0472 0.0234
0 0.9042 0.4883 0.0514 0.0289
0 0.9819 0.4984 0.0319 0.0344
0 0.6917 0.532 0.0528 0.0391
0 0.5764 0.4617 0.0778 0.0391
0 0.6236 0.4859 0.0597 0.0242
0 0.7625 0.4953 0.0556 0.0352
0 0.6903 0.4805 0.0264 0.0211
0 0.7986 0.5094 0.0333 0.0266
0 0.8222 0.5773 0.05 0.0273
0 0.8639 0.5906 0.0417 0.0234
0 0.6139 0.575 0.0403 0.0258
0 0.5042 0.4867 0.0542 0.0266
0 0.3639 0.4828 0.0514 0.0266
0 0.2472 0.5086 0.0264 0.0188
0 0.2889 0.525 0.0458 0.0195
0 0.2708 0.5734 0.0389 0.0227
0 0.1375 0.6242 0.0611 0.0312
0 0.5389 0.6133 0.0486 0.0203
0 0.6528 0.6383 0.0444 0.0281
0 0.7042 0.6195 0.0472 0.032
0 0.7986 0.643 0.0431 0.0297
0 0.9 0.6383 0.0208 0.0281
0 0.9597 0.6406 0.0639 0.0281
0 0.9472 0.6789 0.0556 0.0352
0 0.7681 0.6875 0.0333 0.0266
0 0.6875 0.7453 0.0556 0.0367
0 0.5417 0.7445 0.0681 0.0352
0 0.3319 0.675 0.0431 0.0227
0 0.4931 0.6852 0.0486 0.0258
0 0.8333 0.7422 0.0389 0.018
0 0.9514 0.8641 0.0736 0.0383
0 0.9597 0.8266 0.0722 0.0266
0 0.5764 0.725 0.0361 0.0164
0 0.7681 0.8672 0.0417 0.0227
0 0.5403 0.0961 0.0444 0.0477
0 0.25 0.0383 0.0361 0.0258
0 0.2694 0.2164 0.0472 0.0219
0 0.0431 0.4273 0.0431 0.0156
0 0.05 0.4562 0.0486 0.0258
0 0.0069 0.6148 0.0139 0.0211
0 0.7486 0.6523 0.0306 0.0109
0 0.8347 0.6703 0.0139 0.0195
0 0.5597 0.5422 0.0222 0.0164
0 0.3278 0.2633 0.0264 0.0164
