0 0.4847 0.1859 0.0389 0.0227
0 0.3972 0.2289 0.0389 0.0242
0 0.4986 0.2406 0.0514 0.0273
0 0.4347 0.2922 0.0347 0.0227
0 0.4806 0.3102 0.0361 0.0242
0 0.5069 0.3078 0.0403 0.025
0 0.5583 0.282 0.0319 0.0164
0 0.4931 0.3516 0.0458 0.0258
0 0.5611 0.3172 0.0403 0.0227
0 0.5986 0.3125 0.0375 0.0203
0 0.5833 0.3469 0.0486 0.0242
0 0.6431 0.3609 0.0389 0.0195
0 0.6903 0.3812 0.0458 0.0242
0 0.8111 0.3938 0.0431 0.0219
0 0.6194 0.3977 0.0361 0.0242
0 0.6597 0.4133 0.0375 0.0211
0 0.7181 0.4258 0.0292 0.0219
0 0.6264 0.4148 0.0264 0.0188
0 0.4403 0.4164 0.0361 0.0211
0 0.4319 0.4414 0.0375 0.0234
0 0.4444 0.4852 0.0431 0.025
0 0.65 0.468 0.0292 0.0172
0 0.6042 0.5141 0.0306 0.0242
0 0.6375 0.5188 0.0361 0.0211
0 0.6569 0.5086 0.025 0.0148
0 0.6792 0.5281 0.0292 0.0125
0 0.5986 0.5359 0.0319 0.0211
0 0.5736 0.5516 0.0472 0.0258
0 0.6806 0.5766 0.0403 0.0156
0 0.6944 0.5586 0.025 0.0156
0 0.7806 0.6297 0.0528 0.0297
0 0.9542 0.6656 0.0403 0.0281
0 0.9875 0.6562 0.0208 0.0219
0 0.9222 0.6727 0.0389 0.0203
0 0.8347 0.6875 0.0375 0.032
0 0.4083 0.6008 0.0542 0.0258
0 0.3472 0.6188 0.0458 0.0273
0 0.2889 0.6141 0.0472 0.025
0 0.2681 0.6367 0.0458 0.0227
0 0.2556 0.6492 0.0403 0.025
0 0.4306 0.6547 0.0417 0.0234
0 0.3917 0.6625 0.0389 0.0211
0 0.3833 0.6414 0.0292 0.0117
0 0.3819 0.6961 0.0444 0.0234
0 0.3819 0.7117 0.0333 0.0117
0 0.2736 0.7523 0.0417 0.0258
0 0.3069 0.7188 0.0208 0.0078
0 0.3417 0.7891 0.0264 0.0211
0 0.3917 0.8047 0.0514 0.0266
0 0.5333 0.7953 0.0403 0.0281
0 0.4847 0.7969 0.0222 0.0117
0 0.8097 0.7891 0.0528 0.0242
0 0.6597 0.7641 0.0264 0.0211
0 0.6889 0.7609 0.0333 0.018
0 0.2944 0.8859 0.0347 0.0195
0 0.3361 0.8805 0.0333 0.0219
0 0.3639 0.8625 0.0264 0.0258
0 0.4222 0.8523 0.0403 0.0211
0 0.7917 0.8383 0.0556 0.0312
0 0.8097 0.8117 0.05 0.0203
0 0.8792 0.8742 0.05 0.0336
0 0.825 0.8672 0.0403 0.0172
0 0.9347 0.8992 0.0389 0.0266
0 0.9042 0.8836 0.0319 0.0312
0 0.175 0.9195 0.0417 0.0219
0 0.3542 0.6438 0.0333 0.0195
0 0.2597 0.7953 0.0278 0.0164
0 0.7667 0.7273 0.0361 0.0164
0 0.9875 0.7016 0.0181 0.0242
0 0.7583 0.7102 0.0208 0.0117
0 0.5222 0.6125 0.0319 0.025
0 0.4486 0.5086 0.0333 0.0203
0 0.8681 0.9609 0.0222 0.0273
