0 0.2819 0.5273 0.0417 0.0242
0 0.5583 0.3617 0.0306 0.0266
0 0.6375 0.3664 0.0347 0.0195
0 0.6153 0.4906 0.0361 0.0172
0 0.5583 0.4398 0.0361 0.018
0 0.5514 0.4641 0.0417 0.0195
0 0.5153 0.4258 0.0264 0.0148
0 0.2 0.5453 0.0486 0.0219
0 0.3958 0.6625 0.0347 0.0227
0 0.4264 0.6586 0.0333 0.0227
0 0.4028 0.682 0.0306 0.0164
0 0.3681 0.6539 0.0264 0.0172
0 0.1736 0.5562 0.0347 0.0211
0 0.5222 0.3578 0.0306 0.0156
0 0.6042 0.6266 0.0292 0.0203
0 0.6361 0.625 0.0236 0.0211
0 0.6125 0.3703 0.0319 0.0234
0 0.45 0.5305 0.0153 0.0156
0 0.7653 0.6812 0.0458 0.0289
0 0.2569 0.5898 0.0167 0.0133
0 0.2139 0.5648 0.0389 0.0156
0 0.0361 0.5898 0.0333 0.0156
0 0.0875 0.5852 0.0208 0.0086
0 0.4194 0.5664 0.0264 0.0148
