0 0.5958 0.0148 0.05 0.0266
0 0.5528 0.0234 0.0556 0.0359
0 0.5208 0.0469 0.0528 0.0344
0 0.5375 0.1023 0.0514 0.0344
0 0.6556 0.0945 0.025 0.0227
0 0.6 0.1039 0.05 0.0234
0 0.4972 0.1141 0.025 0.0219
0 0.4681 0.1242 0.025 0.0156
0 0.5819 0.1484 0.0375 0.0305
0 0.6444 0.15 0.0597 0.0312
0 0.6236 0.1664 0.0236 0.0352
0 0.5625 0.1711 0.0361 0.025
0 0.5236 0.1992 0.0417 0.0258
0 0.8278 0.2336 0.0556 0.0273
0 0.8889 0.2492 0.0472 0.0273
0 0.7194 0.2289 0.0292 0.0188
0 0.3778 0.2398 0.0292 0.0117
0 0.4722 0.275 0.0319 0.0188
0 0.5361 0.2711 0.0306 0.0195
0 0.5306 0.2898 0.0389 0.0219
0 0.5472 0.3469 0.0417 0.0203
0 0.15 0.4172 0.05 0.0141
0 0.1681 0.4367 0.0472 0.0258
0 0.3431 0.4055 0.0236 0.0094
0 0.6931 0.5117 0.0625 0.0297
0 0.3194 0.4797 0.0458 0.025
0 0.4542 0.5258 0.0528 0.0297
0 0.6167 0.5422 0.0417 0.0258
0 0.5 0.5609 0.0625 0.0305
0 0.3681 0.5836 0.0472 0.0227
0 0.4694 0.6008 0.0625 0.0336
0 0.5125 0.5859 0.0389 0.0273
0 0.8194 0.7516 0.0458 0.0188
0 0.8278 0.768 0.0403 0.0211
0 0.7125 0.4188 0.0333 0.0172
0 0.5958 0.1578 0.0292 0.0312
0 0.1292 0.4609 0.0222 0.0156
0 0.0861 0.4648 0.0278 0.018
0 0.0542 0.4828 0.0194 0.0148
0 0.1028 0.632 0.0431 0.0172
0 0.2208 0.5352 0.0403 0.0242
0 0.1931 0.6914 0.0417 0.0195
0 0.05 0.6867 0.0139 0.0109
0 0.4083 0.6461 0.0361 0.0172
0 0.6319 0.6453 0.0292 0.0117
0 0.775 0.5469 0.0458 0.0234
0 0.8208 0.5883 0.0333 0.0148
0 0.6403 0.4977 0.0542 0.0289
0 0.5264 0.1641 0.0583 0.0273
0 0.9903 0.8172 0.0153 0.0305
