0 0.5375 0.4164 0.025 0.0172
0 0.5667 0.4141 0.0361 0.0188
0 0.5111 0.4703 0.0514 0.0266
0 0.4819 0.4859 0.0403 0.0164
0 0.5181 0.5492 0.0194 0.0125
0 0.6 0.5375 0.0444 0.0273
0 0.6278 0.5242 0.0458 0.0242
0 0.6722 0.6016 0.0542 0.0266
0 0.5306 0.6094 0.0611 0.0242
0 0.5903 0.6312 0.0528 0.025
0 0.2347 0.7 0.0444 0.0297
0 0.2944 0.7156 0.0444 0.0266
0 0.4625 0.6562 0.0417 0.018
0 0.5486 0.6734 0.025 0.0141
0 0.525 0.7328 0.0347 0.025
0 0.6514 0.6508 0.0444 0.0227
0 0.7333 0.6602 0.0444 0.0336
0 0.7639 0.6844 0.05 0.0219
0 0.7833 0.6406 0.0486 0.018
0 0.5514 0.4383 0.025 0.0195
0 0.6056 0.4578 0.0375 0.025
0 0.1333 0.5664 0.0389 0.025
0 0.1236 0.5188 0.0319 0.0234
0 0.0889 0.2328 0.0611 0.0336
0 0.5486 0.4906 0.0389 0.018
0 0.6042 0.4984 0.0417 0.0258
0 0.0861 0.5227 0.0528 0.0328
0 0.0778 0.7367 0.0458 0.0312
0 0.4778 0.7305 0.0208 0.0203
0 0.0486 0.2141 0.0333 0.0211
0 0.1222 0.5484 0.0278 0.0148
0 0.0125 0.5547 0.0236 0.0227
0 0.0569 0.5633 0.0264 0.0164
0 0.0694 0.7 0.0514 0.0281
0 0.0264 0.7031 0.0333 0.0289
0 0.0069 0.6594 0.0153 0.0188
