0 0.7111 0.0977 0.0514 0.0242
0 0.8056 0.1352 0.0569 0.0242
0 0.6597 0.1109 0.025 0.0219
0 0.7208 0.1344 0.05 0.0297
0 0.6722 0.1945 0.0569 0.0352
0 0.6056 0.2812 0.0375 0.032
0 0.5736 0.3188 0.0458 0.0312
0 0.6042 0.3164 0.0306 0.0328
0 0.9667 0.425 0.0556 0.0336
0 0.925 0.4977 0.0681 0.0344
0 0.8944 0.5219 0.0597 0.0203
0 0.6944 0.4672 0.0597 0.025
0 0.6875 0.5109 0.0542 0.0258
0 0.7347 0.4805 0.05 0.0266
0 0.7292 0.532 0.0528 0.0188
0 0.6819 0.593 0.0667 0.0359
0 0.7694 0.5461 0.0361 0.0281
0 0.8556 0.6055 0.0514 0.0383
0 0.9069 0.6242 0.0556 0.0305
0 0.9597 0.6438 0.0542 0.0281
0 0.9111 0.668 0.0569 0.0273
0 0.9611 0.6922 0.0417 0.0156
0 0.8792 0.6906 0.0361 0.0227
0 0.5417 0.6289 0.0569 0.0359
0 0.6292 0.4922 0.05 0.0352
0 0.6889 0.4289 0.0306 0.0258
0 0.8139 0.2633 0.0222 0.0219
0 0.5528 0.3242 0.0306 0.0289
0 0.6486 0.4688 0.0333 0.0234
0 0.0514 0.2633 0.0667 0.0312
0 0.0111 0.3031 0.0194 0.0195
0 0.0694 0.2898 0.0153 0.0219
0 0.0292 0.4617 0.0597 0.0234
0 0.1194 0.4578 0.0528 0.0297
0 0.1458 0.5102 0.0389 0.0148
0 0.3569 0.7773 0.05 0.0242
0 0.4861 0.7383 0.0375 0.0305
0 0.9903 0.6953 0.0153 0.0242
0 0.9153 0.7922 0.0458 0.025
0 0.95 0.8109 0.0431 0.0258
0 0.6764 0.6547 0.0194 0.0141
0 0.7486 0.6508 0.0292 0.0125
0 0.9319 0.5742 0.0236 0.0141
0 0.8347 0.5617 0.0264 0.0109
0 0.7972 0.2375 0.0194 0.0109
