0 0.7833 0.1125 0.0472 0.0359
0 0.7389 0.6039 0.0583 0.0375
0 0.4333 0.3242 0.0361 0.0203
0 0.7014 0.5828 0.0611 0.0305
0 0.7222 0.2688 0.0361 0.0211
0 0.8556 0.2547 0.0458 0.0234
0 0.6694 0.3148 0.0417 0.0195
0 0.8653 0.2875 0.0431 0.0195
0 0.9778 0.2562 0.0361 0.0227
0 0.775 0.5219 0.0389 0.0242
0 0.6431 0.5961 0.0403 0.0336
0 0.4278 0.3414 0.0431 0.0148
0 0.6458 0.3258 0.0264 0.0172
0 0.6542 0.1938 0.0236 0.0242
0 0.6264 0.193 0.0333 0.0266
0 0.6972 0.2922 0.0319 0.0156
0 0.9347 0.6344 0.0528 0.0281
0 0.9014 0.2516 0.0319 0.0156
0 0.6764 0.2742 0.0306 0.0125
0 0.7861 0.2242 0.025 0.0195
0 0.8194 0.2203 0.0556 0.0305
0 0.9472 0.257 0.0278 0.0211
0 0.6431 0.3102 0.0208 0.0109
0 0.6889 0.2633 0.0167 0.0094
0 0.1278 0.2977 0.0222 0.0133
0 0.6083 0.4086 0.0333 0.0203
0 0.875 0.4273 0.0333 0.0172
0 0.8708 0.4086 0.0417 0.0102
0 0.6611 0.2922 0.0458 0.0195
