0 0.4556 0.1609 0.0389 0.0289
0 0.3542 0.2133 0.0403 0.018
0 0.3736 0.1758 0.025 0.0133
0 0.5917 0.2227 0.0417 0.018
0 0.5514 0.2523 0.0333 0.0203
0 0.4583 0.2461 0.0458 0.0219
0 0.425 0.2742 0.0306 0.0234
0 0.6417 0.2711 0.0444 0.0211
0 0.6167 0.307 0.0444 0.0195
0 0.1597 0.3789 0.0444 0.0258
0 0.8111 0.2625 0.0306 0.0117
0 0.5917 0.5102 0.0264 0.0156
0 0.6153 0.4938 0.0319 0.0164
0 0.6194 0.5094 0.025 0.0156
0 0.6542 0.5688 0.0319 0.0203
0 0.4028 0.6086 0.0292 0.0227
0 0.9333 0.5961 0.0417 0.0234
0 0.6931 0.5617 0.0306 0.018
0 0.8306 0.3539 0.025 0.0234
0 0.5111 0.2469 0.0431 0.025
0 0.5458 0.3633 0.0278 0.0094
0 0.5431 0.2102 0.0431 0.0219
0 0.4569 0.2836 0.0417 0.0258
0 0.5389 0.3086 0.0361 0.0141
0 0.5792 0.2867 0.0333 0.0172
0 0.8597 0.3609 0.0319 0.0234
0 0.4597 0.3828 0.0264 0.0109
0 0.6514 0.4031 0.0208 0.0125
0 0.4569 0.5766 0.0194 0.0133
0 0.4625 0.5586 0.0347 0.0195
0 0.5222 0.5602 0.0306 0.0172
0 0.5042 0.5406 0.0333 0.0211
0 0.5514 0.5156 0.0181 0.0164
0 0.1431 0.4406 0.0347 0.0164
0 0.95 0.5445 0.0347 0.0133
0 0.8056 0.557 0.0208 0.0125
0 0.3444 0.3938 0.0181 0.0148
