0 0.2514 0.0977 0.0528 0.0289
0 0.2736 0.0766 0.0458 0.0227
0 0.4458 0.2359 0.0514 0.0273
0 0.4653 0.2602 0.0486 0.0242
0 0.4417 0.3109 0.0458 0.0203
0 0.3542 0.4109 0.0653 0.0406
0 0.3014 0.4906 0.0458 0.0312
0 0.2708 0.4945 0.0389 0.0289
0 0.0944 0.518 0.0514 0.032
0 0.0736 0.5633 0.0556 0.0297
0 0.0667 0.593 0.0542 0.0305
0 0.2431 0.6062 0.0486 0.0289
0 0.3514 0.3273 0.0375 0.0164
0 0.4181 0.4188 0.0389 0.0242
0 0.4639 0.425 0.0375 0.025
0 0.5167 0.4438 0.0542 0.0305
0 0.4931 0.4734 0.0431 0.0266
0 0.4167 0.4945 0.0514 0.0281
0 0.3903 0.5078 0.0389 0.0188
0 0.4972 0.5273 0.0528 0.0289
0 0.3944 0.6219 0.0486 0.0242
0 0.0153 0.4211 0.0306 0.0328
0 0.3681 0.0812 0.0306 0.0133
