0 0.3736 0.1766 0.0361 0.0266
0 0.8194 0.2961 0.0444 0.0234
0 0.7472 0.3148 0.0333 0.0219
0 0.2625 0.3516 0.0403 0.0227
0 0.2069 0.4133 0.0389 0.0227
0 0.5819 0.5859 0.0347 0.0203
0 0.9458 0.5883 0.0389 0.0172
0 0.6264 0.593 0.0236 0.0133
0 0.4347 0.507 0.0153 0.0156
0 0.4597 0.4227 0.0306 0.0164
0 0.3667 0.5594 0.0292 0.0164
0 0.5375 0.0055 0.0375 0.0117
0 0.4556 0.0289 0.0125 0.0109
0 0.3847 0.2023 0.0236 0.0133
0 0.3819 0.057 0.0125 0.0125
0 0.8597 0.3516 0.0347 0.0258
0 0.0056 0.4008 0.0125 0.0117
0 0.9597 0.4516 0.0514 0.0242
0 0.6806 0.6062 0.0222 0.0141
0 0.7611 0.5852 0.0389 0.0305
0 0.825 0.5258 0.0389 0.0141
0 0.7625 0.5633 0.0347 0.0141
0 0.9736 0.1633 0.0194 0.0141
0 0.9222 0.1875 0.0181 0.0188
