0 0.0875 0.1281 0.0222 0.0188
0 0.0097 0.2086 0.0181 0.0195
0 0.0278 0.2203 0.0208 0.0156
0 0.0389 0.2047 0.0306 0.018
0 0.1042 0.1914 0.0417 0.0281
0 0.0958 0.2625 0.0375 0.0219
0 0.1222 0.2719 0.0417 0.0227
0 0.1583 0.4445 0.0417 0.0227
0 0.1778 0.6156 0.0389 0.0242
0 0.1375 0.6633 0.0736 0.0375
0 0.0694 0.7133 0.0667 0.032
0 0.1 0.7484 0.0486 0.0391
0 0.0306 0.7797 0.0403 0.0188
0 0.0861 0.782 0.0444 0.0219
0 0.2153 0.8297 0.0333 0.0188
0 0.3444 0.8672 0.0514 0.0359
0 0.3708 0.7109 0.05 0.0289
0 0.2222 0.7336 0.0375 0.0133
0 0.2486 0.7445 0.025 0.0172
0 0.2861 0.7688 0.0292 0.0164
0 0.3111 0.7703 0.0306 0.0188
0 0.3458 0.6023 0.0347 0.0133
0 0.4528 0.6023 0.0236 0.0141
0 0.4278 0.6531 0.0194 0.0094
0 0.5333 0.757 0.0556 0.0305
0 0.1917 0.1461 0.0319 0.018
0 0.2056 0.0469 0.0431 0.0242
0 0.2389 0.0352 0.0417 0.0281
0 0.2556 0.1141 0.0417 0.0258
0 0.2708 0.1414 0.0431 0.0289
0 0.3222 0.1445 0.0444 0.025
0 0.3167 0.0523 0.0361 0.025
0 0.3583 0.0539 0.0417 0.0234
0 0.3944 0.0633 0.0458 0.0297
0 0.2986 0.0797 0.0514 0.0312
0 0.3375 0.1055 0.0361 0.0148
0 0.1861 0.1641 0.0389 0.018
0 0.25 0.1984 0.0375 0.0195
0 0.2333 0.2906 0.0375 0.0141
0 0.2694 0.2617 0.0472 0.0242
0 0.2833 0.2992 0.0333 0.0211
0 0.3375 0.3273 0.0389 0.0242
0 0.2319 0.4414 0.0472 0.0211
0 0.2361 0.4555 0.0444 0.0172
0 0.8153 0.8414 0.0542 0.0391
0 0.8903 0.8469 0.0625 0.0398
0 0.8139 0.8047 0.0667 0.0328
0 0.8764 0.6672 0.0306 0.0227
0 0.875 0.718 0.0625 0.0352
0 0.9528 0.7492 0.0625 0.0344
0 0.9278 0.7719 0.0458 0.0234
0 0.9875 0.7703 0.0208 0.0273
0 0.9431 0.7914 0.0472 0.0281
0 0.7222 0.5852 0.0431 0.0109
0 0.6097 0.6328 0.0292 0.0195
0 0.5681 0.5461 0.0181 0.0125
0 0.6861 0.5234 0.0194 0.0094
0 0.4 0.2219 0.0458 0.0227
0 0.3764 0.2828 0.0444 0.025
0 0.4278 0.2961 0.0417 0.0227
0 0.4708 0.293 0.0514 0.0312
0 0.5097 0.0391 0.0458 0.0188
0 0.5111 0.0617 0.0417 0.0219
0 0.4694 0.1672 0.05 0.0281
0 0.5125 0.2336 0.0514 0.0336
0 0.5708 0.2391 0.0597 0.0242
0 0.6792 0.2875 0.0667 0.0344
0 0.7444 0.2359 0.0681 0.0391
0 0.7083 0.2984 0.0528 0.0297
0 0.7569 0.2922 0.0514 0.0258
0 0.7611 0.3086 0.0389 0.0109
0 0.8972 0.5258 0.0361 0.0156
0 0.5972 0.0797 0.0569 0.0352
0 0.6236 0.0727 0.0319 0.0289
0 0.6319 0.1602 0.0639 0.0375
0 0.7667 0.143 0.0486 0.0336
0 0.8111 0.1539 0.0625 0.0398
0 0.8375 0.0914 0.0583 0.0375
0 0.975 0.0109 0.0389 0.018
0 0.9597 0.0438 0.0472 0.025
0 0.9903 0.0516 0.0139 0.025
0 0.9708 0.0664 0.0389 0.0227
0 0.9847 0.0984 0.025 0.0164
0 0.9569 0.143 0.0347 0.0172
0 0.9875 0.1805 0.0194 0.007
0 0.9347 0.2695 0.0278 0.0172
0 0.8903 0.1703 0.0264 0.018
0 0.4347 0.0812 0.0417 0.0227
0 0.8653 0.3469 0.025 0.0117
0 0.8944 0.4953 0.0236 0.0141
0 0.0667 0.2164 0.0514 0.0156
0 0.05 0.3141 0.0319 0.0141
0 0.0639 0.2742 0.0264 0.0117
0 0.8736 0.207 0.0236 0.0125
0 0.875 0.0367 0.0264 0.018
0 0.7625 0.0203 0.0486 0.0258
0 0.0944 0.5633 0.0292 0.0188
