0 0.925 0.2953 0.0403 0.0219
0 0.875 0.2953 0.0542 0.0234
0 0.9722 0.3367 0.0444 0.0281
0 0.9375 0.3969 0.0306 0.0195
0 0.9778 0.4141 0.0389 0.0234
0 0.1417 0.3016 0.0611 0.0289
0 0.0153 0.2859 0.0264 0.0195
0 0.1708 0.4148 0.0403 0.0164
0 0.2917 0.425 0.0236 0.018
0 0.3764 0.45 0.0403 0.0203
0 0.425 0.4516 0.0278 0.0094
0 0.4694 0.4336 0.0403 0.0203
0 0.7319 0.4195 0.0333 0.0141
0 0.8833 0.432 0.0264 0.0234
0 0.8931 0.4805 0.0431 0.0211
0 0.9528 0.7133 0.0708 0.0336
0 0.9444 0.7406 0.0722 0.0469
0 0.9833 0.75 0.0306 0.0391
0 0.2042 0.4188 0.0361 0.0172
0 0.525 0.432 0.0306 0.018
