0 0.0417 0.0586 0.0292 0.0172
0 0.1069 0.0586 0.0486 0.0227
0 0.1153 0.0758 0.0278 0.0094
0 0.1208 0.0953 0.0458 0.0289
0 0.0903 0.093 0.0139 0.0195
0 0.0764 0.1062 0.0361 0.0203
0 0.1028 0.1242 0.025 0.0164
0 0.0375 0.143 0.0319 0.0148
0 0.0764 0.1594 0.0278 0.0133
0 0.0194 0.1805 0.0333 0.0125
0 0.0528 0.1969 0.0222 0.0164
0 0.1153 0.193 0.0333 0.0156
0 0.0903 0.2172 0.0306 0.0141
0 0.2639 0.2016 0.0472 0.0297
0 0.1778 0.0617 0.0306 0.0203
0 0.1958 0.075 0.025 0.0164
0 0.1944 0.1297 0.0431 0.0211
0 0.2403 0.0953 0.0375 0.0281
0 0.2625 0.107 0.0347 0.0203
0 0.2792 0.1266 0.0417 0.0273
0 0.2611 0.0812 0.0292 0.0242
0 0.0958 0.3719 0.0528 0.0312
0 0.1236 0.3445 0.0486 0.0297
0 0.1569 0.3383 0.0236 0.0172
0 0.0792 0.393 0.0375 0.0133
0 0.2 0.3992 0.0389 0.0234
0 0.2306 0.3867 0.0389 0.0227
0 0.0069 0.5234 0.0139 0.0172
0 0.0792 0.5344 0.0528 0.0227
0 0.2944 0.6055 0.0278 0.0156
0 0.3319 0.6352 0.0292 0.0172
0 0.4319 0.6117 0.025 0.0117
0 0.4972 0.6836 0.0167 0.0133
0 0.2222 0.3055 0.0472 0.0273
0 0.3097 0.3602 0.0431 0.0133
0 0.2806 0.2578 0.0458 0.0258
0 0.3847 0.3227 0.0486 0.0266
0 0.4181 0.3375 0.0278 0.0133
0 0.4319 0.3641 0.0236 0.0156
0 0.4778 0.593 0.0403 0.0195
0 0.475 0.5688 0.0306 0.0203
0 0.4708 0.5148 0.0208 0.0164
0 0.4972 0.5227 0.0528 0.0234
0 0.5472 0.5867 0.05 0.0273
0 0.5083 0.6086 0.0306 0.0125
0 0.5542 0.6242 0.0389 0.0125
0 0.5611 0.6406 0.0389 0.0156
0 0.6472 0.5836 0.0514 0.0266
0 0.7361 0.5562 0.0486 0.0273
0 0.7194 0.5969 0.0194 0.0125
0 0.7347 0.643 0.0208 0.0133
0 0.3847 0.2188 0.0208 0.0148
0 0.4181 0.2297 0.0319 0.0195
0 0.4375 0.2555 0.0306 0.0156
0 0.4403 0.2727 0.0222 0.0086
0 0.4694 0.2242 0.0333 0.0219
0 0.4972 0.2516 0.0319 0.0203
0 0.5056 0.2258 0.0278 0.0203
0 0.5319 0.2398 0.0208 0.0156
0 0.5278 0.1867 0.0222 0.0141
0 0.6194 0.2383 0.0333 0.0172
0 0.6444 0.2508 0.0264 0.0172
0 0.5556 0.3078 0.0292 0.0164
0 0.5097 0.3773 0.0292 0.0148
0 0.5444 0.3578 0.0181 0.0133
0 0.5806 0.3664 0.0222 0.0156
0 0.5361 0.4195 0.0236 0.0125
0 0.8208 0.6141 0.0472 0.025
0 0.8069 0.6438 0.0556 0.032
0 0.8444 0.7039 0.0569 0.025
0 0.9153 0.657 0.0208 0.0172
0 0.8792 0.5734 0.0653 0.0336
0 0.9375 0.5484 0.0403 0.0219
0 0.7597 0.4859 0.0417 0.0188
0 0.825 0.4938 0.0444 0.0219
0 0.8986 0.4891 0.0264 0.0125
0 0.9861 0.4664 0.0236 0.0273
0 0.9917 0.493 0.0111 0.0219
0 0.6347 0.1625 0.0431 0.0188
0 0.6625 0.1891 0.0208 0.0195
0 0.7264 0.2328 0.0319 0.0148
0 0.7292 0.1453 0.0417 0.0258
0 0.7444 0.1828 0.0208 0.0242
0 0.775 0.2039 0.0319 0.0211
0 0.8028 0.2391 0.0319 0.0188
0 0.8014 0.2141 0.0264 0.0156
0 0.8403 0.1852 0.0417 0.0258
0 0.8264 0.2023 0.0319 0.0172
0 0.8458 0.2211 0.0361 0.0164
0 0.8639 0.1945 0.0278 0.018
0 0.9028 0.2109 0.0319 0.0195
0 0.9264 0.1875 0.0361 0.0188
0 0.9736 0.1641 0.0319 0.0242
0 0.9917 0.1789 0.0111 0.0203
0 0.9125 0.3078 0.0208 0.0125
0 0.9333 0.3195 0.0208 0.0102
0 0.9514 0.35 0.0278 0.0086
0 0.9944 0.282 0.0083 0.0164
0 0.6375 0.3969 0.0181 0.0148
0 0.6542 0.4078 0.0194 0.0117
0 0.6486 0.4242 0.0264 0.0148
0 0.6806 0.425 0.0292 0.0188
0 0.7083 0.4164 0.0236 0.0141
0 0.6375 0.4641 0.025 0.0109
0 0.7194 0.443 0.025 0.0133
0 0.8889 0.4219 0.0236 0.0156
0 0.7917 0.4375 0.0222 0.0117
0 0.7319 0.393 0.025 0.0133
0 0.7347 0.382 0.0264 0.0109
0 0.9014 0.3531 0.0333 0.0148
0 0.9681 0.1852 0.0347 0.0164
0 0.7736 0.5969 0.0208 0.0109
0 0.5181 0.5586 0.0278 0.0164
