0 0.8528 0.6602 0.0389 0.0141
0 0.9847 0.5375 0.0222 0.018
0 0.9903 0.5008 0.0167 0.0125
0 0.9306 0.4383 0.0292 0.0172
0 0.4556 0.4898 0.0389 0.018
0 0.4056 0.4523 0.0083 0.0102
0 0.3667 0.4578 0.0153 0.0086
0 0.9875 0.3609 0.0222 0.025
0 0.5514 0.4375 0.0167 0.0055
0 0.5597 0.4984 0.0125 0.0125
0 0.025 0.4281 0.0347 0.0141
0 0.0194 0.3859 0.0403 0.0211
0 0.0278 0.3688 0.0222 0.0172
0 0.0125 0.3539 0.0236 0.0273
0 0.0125 0.2562 0.0236 0.0234
0 0.9917 0.2367 0.0139 0.0258
0 0.5139 0.2727 0.0306 0.0211
0 0.4778 0.2633 0.0319 0.0242
0 0.4597 0.1953 0.0264 0.018
0 0.2792 0.1742 0.0375 0.0188
0 0.3 0.1281 0.0514 0.0289
0 0.2917 0.1422 0.0278 0.0164
0 0.2514 0.1453 0.0472 0.0242
0 0.2556 0.1172 0.0278 0.0172
0 0.05 0.6484 0.0306 0.0133
0 0.0194 0.6617 0.0375 0.0117
0 0.2014 0.707 0.0236 0.018
0 0.0556 0.7383 0.0431 0.0289
0 0.1028 0.7281 0.0181 0.0102
0 0.9931 0.5906 0.0111 0.0156
