0 0.4736 0.0078 0.0417 0.0164
0 0.5306 0.0234 0.0556 0.032
0 0.4931 0.0312 0.0569 0.0406
0 0.4708 0.0578 0.0403 0.0305
0 0.4819 0.1125 0.0583 0.0344
0 0.5417 0.1164 0.0486 0.0266
0 0.5944 0.1023 0.0403 0.0289
0 0.4472 0.1203 0.0319 0.0141
0 0.5944 0.1578 0.0556 0.0289
0 0.5347 0.1578 0.0389 0.0336
0 0.5736 0.1742 0.0264 0.0359
0 0.5208 0.1773 0.0444 0.0258
0 0.4778 0.1742 0.0556 0.025
0 0.4764 0.2055 0.0417 0.0227
0 0.7708 0.2414 0.0597 0.0281
0 0.8319 0.2578 0.0458 0.0234
0 0.4986 0.2781 0.025 0.0195
0 0.4917 0.2953 0.0458 0.0273
0 0.4347 0.2867 0.0361 0.0234
0 0.3347 0.2438 0.0306 0.0078
0 0.5014 0.3539 0.0431 0.025
0 0.3028 0.4117 0.0306 0.0148
0 0.1097 0.4203 0.0528 0.0234
0 0.1278 0.4414 0.0569 0.0312
0 0.275 0.4852 0.0431 0.0234
0 0.4028 0.5281 0.0556 0.032
0 0.6347 0.5148 0.0597 0.0266
0 0.5903 0.5086 0.0458 0.0156
0 0.5597 0.5445 0.0431 0.0242
0 0.4556 0.5625 0.0444 0.032
0 0.4653 0.5844 0.05 0.025
0 0.4153 0.5992 0.0556 0.0352
0 0.3236 0.5906 0.0417 0.0203
0 0.7306 0.5523 0.0389 0.0188
0 0.7722 0.5852 0.0361 0.0164
0 0.6569 0.4141 0.0403 0.032
0 0.0806 0.4656 0.0347 0.0203
0 0.7806 0.5023 0.0444 0.0156
0 0.1875 0.5414 0.0486 0.0172
0 0.0486 0.5789 0.0417 0.0164
0 0.0667 0.6281 0.0458 0.0211
0 0.0125 0.6859 0.0208 0.0156
0 0.1583 0.6914 0.0431 0.0219
0 0.3625 0.6461 0.0361 0.018
0 0.7708 0.7633 0.0542 0.0406
0 0.95 0.8203 0.0556 0.0336
