0 0.7194 0.1945 0.0431 0.0312
0 0.7444 0.1961 0.0264 0.0234
0 0.5111 0.3266 0.0306 0.018
0 0.5056 0.343 0.0403 0.0172
0 0.8056 0.2703 0.0347 0.0227
0 0.7722 0.2656 0.0222 0.0125
0 0.7792 0.2922 0.0319 0.0211
0 0.7528 0.3164 0.0361 0.0227
0 0.7278 0.3273 0.0319 0.0172
0 0.1958 0.2977 0.0278 0.0211
0 0.7264 0.3086 0.0278 0.0172
0 0.9472 0.2555 0.0417 0.0234
0 0.9583 0.2867 0.0486 0.0195
0 0.9111 0.2211 0.0514 0.0289
0 0.8778 0.2242 0.0236 0.0234
0 0.8778 0.1109 0.0556 0.0398
0 0.6889 0.4109 0.0458 0.0227
0 0.8569 0.5281 0.0444 0.0234
0 0.8444 0.5438 0.0486 0.0289
0 0.7903 0.5898 0.0569 0.0328
0 0.7431 0.6 0.0569 0.0312
0 0.8236 0.6109 0.0625 0.0289
0 0.9542 0.4305 0.0361 0.0164
0 0.9361 0.4141 0.0222 0.0156
0 0.9597 0.4117 0.0222 0.007
0 0.9889 0.2555 0.0194 0.0133
0 0.7444 0.2906 0.0278 0.0133
0 0.7431 0.2844 0.0264 0.0008
0 0.9847 0.2461 0.0153 0.0148
0 0.7542 0.2766 0.0278 0.0094
