0 0.5167 0.0633 0.0472 0.0195
0 0.5472 0.1234 0.05 0.0305
0 0.5056 0.2312 0.0472 0.025
0 0.4653 0.2477 0.0403 0.0172
0 0.5069 0.2547 0.0417 0.0203
0 0.4708 0.275 0.05 0.0297
0 0.7194 0.2781 0.0389 0.0273
0 0.4958 0.3 0.0431 0.0117
0 0.5083 0.325 0.05 0.0312
0 0.4667 0.3383 0.0347 0.0234
0 0.4139 0.3469 0.0333 0.0258
0 0.6319 0.3367 0.0347 0.0188
0 0.6194 0.357 0.0292 0.0203
0 0.6486 0.357 0.0375 0.0219
0 0.7167 0.4047 0.0139 0.0195
0 0.6736 0.4289 0.0472 0.0273
0 0.5833 0.4219 0.0417 0.0203
0 0.4653 0.45 0.0486 0.0281
0 0.4222 0.4742 0.0431 0.025
0 0.6556 0.4789 0.0431 0.0219
0 0.6153 0.5312 0.05 0.0281
0 0.6708 0.5352 0.0444 0.0227
0 0.5972 0.5523 0.0375 0.0102
0 0.3181 0.5812 0.0375 0.0219
0 0.2792 0.5758 0.0361 0.0273
0 0.3708 0.6727 0.0444 0.0242
0 0.225 0.7102 0.05 0.0305
0 0.2597 0.7391 0.0542 0.0297
0 0.3264 0.7453 0.0347 0.0203
0 0.2986 0.75 0.0333 0.0148
0 0.3847 0.3219 0.0333 0.007
0 0.4278 0.3203 0.0222 0.0078
0 0.4708 0.3078 0.0361 0.0094
0 0.5125 0.2711 0.0375 0.0281
0 0.6319 0.2305 0.0361 0.0234
0 0.6028 0.2008 0.0264 0.0133
0 0.2708 0.4117 0.0333 0.0258
0 0.4083 0.4461 0.0278 0.0102
0 0.3917 0.5031 0.0333 0.0156
0 0.6958 0.5703 0.0292 0.0148
0 0.625 0.5625 0.0431 0.0203
0 0.6667 0.5539 0.0083 0.0109
0 0.6847 0.4703 0.0194 0.0234
0 0.6903 0.3852 0.0333 0.0258
0 0.6486 0.3812 0.0417 0.0391
0 0.5458 0.493 0.0278 0.0172
0 0.6139 0.5062 0.0222 0.0227
0 0.6236 0.6648 0.0208 0.0156
0 0.7889 0.6281 0.0319 0.0133
0 0.9819 0.7781 0.0333 0.032
0 0.825 0.8164 0.0375 0.0219
