0 0.1417 0.2289 0.0389 0.0195
0 0.0083 0.493 0.0139 0.0172
0 0.5833 0.5672 0.0125 0.0094
0 0.6472 0.5539 0.0111 0.0078
0 0.6556 0.5117 0.0153 0.0062
0 0.1861 0.4758 0.0375 0.018
0 0.3583 0.4492 0.0292 0.0242
0 0.325 0.4172 0.0292 0.0188
0 0.3042 0.4305 0.0125 0.0148
0 0.7583 0.55 0.0083 0.0086
0 0.7431 0.6023 0.0153 0.0188
0 0.7806 0.6555 0.0264 0.0195
0 0.8028 0.6258 0.0222 0.0148
0 0.8403 0.6359 0.0319 0.0188
0 0.8708 0.5766 0.0236 0.0141
0 0.9083 0.5812 0.0222 0.0094
0 0.9722 0.5992 0.0264 0.0148
0 0.9889 0.6117 0.0181 0.0188
0 0.8819 0.5625 0.0083 0.0078
0 0.9 0.5648 0.0139 0.007
0 0.9236 0.5398 0.0236 0.0117
0 0.9125 0.518 0.0333 0.0148
0 0.9431 0.5141 0.0167 0.0086
0 0.9778 0.5141 0.0139 0.0047
0 0.9181 0.4859 0.0236 0.0203
0 0.9417 0.3617 0.0292 0.0164
0 0.9597 0.3164 0.0292 0.0125
0 0.8569 0.3289 0.0222 0.0125
0 0.8361 0.3453 0.0292 0.0148
0 0.8111 0.3391 0.0236 0.0164
0 0.7861 0.3141 0.0208 0.0125
0 0.4736 0.6367 0.0278 0.0188
0 0.8319 0.3242 0.0292 0.0156
0 0.2736 0.4234 0.0292 0.0242
0 0.2306 0.4211 0.0347 0.0172
0 0.1778 0.6367 0.0417 0.0219
0 0.2792 0.6953 0.0167 0.0195
0 0.3486 0.6266 0.0319 0.0266
0 0.5264 0.6773 0.0153 0.0164
0 0.9028 0.6367 0.0347 0.0234
0 0.9153 0.6531 0.0264 0.0156
