0 0.5653 0.1102 0.0556 0.0258
0 0.6181 0.1391 0.0639 0.032
0 0.6014 0.1695 0.0444 0.0234
0 0.6667 0.1867 0.0431 0.0305
0 0.6181 0.1984 0.0542 0.0273
0 0.5722 0.2188 0.0597 0.0273
0 0.6097 0.268 0.0653 0.0352
0 0.6639 0.2719 0.0542 0.0211
0 0.5486 0.2828 0.0431 0.025
0 0.7014 0.3156 0.0472 0.0273
0 0.5931 0.3227 0.0514 0.032
0 0.6278 0.3328 0.0347 0.0242
0 0.8792 0.3945 0.0569 0.0273
0 0.5194 0.4305 0.0458 0.0289
0 0.5819 0.3609 0.0222 0.0289
0 0.9458 0.4062 0.0597 0.0273
0 0.6097 0.5 0.0444 0.0258
0 0.2347 0.5945 0.05 0.0297
0 0.2111 0.5742 0.0458 0.0164
0 0.3903 0.6438 0.0403 0.0219
0 0.825 0.6734 0.0694 0.0344
0 0.7597 0.6539 0.0583 0.0281
0 0.5597 0.6922 0.0556 0.0344
0 0.7403 0.7094 0.0653 0.0375
0 0.6278 0.7305 0.0667 0.0289
0 0.65 0.7602 0.0444 0.032
0 0.5889 0.7773 0.0708 0.0336
0 0.4667 0.8195 0.0389 0.0172
0 0.4694 0.6922 0.0486 0.0305
0 0.375 0.6984 0.0375 0.0234
0 0.875 0.6078 0.0486 0.0195
0 0.4361 0.3977 0.0486 0.0141
0 0.5625 0.6172 0.0347 0.0164
0 0.6625 0.3852 0.0444 0.0117
0 0.6431 0.3086 0.0528 0.0242
0 0.65 0.3203 0.0569 0.0258
0 0.6764 0.3289 0.0236 0.0242
0 0.5014 0.4414 0.025 0.0094
0 0.5889 0.4406 0.0208 0.0141
0 0.1903 0.6109 0.0444 0.0344
0 0.0153 0.5289 0.025 0.0305
0 0.0597 0.532 0.0556 0.0172
0 0.7917 0.5719 0.0306 0.0188
0 0.425 0.7547 0.0417 0.0188
0 0.6444 0.8086 0.0458 0.0352
0 0.6361 0.8531 0.0583 0.0367
0 0.1278 0.8164 0.0222 0.0195
0 0.1444 0.807 0.0319 0.0172
0 0.2139 0.8773 0.0389 0.025
0 0.0806 0.8734 0.0264 0.0156
0 0.075 0.6469 0.0333 0.0211
0 0.1278 0.625 0.0431 0.0305
0 0.1028 0.6734 0.0333 0.0195
0 0.0125 0.5836 0.025 0.0195
0 0.6986 0.5477 0.0278 0.025
0 0.2472 0.7023 0.0361 0.0141
0 0.9375 0.9312 0.0417 0.0242
0 0.9639 0.9484 0.0625 0.0328
