0 0.4569 0.2773 0.0361 0.0164
0 0.4306 0.2633 0.0333 0.0336
0 0.6014 0.2781 0.0347 0.0188
0 0.6472 0.2961 0.0375 0.0203
0 0.5542 0.3109 0.0458 0.0266
0 0.5958 0.3148 0.0403 0.0273
0 0.8222 0.3047 0.0347 0.0148
0 0.6403 0.3586 0.0417 0.025
0 0.4972 0.4227 0.0403 0.0203
0 0.5514 0.4312 0.0264 0.0219
0 0.7 0.4352 0.0472 0.0258
0 0.7333 0.4297 0.0333 0.0219
0 0.7819 0.4297 0.0222 0.0133
0 0.6153 0.4805 0.0403 0.0242
0 0.7125 0.5023 0.0347 0.0211
0 0.7333 0.4914 0.0236 0.0117
0 0.5931 0.5102 0.0417 0.0273
0 0.5653 0.5305 0.0514 0.032
0 0.5333 0.5336 0.0181 0.0164
0 0.6333 0.5398 0.0472 0.0258
0 0.375 0.5695 0.0514 0.0289
0 0.3111 0.6789 0.0403 0.0258
0 0.55 0.6586 0.0694 0.0398
0 0.5153 0.6953 0.0639 0.0461
0 0.7917 0.6789 0.0292 0.0242
0 0.3417 0.5461 0.0375 0.0156
0 0.4917 0.7281 0.0444 0.0102
