0 0.5 0.2164 0.0403 0.0305
0 0.2903 0.3727 0.0333 0.0234
0 0.3222 0.375 0.0417 0.0188
0 0.6514 0.4094 0.0431 0.025
0 0.7083 0.443 0.05 0.0234
0 0.6 0.4141 0.0347 0.0242
0 0.6375 0.4203 0.0375 0.0227
0 0.5444 0.4469 0.0361 0.0242
0 0.5 0.4688 0.0431 0.0219
0 0.3194 0.4484 0.05 0.0297
0 0.325 0.4758 0.0417 0.0227
0 0.2667 0.5633 0.0333 0.0203
0 0.3056 0.6188 0.0389 0.025
0 0.2875 0.6727 0.0444 0.0242
0 0.6278 0.693 0.0153 0.0188
0 0.1708 0.4586 0.0417 0.0234
0 0.8986 0.5734 0.0208 0.007
0 0.7917 0.6805 0.0208 0.0195
0 0.4639 0.3898 0.0167 0.0102
0 0.2319 0.4648 0.0306 0.0211
0 0.3097 0.5641 0.0542 0.0203
0 0.0681 0.5594 0.0375 0.0156
0 0.1014 0.5547 0.0333 0.0266
0 0.2625 0.6367 0.0569 0.0281
0 0.675 0.6281 0.025 0.0234
0 0.4972 0.7516 0.0458 0.0164
0 0.8889 0.6781 0.0403 0.0227
0 0.9319 0.6703 0.0306 0.0133
0 0.9389 0.6914 0.0292 0.0195
0 0.8639 0.6438 0.0444 0.0141
