0 0.525 0.1359 0.0653 0.0367
0 0.4569 0.1836 0.0583 0.0336
0 0.425 0.182 0.0278 0.0258
0 0.3347 0.207 0.0542 0.0312
0 0.3833 0.2047 0.0417 0.0297
0 0.4347 0.2273 0.0583 0.0359
0 0.5708 0.2359 0.0458 0.0234
0 0.3125 0.2305 0.0472 0.0266
0 0.3236 0.2547 0.0486 0.0203
0 0.3806 0.2859 0.0556 0.0219
0 0.5444 0.3016 0.0514 0.0289
0 0.3292 0.3008 0.0389 0.0273
0 0.3764 0.3086 0.0431 0.0219
0 0.5875 0.3641 0.0583 0.0297
0 0.6347 0.3648 0.0431 0.0258
0 0.3528 0.3344 0.0611 0.0297
0 0.3097 0.3281 0.0292 0.0211
0 0.1236 0.3648 0.0694 0.0391
0 0.0889 0.375 0.0569 0.0242
0 0.3556 0.3688 0.0486 0.0188
0 0.3736 0.3539 0.0347 0.0156
0 0.4056 0.3539 0.0222 0.0141
0 0.4069 0.382 0.0611 0.0273
0 0.375 0.3867 0.0264 0.0266
0 0.4611 0.4133 0.0361 0.0234
0 0.3472 0.4328 0.0611 0.0328
0 0.5597 0.4445 0.0639 0.0266
0 0.4819 0.468 0.0403 0.0344
0 0.5361 0.4703 0.0486 0.0266
0 0.2569 0.4695 0.0472 0.0297
0 0.3194 0.4586 0.05 0.0195
0 0.3681 0.4633 0.0556 0.0219
0 0.1528 0.4867 0.0444 0.0391
0 0.1014 0.493 0.0722 0.0422
0 0.025 0.4414 0.0472 0.0344
0 0.0208 0.4609 0.0403 0.0148
0 0.6306 0.4891 0.0625 0.0328
0 0.4806 0.5242 0.0528 0.0273
0 0.6375 0.5477 0.0611 0.0312
0 0.6819 0.6531 0.0611 0.0367
0 0.8361 0.6484 0.0514 0.0227
0 0.1806 0.6828 0.0431 0.0281
0 0.4583 0.6367 0.0472 0.0258
0 0.6472 0.6797 0.0542 0.032
0 0.4889 0.2391 0.0431 0.025
0 0.5486 0.2148 0.025 0.0297
