0 0.6972 0.0258 0.0319 0.0148
0 0.8153 0.0398 0.0486 0.0297
0 0.7083 0.0953 0.0417 0.0281
0 0.8139 0.1148 0.05 0.0273
0 0.7792 0.1234 0.0278 0.0227
0 0.7625 0.1469 0.0361 0.0188
0 0.8069 0.1656 0.0514 0.0328
0 0.8833 0.1289 0.0444 0.0297
0 0.8792 0.093 0.0306 0.0219
0 0.7194 0.2344 0.0472 0.0273
0 0.7083 0.2633 0.0375 0.0266
0 0.8667 0.3492 0.0444 0.0258
0 0.8583 0.3852 0.05 0.0258
0 0.0208 0.4242 0.025 0.0211
0 0.7875 0.4102 0.025 0.0062
0 0.7097 0.4297 0.0556 0.0297
0 0.1069 0.5164 0.0333 0.018
0 0.1403 0.5156 0.025 0.0203
0 0.0528 0.5344 0.05 0.0242
0 0.1194 0.532 0.0236 0.0109
0 0.5792 0.4383 0.0486 0.0273
0 0.6389 0.4484 0.05 0.0305
0 0.6972 0.4852 0.0458 0.0281
0 0.6569 0.4953 0.0375 0.0227
0 0.6556 0.4727 0.05 0.0227
0 0.5583 0.4617 0.0458 0.025
0 0.5458 0.4781 0.0319 0.0172
0 0.6458 0.5258 0.0486 0.0242
0 0.0417 0.625 0.0403 0.0219
0 0.0764 0.6172 0.0403 0.0297
0 0.1014 0.5562 0.0444 0.0211
0 0.0806 0.6445 0.05 0.0266
0 0.2014 0.65 0.0403 0.0211
0 0.8417 0.6047 0.0375 0.0195
0 0.8833 0.6031 0.0361 0.0219
0 0.4889 0.5781 0.0403 0.0227
0 0.4833 0.6195 0.0292 0.0172
0 0.5444 0.6164 0.0278 0.0172
0 0.6472 0.632 0.0403 0.025
0 0.7694 0.625 0.0375 0.0203
0 0.7236 0.6234 0.0306 0.0148
0 0.6875 0.6766 0.0278 0.018
0 0.6278 0.6742 0.0236 0.0125
0 0.6194 0.7008 0.0222 0.018
0 0.8417 0.1242 0.0139 0.0141
0 0.9347 0.1266 0.0486 0.0227
0 0.9014 0.1641 0.0556 0.0281
0 0.9431 0.1844 0.0292 0.0164
0 0.9903 0.2094 0.0139 0.0234
0 0.9208 0.2258 0.0444 0.0258
0 0.9583 0.2438 0.0417 0.0258
0 0.9792 0.2586 0.0319 0.0203
0 0.6375 0.2828 0.0208 0.0094
0 0.7306 0.3133 0.0403 0.0258
0 0.7153 0.3367 0.0486 0.0195
0 0.9028 0.3016 0.0194 0.0117
0 0.9028 0.3516 0.0389 0.0258
0 0.9792 0.4148 0.0292 0.0148
0 0.9875 0.4477 0.0194 0.0109
0 0.0792 0.4297 0.0333 0.0258
0 0.8764 0.5445 0.0319 0.0297
0 0.6056 0.6227 0.0097 0.018
0 0.5528 0.5469 0.0361 0.0109
