0 0.4931 0.0695 0.0583 0.0352
0 0.4514 0.0664 0.0472 0.0312
0 0.4889 0.0906 0.0583 0.0211
0 0.4514 0.1602 0.0639 0.0398
0 0.4167 0.1672 0.0542 0.0375
0 0.3403 0.2578 0.0486 0.0227
0 0.5306 0.3102 0.0528 0.0359
0 0.3181 0.2977 0.0611 0.0305
0 0.4708 0.332 0.0625 0.0359
0 0.3167 0.4156 0.0556 0.0305
0 0.4778 0.3984 0.0431 0.0172
0 0.5083 0.4203 0.0417 0.0273
0 0.5792 0.425 0.0486 0.0312
0 0.6236 0.4078 0.0542 0.0242
0 0.5486 0.4117 0.0306 0.0164
0 0.7181 0.5094 0.0486 0.0289
0 0.2403 0.4695 0.05 0.0242
0 0.3625 0.5102 0.0375 0.018
0 0.2972 0.4773 0.0375 0.0258
0 0.3167 0.4375 0.0292 0.0148
0 0.2486 0.4422 0.0597 0.0305
0 0.2361 0.493 0.0569 0.0273
0 0.2389 0.5133 0.0583 0.0211
0 0.2833 0.5969 0.0375 0.0367
0 0.3444 0.6008 0.0597 0.0281
0 0.3375 0.65 0.05 0.0273
0 0.3 0.6234 0.0542 0.0305
0 0.2097 0.5867 0.0361 0.0211
0 0.3528 0.7922 0.0625 0.0398
0 0.2958 0.7875 0.0542 0.0406
0 0.3403 0.8461 0.0431 0.0312
0 0.3347 0.8891 0.0417 0.0242
0 0.2458 0.6789 0.0583 0.0383
0 0.2833 0.6898 0.0292 0.018
0 0.4764 0.3695 0.0306 0.0133
0 0.5792 0.7328 0.0236 0.0172
0 0.1014 0.9023 0.0361 0.0219
0 0.1306 0.8164 0.0458 0.0289
