0 0.3806 0.1445 0.0375 0.0211
0 0.4347 0.1586 0.0417 0.0242
0 0.4694 0.1625 0.0292 0.0188
0 0.5028 0.157 0.0333 0.0211
0 0.4972 0.2 0.0292 0.0203
0 0.475 0.2031 0.0194 0.0078
0 0.4278 0.175 0.0236 0.0133
0 0.4042 0.2641 0.0389 0.0172
0 0.3917 0.243 0.0431 0.0211
0 0.4319 0.2922 0.0278 0.0164
0 0.5056 0.2742 0.0236 0.0148
0 0.5208 0.2656 0.0264 0.0164
0 0.5333 0.2352 0.0222 0.0125
0 0.3694 0.2773 0.025 0.0148
0 0.3556 0.2758 0.0139 0.0141
0 0.4861 0.307 0.025 0.018
0 0.5181 0.3062 0.0319 0.0211
0 0.4903 0.325 0.0319 0.0164
0 0.5125 0.325 0.0222 0.0188
0 0.4472 0.5359 0.0444 0.0258
0 0.4236 0.5273 0.0389 0.0125
0 0.5139 0.4859 0.0403 0.0258
0 0.6625 0.393 0.025 0.0141
0 0.6528 0.4109 0.0181 0.0133
0 0.6722 0.4219 0.0361 0.018
0 0.3833 0.6414 0.0375 0.0148
0 0.2958 0.482 0.0333 0.0156
0 0.2639 0.4758 0.0292 0.0188
0 0.625 0.632 0.0278 0.0156
0 0.6417 0.6242 0.0236 0.0141
0 0.6458 0.6094 0.0361 0.0203
0 0.6264 0.6031 0.0236 0.0172
0 0.6167 0.6242 0.0292 0.0133
0 0.8486 0.5398 0.0361 0.0195
0 0.8014 0.4531 0.0347 0.0227
0 0.8208 0.4273 0.0264 0.0164
0 0.7694 0.4492 0.0264 0.0148
0 0.7347 0.3984 0.0292 0.018
0 0.9875 0.457 0.0222 0.0234
0 0.9458 0.4219 0.0278 0.0109
0 0.3208 0.4406 0.0333 0.0203
0 0.4597 0.4453 0.0431 0.0188
0 0.7417 0.4648 0.0389 0.0117
0 0.7 0.6078 0.0222 0.0133
0 0.4819 0.3469 0.0153 0.0164
0 0.5625 0.1969 0.0153 0.0086
0 0.9458 0.2461 0.0472 0.0234
0 0.9472 0.2617 0.0403 0.0125
0 0.9625 0.4109 0.0167 0.0133
0 0.5056 0.1688 0.0181 0.0109
0 0.3986 0.3609 0.0278 0.0141
0 0.0125 0.1812 0.025 0.0242
0 0.0111 0.2484 0.0222 0.0094
0 0.0181 0.2602 0.0361 0.0164
0 0.0111 0.2742 0.0236 0.0133
0 0.0861 0.5359 0.0361 0.0219
0 0.1486 0.5734 0.0292 0.018
0 0.1306 0.5742 0.0194 0.0156
0 0.1167 0.593 0.0319 0.0172
0 0.1528 0.4383 0.0333 0.0195
0 0.1875 0.4391 0.0361 0.0203
0 0.1722 0.4875 0.0361 0.0164
0 0.8403 0.7258 0.0444 0.0281
0 0.9667 0.6617 0.0306 0.0094
0 0.9833 0.6734 0.0278 0.0172
0 0.3375 0.4516 0.0278 0.0164
0 0.8361 0.4742 0.0306 0.0141
