0 0.2667 0.7266 0.0597 0.0375
0 0.2264 0.6969 0.0514 0.0328
0 0.3736 0.6539 0.0528 0.0305
0 0.2639 0.5508 0.0431 0.0273
0 0.3097 0.5562 0.0431 0.0266
0 0.2417 0.3797 0.0333 0.0234
0 0.4111 0.4414 0.05 0.0266
0 0.4542 0.4172 0.0528 0.0281
0 0.3847 0.3031 0.0417 0.0281
0 0.4458 0.2969 0.0319 0.0266
0 0.4861 0.2852 0.05 0.0312
0 0.4667 0.2609 0.0514 0.0203
0 0.4347 0.2305 0.0528 0.0336
0 0.4319 0.2016 0.0403 0.0164
0 0.4806 0.207 0.0486 0.0211
0 0.4819 0.1828 0.0486 0.0273
0 0.5208 0.0688 0.0444 0.0336
0 0.3736 0.4719 0.0417 0.0156
0 0.3931 0.4164 0.025 0.0148
0 0.6764 0.3422 0.0194 0.0125
0 0.5764 0.3883 0.0458 0.0227
0 0.6875 0.3945 0.0667 0.0258
0 0.6903 0.4375 0.0472 0.0258
0 0.6278 0.5023 0.0528 0.0305
0 0.6819 0.507 0.0486 0.0281
0 0.6222 0.1812 0.0306 0.0211
0 0.7083 0.2344 0.0361 0.0266
0 0.4861 0.2281 0.0528 0.0328
0 0.5847 0.1484 0.0306 0.0156
0 0.4139 0.3625 0.0264 0.0148
0 0.5444 0.4625 0.0458 0.0227
0 0.6486 0.3727 0.0208 0.0172
0 0.5986 0.518 0.0292 0.0148
0 0.5472 0.5336 0.0361 0.0133
0 0.4861 0.007 0.0389 0.0109
0 0.3556 0.2797 0.0292 0.0086
0 0.4 0.2789 0.0264 0.0102
0 0.6208 0.2969 0.0417 0.025
0 0.6486 0.3172 0.0292 0.0227
0 0.8903 0.4281 0.025 0.0125
0 0.6486 0.4461 0.0417 0.0219
0 0.8542 0.7945 0.0472 0.0195
