0 0.4611 0.1961 0.0514 0.0289
0 0.4181 0.3086 0.0486 0.0203
0 0.0347 0.35 0.0542 0.0266
0 0.2069 0.3539 0.0347 0.0211
0 0.2444 0.3445 0.0333 0.0172
0 0.2903 0.3906 0.05 0.0234
0 0.2319 0.4094 0.0403 0.0219
0 0.4222 0.3992 0.0528 0.032
0 0.0708 0.3469 0.0264 0.0164
0 0.0625 0.3656 0.0319 0.0195
0 0.3486 0.5242 0.05 0.0328
0 0.3389 0.5828 0.0486 0.0312
0 0.5139 0.5297 0.0403 0.0211
0 0.6486 0.5555 0.0292 0.0234
0 0.2556 0.6453 0.0708 0.0328
0 0.5319 0.6484 0.0486 0.0227
0 0.6833 0.5539 0.0403 0.0273
0 0.7917 0.518 0.0472 0.0234
0 0.5667 0.6328 0.0375 0.0297
0 0.0944 0.3641 0.025 0.0211
0 0.0833 0.5672 0.0333 0.0211
0 0.0153 0.407 0.0222 0.0164
0 0.1028 0.5914 0.0292 0.0117
0 0.3014 0.5914 0.0278 0.018
