0 0.075 0.6773 0.0542 0.0188
0 0.0361 0.7242 0.0694 0.0219
0 0.3972 0.6398 0.025 0.0156
0 0.4222 0.6414 0.0222 0.0156
0 0.4278 0.6234 0.0403 0.018
0 0.5125 0.6492 0.0417 0.0188
0 0.5014 0.5898 0.0431 0.0164
0 0.5806 0.5758 0.0375 0.025
0 0.5708 0.4523 0.0431 0.0266
0 0.5486 0.4617 0.0444 0.0211
0 0.6292 0.4375 0.0194 0.0117
0 0.6736 0.4398 0.0194 0.0156
0 0.6056 0.5047 0.0194 0.018
0 0.6722 0.5398 0.0306 0.0227
0 0.7181 0.5242 0.0292 0.0156
0 0.7361 0.5242 0.0194 0.0148
0 0.7083 0.5602 0.0458 0.0211
0 0.6083 0.5773 0.0236 0.0125
0 0.5889 0.6 0.0403 0.0219
0 0.5958 0.618 0.0333 0.0148
0 0.6611 0.6234 0.0375 0.0234
0 0.6958 0.6172 0.0486 0.0266
0 0.7847 0.6477 0.0458 0.0125
0 0.6903 0.6422 0.0361 0.0211
0 0.3931 0.6586 0.0389 0.0234
0 0.375 0.6633 0.0319 0.0172
0 0.0139 0.6969 0.025 0.0281
