0 0.3556 0.1117 0.0403 0.0258
0 0.3792 0.1078 0.0167 0.0172
0 0.3681 0.0812 0.0264 0.0195
0 0.3347 0.0719 0.0319 0.0172
0 0.3292 0.0531 0.0375 0.025
0 0.2889 0.0484 0.0444 0.0258
0 0.3208 0.1008 0.0431 0.0266
0 0.3333 0.1195 0.0458 0.0219
0 0.3278 0.1352 0.0403 0.0211
0 0.2444 0.0953 0.0278 0.0227
0 0.2097 0.0875 0.0375 0.0312
0 0.1917 0.1 0.0319 0.0211
0 0.0444 0.1109 0.05 0.0281
0 0.0208 0.157 0.0389 0.0352
0 0.0583 0.1844 0.0375 0.018
0 0.0278 0.2016 0.0542 0.0359
0 0.1986 0.1344 0.0403 0.0258
0 0.1931 0.0695 0.0347 0.0242
0 0.4556 0.0641 0.0444 0.0234
0 0.4944 0.0742 0.0361 0.0211
0 0.4028 0.1289 0.0375 0.0227
0 0.5139 0.1359 0.0431 0.0242
0 0.5542 0.1047 0.0389 0.0203
0 0.5875 0.0961 0.0306 0.0172
0 0.5792 0.118 0.0292 0.0164
0 0.6236 0.1125 0.0264 0.0203
0 0.6458 0.118 0.0472 0.0289
0 0.6667 0.0953 0.0458 0.0258
0 0.6847 0.0688 0.0431 0.025
0 0.7375 0.0609 0.0681 0.0297
0 0.7333 0.0289 0.0403 0.0266
0 0.7931 0.0562 0.0222 0.0211
0 0.8472 0.0992 0.0375 0.025
0 0.7069 0.0945 0.0264 0.032
0 0.7194 0.0992 0.0319 0.0312
0 0.7583 0.1023 0.0542 0.0328
0 0.7597 0.0781 0.025 0.0156
0 0.8431 0.0812 0.0389 0.0133
0 0.8597 0.1328 0.0389 0.0273
0 0.9889 0.1812 0.0181 0.0172
0 0.9347 0.2125 0.0556 0.0367
0 0.9514 0.2789 0.0667 0.0414
0 0.5056 0.1656 0.0417 0.0203
0 0.5542 0.1836 0.0194 0.0195
0 0.6139 0.2164 0.0375 0.0234
0 0.6542 0.1852 0.0417 0.0273
0 0.6847 0.1773 0.0375 0.025
0 0.7458 0.2141 0.0514 0.0133
0 0.8306 0.2367 0.0361 0.0195
0 0.8486 0.3773 0.0514 0.0297
0 0.8833 0.3727 0.0361 0.0227
0 0.5486 0.2258 0.0569 0.0234
0 0.5306 0.2531 0.0556 0.0289
0 0.4083 0.2328 0.0514 0.0312
0 0.3208 0.193 0.0347 0.0195
0 0.35 0.2141 0.0333 0.018
0 0.3208 0.2102 0.0319 0.0156
0 0.2222 0.1992 0.0417 0.0242
0 0.1903 0.1859 0.0306 0.0227
0 0.4 0.2961 0.0403 0.0305
0 0.4653 0.2922 0.0472 0.0266
0 0.4903 0.2891 0.0292 0.0258
0 0.3722 0.1812 0.0389 0.0141
0 0.1681 0.232 0.0389 0.0211
0 0.3361 0.3328 0.0528 0.0352
0 0.3153 0.3508 0.0222 0.0148
0 0.1417 0.2836 0.0389 0.0211
0 0.0472 0.3086 0.0556 0.0273
0 0.1417 0.3156 0.0431 0.0195
0 0.0792 0.368 0.0278 0.0172
0 0.0583 0.3562 0.0417 0.0164
0 0.3667 0.357 0.0583 0.0312
0 0.4194 0.3742 0.0444 0.0266
0 0.6264 0.2961 0.0319 0.0156
0 0.8458 0.4148 0.0472 0.0367
0 0.6792 0.4219 0.0611 0.0305
0 0.6333 0.443 0.0333 0.0258
0 0.5056 0.4828 0.0833 0.0414
0 0.4681 0.5398 0.0667 0.0234
0 0.5833 0.593 0.0736 0.0383
0 0.6653 0.5906 0.0458 0.0242
0 0.7639 0.6016 0.0653 0.0328
0 0.9403 0.607 0.025 0.0266
0 0.2194 0.6703 0.0528 0.0328
0 0.2653 0.7102 0.0444 0.0273
0 0.3694 0.5961 0.0458 0.025
0 0.5736 0.743 0.0819 0.0492
0 0.7694 0.6625 0.0389 0.0164
0 0.9236 0.6695 0.0347 0.0203
0 0.0556 0.6828 0.0569 0.0227
0 0.0167 0.6648 0.0319 0.025
0 0.0139 0.6867 0.0236 0.0227
0 0.0417 0.707 0.0653 0.0289
0 0.0736 0.1312 0.0264 0.0164
0 0.3569 0.2281 0.0264 0.0117
0 0.4903 0.2367 0.0208 0.0125
0 0.8028 0.3445 0.0514 0.0219
0 0.8 0.693 0.0375 0.018
0 0.4431 0.5625 0.0278 0.0148
0 0.5014 0.5727 0.0542 0.0336
