0 0.4125 0.0867 0.0458 0.032
0 0.3889 0.1055 0.0236 0.0242
0 0.4542 0.3641 0.0333 0.0227
0 0.3986 0.4766 0.0389 0.0234
0 0.7694 0.4852 0.0528 0.0172
0 0.4139 0.5773 0.0542 0.0289
0 0.1611 0.5297 0.0403 0.0195
0 0.2278 0.5695 0.0361 0.0266
0 0.4111 0.6719 0.0569 0.0219
0 0.3736 0.7195 0.05 0.0305
0 0.5222 0.7211 0.0319 0.0141
0 0.6653 0.7547 0.0361 0.0109
0 0.6931 0.7492 0.0417 0.0203
0 0.8194 0.7055 0.0472 0.0156
0 0.3875 0.8 0.0361 0.0219
0 0.3028 0.8727 0.0542 0.0352
0 0.5236 0.8602 0.0417 0.018
0 0.5861 0.8641 0.0458 0.0219
0 0.5958 0.8398 0.025 0.0148
0 0.0139 0.7914 0.0264 0.0375
0 0.1583 0.5859 0.0292 0.0148
0 0.0139 0.6391 0.0278 0.0211
0 0.7236 0.5648 0.0375 0.0211
