0 0.1403 0.0773 0.05 0.0273
0 0.1653 0.0922 0.0486 0.0344
0 0.1458 0.107 0.0458 0.025
0 0.1069 0.1133 0.05 0.0305
0 0.0639 0.132 0.0472 0.0273
0 0.1278 0.1641 0.0542 0.0344
0 0.1597 0.1617 0.0333 0.0289
0 0.0569 0.1578 0.0125 0.0227
0 0.0958 0.1531 0.0278 0.0242
0 0.1097 0.1922 0.0431 0.0297
0 0.0417 0.2102 0.0528 0.0344
0 0.1764 0.2031 0.0472 0.0281
0 0.1486 0.2219 0.0569 0.0305
0 0.1097 0.2414 0.0556 0.0344
0 0.1986 0.25 0.0361 0.0227
0 0.0528 0.2648 0.0292 0.025
0 0.0056 0.3172 0.0097 0.0023
0 0.0111 0.3047 0.0236 0.0188
0 0.1819 0.2766 0.0361 0.025
0 0.1667 0.2852 0.0347 0.0188
0 0.2889 0.3203 0.0486 0.0273
0 0.3639 0.3508 0.0458 0.025
0 0.3792 0.3641 0.0417 0.0281
0 0.2056 0.3422 0.0361 0.0227
0 0.1819 0.3461 0.0292 0.0195
0 0.1667 0.3641 0.0458 0.025
0 0.1944 0.3758 0.0319 0.0164
0 0.1306 0.4055 0.0347 0.025
0 0.1042 0.4078 0.0319 0.0266
0 0.3236 0.457 0.0486 0.0266
0 0.3806 0.4758 0.0389 0.0234
0 0.3403 0.482 0.0431 0.0281
0 0.2944 0.4727 0.05 0.0234
0 0.3028 0.4891 0.0292 0.0156
0 0.0486 0.4758 0.0472 0.0227
0 0.1819 0.5227 0.0556 0.025
0 0.2014 0.5414 0.0556 0.0312
0 0.2708 0.5656 0.0306 0.0156
0 0.2042 0.5836 0.0528 0.0289
0 0.1833 0.6117 0.0528 0.0258
0 0.0986 0.5594 0.0222 0.0148
0 0.1778 0.6734 0.0417 0.0289
0 0.2153 0.6797 0.0403 0.0266
0 0.1639 0.6969 0.0528 0.0305
0 0.1292 0.7 0.0125 0.0188
0 0.0181 0.6352 0.0361 0.0258
0 0.0569 0.5977 0.0306 0.0227
0 0.1361 0.7375 0.0556 0.0281
0 0.1389 0.7797 0.0528 0.0367
0 0.1639 0.8305 0.0667 0.0352
0 0.2333 0.7727 0.0389 0.0188
0 0.2639 0.7648 0.025 0.0188
0 0.2778 0.7562 0.025 0.0156
0 0.2208 0.9109 0.0556 0.0422
0 0.9917 0.1875 0.0125 0.0312
0 0.9861 0.2133 0.025 0.032
0 0.9069 0.3977 0.0375 0.025
0 0.7319 0.5391 0.0514 0.0359
0 0.7903 0.5367 0.0542 0.0344
0 0.8222 0.5969 0.0778 0.0398
0 0.6611 0.8422 0.0792 0.0328
0 0.2375 0.4258 0.05 0.0227
0 0.1042 0.6367 0.0264 0.0141
0 0.0986 0.5898 0.0347 0.0109
0 0.1861 0.8047 0.0417 0.018
0 0.2972 0.9047 0.0486 0.0305
