0 0.6292 0.0109 0.0472 0.0227
0 0.5875 0.0172 0.0569 0.0344
0 0.5611 0.0422 0.0472 0.0352
0 0.575 0.0977 0.05 0.032
0 0.6347 0.0992 0.0431 0.0219
0 0.6875 0.0891 0.0306 0.0203
0 0.5278 0.1047 0.0236 0.0133
0 0.5028 0.1219 0.0278 0.0195
0 0.6 0.1648 0.0347 0.0227
0 0.6333 0.1523 0.0306 0.0273
0 0.625 0.1414 0.0306 0.0242
0 0.6847 0.1445 0.0556 0.0273
0 0.6583 0.1594 0.0208 0.0367
0 0.5542 0.193 0.0417 0.0266
0 0.4111 0.2414 0.0333 0.0242
0 0.5097 0.2719 0.0403 0.0188
0 0.5764 0.268 0.0194 0.018
0 0.5667 0.2836 0.0431 0.0234
0 0.8653 0.2297 0.0542 0.0281
0 0.5917 0.343 0.0375 0.0242
0 0.1917 0.4188 0.0556 0.0164
0 0.2153 0.4398 0.0569 0.0273
0 0.3639 0.4812 0.05 0.0281
0 0.4972 0.5258 0.0514 0.0281
0 0.4111 0.5891 0.0417 0.0188
0 0.5486 0.5609 0.0667 0.0328
0 0.5583 0.5883 0.0333 0.0273
0 0.5125 0.6 0.0542 0.0367
0 0.4486 0.6461 0.0278 0.0148
0 0.1472 0.6352 0.0444 0.0141
0 0.6639 0.5406 0.0444 0.0242
0 0.7458 0.5109 0.0681 0.0305
0 0.6958 0.5016 0.0361 0.0117
0 0.8736 0.5812 0.0403 0.0188
0 0.2264 0.6953 0.0444 0.0195
0 0.5694 0.632 0.0292 0.0125
0 0.9306 0.243 0.0542 0.0312
0 0.7583 0.4156 0.0375 0.0219
0 0.4542 0.2805 0.025 0.0164
0 0.5597 0.1555 0.0667 0.0367
0 0.0306 0.3727 0.0333 0.0172
0 0.2569 0.5367 0.0389 0.0234
0 0.4583 0.5719 0.0194 0.0094
0 0.4236 0.5742 0.0361 0.0297
0 0.1236 0.4672 0.0444 0.0172
0 0.1764 0.4664 0.0278 0.0164
0 0.0917 0.4867 0.0181 0.0156
0 0.0944 0.693 0.0181 0.0164
0 0.8639 0.7469 0.0264 0.025
0 0.8861 0.7617 0.0472 0.0305
0 0.6736 0.6445 0.0208 0.0094
0 0.8153 0.5406 0.0403 0.0227
