0 0.2972 0.2008 0.0431 0.0258
0 0.0931 0.3617 0.0361 0.0203
0 0.125 0.3625 0.0292 0.018
0 0.1236 0.4344 0.0458 0.0258
0 0.1389 0.4656 0.0458 0.0188
0 0.1167 0.5539 0.0361 0.0188
0 0.0806 0.55 0.0333 0.0227
0 0.1069 0.6055 0.0278 0.0133
0 0.0972 0.6648 0.0472 0.0211
0 0.3514 0.4344 0.0222 0.0102
0 0.3181 0.4523 0.0347 0.0195
0 0.3958 0.4625 0.0139 0.007
0 0.5056 0.425 0.0347 0.0234
0 0.4625 0.3914 0.0292 0.018
0 0.4458 0.4078 0.0264 0.0156
0 0.4125 0.3977 0.0236 0.0227
0 0.3125 0.6039 0.0097 0.0078
0 0.5847 0.5961 0.0139 0.0078
0 0.6986 0.5492 0.0069 0.007
0 0.7222 0.5891 0.0125 0.007
0 0.6264 0.2656 0.0139 0.0086
0 0.6264 0.3172 0.025 0.0086
0 0.6444 0.3039 0.0139 0.0078
0 0.7639 0.3688 0.0139 0.0141
0 0.7764 0.3109 0.0097 0.0055
0 0.775 0.2969 0.0153 0.0062
0 0.7361 0.3352 0.0083 0.0047
0 0.7278 0.3281 0.0083 0.0047
0 0.7167 0.3461 0.0111 0.007
0 0.0319 0.4555 0.0333 0.0258
0 0.9264 0.2883 0.0292 0.0148
0 0.9306 0.2984 0.0222 0.0062
0 0.9653 0.3172 0.0292 0.0164
0 0.9903 0.3227 0.0167 0.0188
0 0.0681 0.6281 0.0597 0.0305
0 0.4236 0.6758 0.0194 0.0211
0 0.5917 0.6516 0.0264 0.0102
0 0.6653 0.6227 0.0375 0.018
0 0.9431 0.6422 0.0389 0.0242
0 0.8986 0.5867 0.0361 0.0227
0 0.4778 0.607 0.0208 0.0164
0 0.9694 0.6148 0.0236 0.0211
0 0.925 0.5328 0.0208 0.0117
0 0.8556 0.5172 0.0264 0.0133
