0 0.5403 0.1922 0.0444 0.0219
0 0.4611 0.2125 0.0333 0.0266
0 0.5319 0.268 0.0333 0.0227
0 0.4236 0.2773 0.0403 0.0211
0 0.4417 0.3156 0.0472 0.0258
0 0.5458 0.3188 0.0389 0.025
0 0.3972 0.3508 0.0333 0.0203
0 0.4181 0.2336 0.0153 0.0125
0 0.4347 0.2297 0.0181 0.0125
0 0.3708 0.382 0.05 0.0242
0 0.4958 0.4016 0.0542 0.0281
0 0.3917 0.2141 0.0153 0.007
0 0.5139 0.343 0.0403 0.018
0 0.3125 0.3984 0.0264 0.0203
0 0.3514 0.4133 0.0222 0.0148
0 0.5014 0.4281 0.0431 0.0219
0 0.6028 0.4391 0.0458 0.025
0 0.4361 0.4555 0.05 0.025
0 0.325 0.4539 0.0417 0.0148
0 0.3167 0.4781 0.025 0.0172
0 0.2986 0.4898 0.0264 0.0148
0 0.5389 0.4742 0.0458 0.0211
0 0.5056 0.4812 0.0264 0.0188
0 0.7111 0.525 0.0361 0.0148
0 0.6847 0.5148 0.0375 0.0156
0 0.4486 0.5578 0.0361 0.0219
0 0.4444 0.5383 0.0319 0.018
0 0.4319 0.5195 0.0389 0.0234
0 0.3903 0.7141 0.0361 0.0266
0 0.3528 0.3195 0.0139 0.0148
0 0.3778 0.3125 0.0194 0.0117
0 0.3917 0.4883 0.0417 0.0156
0 0.7014 0.5648 0.0333 0.018
0 0.5333 0.6188 0.0431 0.0258
0 0.6903 0.6211 0.0403 0.0102
0 0.475 0.6 0.0181 0.0109
0 0.6292 0.5961 0.05 0.0172
0 0.8097 0.618 0.0306 0.0219
0 0.4833 0.2273 0.0181 0.0188
0 0.4333 0.3555 0.0111 0.0125
0 0.4625 0.3672 0.0222 0.0117
0 0.7458 0.5156 0.0181 0.0125
0 0.65 0.643 0.0167 0.0164
0 0.4986 0.7109 0.0222 0.0125
0 0.4694 0.7094 0.0125 0.0094
0 0.3986 0.7398 0.0208 0.0172
0 0.5847 0.7516 0.0181 0.0102
0 0.5806 0.8195 0.0403 0.0281
