0 0.5083 0.2055 0.0389 0.0242
0 0.3181 0.4344 0.0389 0.0242
0 0.3292 0.4656 0.0389 0.018
0 0.2833 0.6625 0.0417 0.025
0 0.3028 0.6078 0.0347 0.0195
0 0.2667 0.55 0.0306 0.0188
0 0.1736 0.4523 0.0139 0.0102
0 0.4986 0.4594 0.0319 0.0188
0 0.5444 0.4414 0.025 0.0141
0 0.6389 0.4148 0.0319 0.0133
0 0.7056 0.4352 0.0361 0.0219
0 0.6528 0.4 0.0306 0.0156
0 0.8986 0.5656 0.0194 0.0078
0 0.1125 0.5039 0.0222 0.0141
0 0.2917 0.3602 0.0361 0.0266
0 0.325 0.3672 0.0319 0.0125
0 0.6083 0.4055 0.0278 0.0234
0 0.2306 0.4547 0.0292 0.0234
0 0.0694 0.5461 0.0444 0.0203
0 0.1056 0.5406 0.0306 0.0344
0 0.3056 0.5547 0.0486 0.018
0 0.2639 0.625 0.0528 0.0242
0 0.5028 0.7422 0.0431 0.0148
0 0.6292 0.6828 0.0111 0.0195
0 0.6722 0.6211 0.0194 0.0133
0 0.7958 0.6703 0.0292 0.0188
0 0.8875 0.6711 0.0431 0.0188
0 0.8625 0.6375 0.0347 0.0133
0 0.9278 0.6633 0.0417 0.0109
0 0.9375 0.6828 0.0222 0.0227
