0 0.025 0.0375 0.0444 0.0258
0 0.0389 0.0648 0.0472 0.0328
0 0.0819 0.1328 0.0639 0.0406
0 0.0375 0.1383 0.05 0.043
0 0.0361 0.1766 0.0597 0.0344
0 0.7667 0.1367 0.0611 0.0352
0 0.6569 0.1797 0.0389 0.0312
0 0.6833 0.1828 0.05 0.0305
0 0.7139 0.1734 0.0167 0.007
0 0.6389 0.1984 0.0264 0.0227
0 0.6 0.2039 0.0306 0.0234
0 0.0597 0.2453 0.0514 0.0305
0 0.0958 0.2664 0.0528 0.0281
0 0.5597 0.2047 0.0597 0.0281
0 0.5306 0.2297 0.0458 0.0289
0 0.5403 0.2562 0.05 0.025
0 0.6639 0.2266 0.0542 0.0336
0 0.7764 0.2094 0.0181 0.0211
0 0.7944 0.2359 0.0319 0.0172
0 0.6042 0.2898 0.0403 0.0305
0 0.7694 0.3031 0.0458 0.0289
0 0.5847 0.3336 0.0472 0.025
0 0.8167 0.3594 0.0514 0.0234
0 0.8583 0.3625 0.0417 0.0211
0 0.5417 0.3016 0.0389 0.0219
0 0.4389 0.3633 0.0597 0.0336
0 0.3833 0.368 0.05 0.032
0 0.1417 0.3742 0.0611 0.032
0 0.0639 0.3836 0.0625 0.0266
0 0.2556 0.4406 0.075 0.0273
0 0.3667 0.4914 0.0569 0.0352
0 0.4139 0.4875 0.0431 0.0273
0 0.2819 0.457 0.0514 0.0156
0 0.5083 0.4648 0.0556 0.0227
0 0.5528 0.4516 0.0264 0.0188
0 0.5806 0.432 0.0514 0.0289
0 0.6069 0.4547 0.0417 0.0195
0 0.7139 0.4688 0.0444 0.0312
0 0.7833 0.4398 0.0472 0.0258
0 0.7708 0.4672 0.0431 0.025
0 0.9694 0.5523 0.0403 0.018
0 0.0083 0.5883 0.0181 0.0523
0 0.4514 0.5633 0.0417 0.0227
0 0.8861 0.6477 0.05 0.0273
0 0.6667 0.7383 0.0431 0.0195
0 0.0167 0.275 0.0319 0.0234
0 0.2083 0.3742 0.0528 0.0211
0 0.5986 0.3891 0.0347 0.0172
0 0.6528 0.4125 0.0236 0.0148
0 0.7181 0.2359 0.05 0.0234
0 0.8028 0.3875 0.0208 0.0195
0 0.4319 0.6719 0.0472 0.025
0 0.6847 0.6336 0.0278 0.018
0 0.8264 0.6633 0.0278 0.0148
0 0.8889 0.7516 0.0653 0.0352
0 0.6806 0.5234 0.0403 0.0156
