0 0.0167 0.5062 0.0306 0.0211
0 0.1917 0.4852 0.0347 0.0219
0 0.25 0.4836 0.0431 0.0234
0 0.8292 0.518 0.0556 0.0273
0 0.6333 0.4867 0.0444 0.0234
0 0.4639 0.4734 0.0375 0.0203
0 0.2444 0.3891 0.0361 0.0164
0 0.1931 0.3328 0.0389 0.0164
0 0.8319 0.1883 0.0472 0.0273
0 0.8458 0.3109 0.0375 0.025
0 0.9472 0.3078 0.0417 0.0273
0 0.9056 0.4961 0.05 0.0211
0 0.3972 0.3211 0.0361 0.0148
0 0.3542 0.3109 0.025 0.0141
0 0.2542 0.4125 0.025 0.0141
0 0.25 0.3352 0.0264 0.0133
0 0.8389 0.5414 0.0611 0.0219
0 0.0208 0.2109 0.0389 0.0203
0 0.0139 0.1891 0.0278 0.0211
0 0.7847 0.1891 0.0389 0.018
0 0.0583 0.2086 0.0236 0.0164
0 0.0333 0.1469 0.0319 0.0133
0 0.0375 0.175 0.0111 0.0094
0 0.0333 0.282 0.0181 0.0164
0 0.0764 0.2758 0.0319 0.018
0 0.0931 0.3203 0.0236 0.0117
0 0.0708 0.3195 0.0264 0.0195
0 0.0931 0.332 0.0319 0.0117
0 0.2264 0.3703 0.0292 0.0133
0 0.1792 0.493 0.0389 0.0227
0 0.2431 0.4211 0.0208 0.0125
0 0.3944 0.3781 0.0181 0.0164
0 0.3958 0.3953 0.025 0.0102
0 0.4208 0.3945 0.0306 0.0117
0 0.2944 0.4508 0.0389 0.0156
0 0.3139 0.5031 0.0292 0.018
0 0.3333 0.5 0.0458 0.0234
0 0.3903 0.4797 0.0208 0.0117
0 0.4264 0.4797 0.0278 0.0172
0 0.4111 0.5047 0.0389 0.0172
0 0.6681 0.4664 0.0333 0.0141
0 0.8778 0.2961 0.0375 0.025
0 0.9569 0.3203 0.0333 0.0148
0 0.9833 0.3109 0.0306 0.0258
