0 0.2139 0.3133 0.0472 0.0289
0 0.2528 0.3219 0.0472 0.0289
0 0.2764 0.3711 0.0375 0.0227
0 0.1153 0.5383 0.0569 0.032
0 0.15 0.5203 0.0611 0.0266
0 0.2083 0.4922 0.05 0.0297
0 0.3333 0.4469 0.05 0.0242
0 0.3722 0.4398 0.0528 0.0297
0 0.3861 0.5141 0.0347 0.0195
0 0.4069 0.5062 0.0472 0.0211
0 0.6611 0.5602 0.0417 0.025
0 0.9417 0.6109 0.0514 0.0281
0 0.9514 0.668 0.0444 0.0273
0 0.9736 0.7578 0.0486 0.0297
0 0.2986 0.2836 0.0417 0.025
0 0.2292 0.5289 0.0431 0.0211
0 0.4972 0.6484 0.0458 0.0281
0 0.3069 0.5789 0.0222 0.0172
0 0.3153 0.6734 0.0208 0.0125
0 0.4806 0.5219 0.0278 0.018
0 0.6042 0.725 0.0319 0.0188
0 0.9153 0.6539 0.05 0.0281
0 0.3236 0.3047 0.0333 0.0195
0 0.5139 0.3203 0.0292 0.0203
0 0.1514 0.4211 0.0222 0.0078
0 0.1819 0.4367 0.0194 0.0172
0 0.2722 0.4367 0.0222 0.0211
0 0.0403 0.5836 0.0181 0.0227
0 0.1514 0.5477 0.0361 0.0211
0 0.2 0.5508 0.0486 0.0242
0 0.1917 0.5656 0.0361 0.0148
0 0.3625 0.6969 0.0208 0.0242
0 0.7722 0.6289 0.0333 0.0188
0 0.9056 0.6062 0.0292 0.0156
0 0.9444 0.6336 0.0208 0.0172
0 0.8792 0.7438 0.0361 0.0289
