0 0.6417 0.0086 0.0528 0.0164
0 0.8167 0.0367 0.0556 0.0352
0 0.8736 0.0266 0.0583 0.0344
0 0.9722 0.0094 0.0472 0.0164
0 0.9042 0.0453 0.0389 0.0328
0 0.7611 0.0758 0.0458 0.0328
0 0.7722 0.1062 0.0569 0.032
0 0.8264 0.1086 0.05 0.032
0 0.8625 0.0914 0.0528 0.0266
0 0.8306 0.068 0.0361 0.018
0 0.9264 0.1664 0.0542 0.0344
0 0.9806 0.1922 0.0361 0.0305
0 0.7556 0.1695 0.0417 0.0188
0 0.8 0.232 0.0542 0.0305
0 0.9208 0.2586 0.0556 0.0328
0 0.6556 0.2188 0.0389 0.0242
0 0.6139 0.1727 0.0431 0.0234
0 0.6764 0.0656 0.025 0.0211
0 0.7125 0.0672 0.0431 0.0156
0 0.5792 0.0828 0.0431 0.0219
0 0.5194 0.1164 0.0403 0.0211
0 0.1153 0.107 0.0361 0.0227
0 0.1667 0.1133 0.0292 0.0156
0 0.2 0.1102 0.0333 0.0156
0 0.4181 0.1234 0.0306 0.0133
0 0.325 0.1695 0.0264 0.0242
0 0.5014 0.1578 0.0264 0.0312
0 0.5083 0.132 0.0306 0.0109
0 0.1944 0.1758 0.0292 0.0219
0 0.2278 0.1773 0.0361 0.0141
0 0.2625 0.1773 0.0375 0.0117
0 0.0694 0.1914 0.0236 0.0156
0 0.0153 0.1891 0.0264 0.018
0 0.0069 0.2594 0.0111 0.0203
0 0.2528 0.2508 0.0431 0.025
0 0.2931 0.2516 0.0361 0.0258
0 0.3222 0.2586 0.025 0.0211
0 0.3847 0.2297 0.0236 0.0117
0 0.4722 0.1836 0.0403 0.0211
0 0.4194 0.25 0.0444 0.0195
0 0.4917 0.2359 0.0375 0.0266
0 0.1194 0.3195 0.0625 0.0172
0 0.1542 0.3289 0.0486 0.0242
0 0.0694 0.3539 0.0583 0.0297
0 0.0778 0.3188 0.0417 0.0203
0 0.5097 0.2508 0.0444 0.0203
0 0.4181 0.2719 0.0431 0.0227
0 0.3889 0.2891 0.0361 0.0258
0 0.6931 0.2297 0.0389 0.0102
0 0.6333 0.2844 0.0292 0.0227
0 0.5569 0.2711 0.0333 0.018
0 0.7236 0.2664 0.0528 0.0281
0 0.7861 0.2773 0.0542 0.0273
0 0.1069 0.3852 0.0375 0.0258
0 0.2083 0.4133 0.05 0.0219
0 0.2847 0.4609 0.0458 0.0281
0 0.0403 0.5562 0.0583 0.0289
0 0.1264 0.5258 0.0319 0.0164
0 0.0153 0.4586 0.025 0.0156
0 0.6292 0.6125 0.0403 0.0195
0 0.0986 0.6398 0.0861 0.0438
0 0.4194 0.6789 0.0708 0.0398
0 0.4847 0.6227 0.0347 0.0188
0 0.3764 0.5688 0.0264 0.0203
0 0.8 0.7453 0.0806 0.043
0 0.8403 0.6812 0.0597 0.0273
0 0.9694 0.6117 0.0361 0.0312
0 0.0903 0.7734 0.0417 0.0336
0 0.1625 0.7344 0.0569 0.0219
0 0.1361 0.8359 0.0681 0.0312
0 0.2139 0.8273 0.0861 0.0477
0 0.2069 0.8688 0.0611 0.0328
0 0.4639 0.7992 0.05 0.032
0 0.5917 0.7852 0.0264 0.018
0 0.5417 0.8234 0.0611 0.0367
0 0.5972 0.8227 0.0528 0.0352
0 0.5931 0.8664 0.0222 0.0211
0 0.7611 0.8039 0.0514 0.0234
0 0.8528 0.7844 0.0958 0.0516
0 0.9486 0.9141 0.0542 0.0414
0 0.8431 0.8102 0.0625 0.0164
0 0.8319 0.3477 0.0472 0.0227
0 0.7972 0.3508 0.0208 0.0195
0 0.7667 0.3148 0.0486 0.025
0 0.6972 0.3172 0.0403 0.0258
0 0.3181 0.1883 0.0333 0.0227
0 0.0764 0.2094 0.0347 0.0125
0 0.0222 0.343 0.0417 0.0117
0 0.3306 0.1039 0.0194 0.0148
0 0.425 0.1633 0.0389 0.0141
0 0.3556 0.3891 0.0181 0.0164
0 0.1292 0.6055 0.0264 0.0102
0 0.3361 0.7055 0.0361 0.0336
0 0.7889 0.5578 0.0278 0.0141
