0 0.3292 0.0586 0.0264 0.0141
0 0.3778 0.1062 0.0486 0.0328
0 0.3306 0.1227 0.0236 0.025
0 0.2764 0.0898 0.0347 0.0242
0 0.4722 0.1141 0.0319 0.0195
0 0.4958 0.1094 0.0222 0.0227
0 0.3625 0.0852 0.0181 0.0109
0 0.2319 0.1375 0.0361 0.025
0 0.2569 0.2367 0.0431 0.0227
0 0.2056 0.2117 0.025 0.0141
0 0.2514 0.3016 0.0486 0.0211
0 0.1889 0.3641 0.0569 0.0344
0 0.1833 0.3328 0.0306 0.025
0 0.1681 0.3961 0.0486 0.0258
0 0.1278 0.3891 0.0278 0.0164
0 0.3319 0.2125 0.0347 0.0219
0 0.4069 0.1977 0.0389 0.0242
0 0.4792 0.2938 0.0361 0.0203
0 0.5958 0.2336 0.0389 0.0234
0 0.5806 0.3477 0.0458 0.0281
0 0.6389 0.3156 0.0333 0.0227
0 0.6681 0.3859 0.0389 0.0273
0 0.6625 0.3328 0.0431 0.0172
0 0.6903 0.3406 0.0264 0.0109
0 0.7667 0.3031 0.0333 0.0125
0 0.6347 0.4812 0.0375 0.0203
0 0.6056 0.4453 0.0472 0.0211
0 0.6486 0.4359 0.0403 0.0195
0 0.2931 0.3258 0.0264 0.0188
0 0.2361 0.2844 0.025 0.0164
0 0.2792 0.2484 0.0264 0.0141
0 0.2097 0.2281 0.0319 0.0164
0 0.2125 0.4703 0.0306 0.0125
0 0.5125 0.6391 0.0361 0.0172
0 0.5097 0.6539 0.0375 0.0164
0 0.6208 0.4992 0.0389 0.0164
0 0.6556 0.5797 0.0347 0.0164
0 0.4542 0.5922 0.0403 0.0125
0 0.1306 0.4203 0.0333 0.007
0 0.8014 0.5977 0.0431 0.0227
0 0.7542 0.4906 0.0486 0.0258
0 0.9611 0.5375 0.0514 0.025
0 0.9764 0.5523 0.0444 0.0188
0 0.8889 0.5578 0.0347 0.018
0 0.8472 0.5578 0.0333 0.0148
0 0.8389 0.3641 0.0486 0.0242
0 0.9667 0.0281 0.0514 0.0328
0 0.9097 0.4406 0.0181 0.0094
0 0.6653 0.7828 0.0278 0.025
0 0.6556 0.7188 0.0306 0.0188
0 0.2681 0.0078 0.0264 0.0125
0 0.5208 0.3078 0.0306 0.0141
0 0.4667 0.3867 0.0306 0.0141
0 0.9847 0.45 0.0264 0.0156
0 0.9806 0.0164 0.0361 0.0305
0 0.5 0.2047 0.0403 0.0242
0 0.5597 0.4086 0.0181 0.0086
0 0.0542 0.6031 0.0653 0.032
0 0.2903 0.5859 0.0347 0.0172
0 0.3681 0.5977 0.0208 0.0148
