0 0.3861 0.275 0.0556 0.0312
0 0.4097 0.2711 0.0306 0.0273
0 0.5556 0.2336 0.0542 0.0195
0 0.625 0.25 0.0597 0.0297
0 0.5653 0.2711 0.0556 0.032
0 0.6208 0.2664 0.0625 0.0305
0 0.4306 0.3766 0.0264 0.025
0 0.6389 0.3188 0.0528 0.0336
0 0.5569 0.3766 0.0458 0.0234
0 0.4819 0.4758 0.0639 0.0352
0 0.5167 0.4023 0.0583 0.0305
0 0.3972 0.5422 0.0667 0.0344
0 0.2778 0.5656 0.05 0.025
0 0.325 0.5648 0.0347 0.0219
0 0.5194 0.443 0.0333 0.0242
0 0.5847 0.4594 0.0569 0.0344
0 0.7431 0.4961 0.0611 0.0383
0 0.1792 0.6383 0.0542 0.0297
0 0.325 0.6211 0.0681 0.0273
0 0.6319 0.6008 0.05 0.0289
0 0.2819 0.7594 0.0472 0.0305
0 0.0667 0.7461 0.0583 0.0234
0 0.1861 0.6922 0.0208 0.0156
0 0.3292 0.6844 0.0639 0.018
0 0.3389 0.732 0.0611 0.0289
0 0.5236 0.6516 0.0681 0.0312
0 0.4694 0.6906 0.0625 0.0203
0 0.4639 0.7602 0.0361 0.0188
0 0.9111 0.7469 0.0458 0.0242
0 0.9556 0.7438 0.0347 0.0242
0 0.5778 0.7734 0.0542 0.0328
0 0.6264 0.7484 0.0375 0.0266
0 0.425 0.8883 0.0722 0.0477
0 0.6611 0.768 0.0417 0.0227
0 0.6444 0.6766 0.0472 0.0305
0 0.7069 0.7281 0.0528 0.0281
0 0.5653 0.4867 0.0583 0.0234
0 0.5972 0.5109 0.0611 0.0258
0 0.5486 0.3219 0.0444 0.0312
0 0.6181 0.4008 0.0347 0.0133
