0 0.3597 0.4312 0.0458 0.0195
0 0.3389 0.4445 0.0347 0.0219
0 0.4153 0.418 0.025 0.0109
0 0.4653 0.4227 0.0264 0.0242
0 0.9514 0.4266 0.0514 0.0281
0 0.9069 0.3844 0.0181 0.0141
0 0.9333 0.4469 0.0486 0.0258
0 0.9208 0.4633 0.0403 0.0188
0 0.9917 0.4328 0.0139 0.025
0 0.3917 0.4852 0.0236 0.0219
0 0.4528 0.5211 0.0347 0.0188
0 0.5028 0.5047 0.0361 0.0195
0 0.5278 0.5031 0.0222 0.0188
0 0.4931 0.5422 0.0583 0.0203
0 0.8361 0.5602 0.0389 0.0203
0 0.9125 0.5273 0.025 0.0125
0 0.8861 0.5961 0.0306 0.0172
0 0.8361 0.6016 0.0306 0.018
0 0.5778 0.6305 0.0417 0.0195
0 0.1806 0.6492 0.0319 0.0133
0 0.2014 0.6383 0.0389 0.0227
0 0.2042 0.6195 0.0306 0.0195
0 0.225 0.6047 0.0389 0.0164
0 0.2347 0.6172 0.0319 0.0195
0 0.2958 0.5719 0.0375 0.0172
0 0.3139 0.6297 0.0417 0.0227
0 0.3889 0.6 0.025 0.018
0 0.4458 0.6047 0.0306 0.0148
0 0.4778 0.5992 0.0431 0.0242
0 0.475 0.6227 0.05 0.0195
0 0.3833 0.5828 0.0361 0.0203
0 0.375 0.5586 0.0306 0.0234
0 0.4069 0.5602 0.0361 0.0133
0 0.9708 0.6031 0.0125 0.018
