0 0.5139 0.0242 0.0417 0.0266
0 0.5458 0.0367 0.0361 0.0297
0 0.5167 0.05 0.0403 0.0211
0 0.4806 0.0594 0.0486 0.0234
0 0.4306 0.0766 0.0264 0.0266
0 0.4972 0.1039 0.0431 0.0281
0 0.4264 0.15 0.0403 0.0305
0 0.4833 0.1805 0.0458 0.0297
0 0.5236 0.1055 0.0236 0.0266
0 0.5431 0.1461 0.0333 0.0219
0 0.5181 0.1625 0.0431 0.0273
0 0.475 0.1297 0.0292 0.0305
0 0.5611 0.1922 0.0347 0.0203
0 0.6306 0.2562 0.0347 0.0234
0 0.6931 0.2852 0.0375 0.0211
0 0.7083 0.3008 0.0333 0.018
0 0.3931 0.2461 0.0375 0.0258
0 0.5611 0.2789 0.0431 0.018
0 0.5472 0.2977 0.0278 0.018
0 0.5139 0.3398 0.0486 0.0273
0 0.5181 0.2945 0.0278 0.0141
0 0.2417 0.3375 0.0236 0.0156
0 0.4333 0.2031 0.0306 0.018
0 0.5403 0.2195 0.0375 0.0281
0 0.375 0.257 0.0306 0.0141
0 0.6667 0.3875 0.0375 0.0242
0 0.7222 0.4031 0.0361 0.0227
0 0.6389 0.4094 0.0417 0.0312
0 0.5486 0.4469 0.0458 0.0203
0 0.5653 0.4664 0.0389 0.0242
0 0.5694 0.5039 0.0292 0.0195
0 0.6083 0.4906 0.0333 0.0164
0 0.4014 0.4094 0.0431 0.0234
0 0.3667 0.468 0.0403 0.0305
0 0.3222 0.4609 0.0542 0.0242
0 0.3806 0.5336 0.0458 0.0266
0 0.5292 0.6062 0.0542 0.025
0 0.4 0.5477 0.0389 0.0211
0 0.5458 0.5281 0.0375 0.0164
0 0.5542 0.5883 0.0306 0.0188
0 0.5819 0.5938 0.0278 0.0164
0 0.3306 0.5641 0.0347 0.0164
0 0.5264 0.6773 0.0472 0.0266
0 0.55 0.7227 0.0361 0.0336
0 0.6139 0.7984 0.0417 0.0273
0 0.5431 0.3195 0.025 0.018
0 0.4528 0.0984 0.0458 0.0273
0 0.675 0.4102 0.0347 0.0312
0 0.3375 0.4305 0.0542 0.0242
0 0.4153 0.3906 0.0264 0.0211
0 0.4222 0.5203 0.0167 0.0094
0 0.6056 0.6766 0.0167 0.0117
0 0.6319 0.6609 0.0167 0.0148
0 0.9653 0.7555 0.0597 0.0195
0 0.6528 0.7977 0.0458 0.0273
0 0.4528 0.7227 0.0333 0.0172
0 0.5708 0.7016 0.0292 0.0117
0 0.2764 0.5328 0.0333 0.0188
0 0.2722 0.5742 0.0319 0.0133
