0 0.8819 0.8195 0.0931 0.0445
0 0.5125 0.6633 0.0597 0.0359
0 0.5556 0.6227 0.0667 0.0273
0 0.5681 0.6469 0.0569 0.0289
0 0.4861 0.5805 0.0556 0.032
0 0.6736 0.6031 0.0764 0.0406
0 0.7653 0.5656 0.0639 0.0305
0 0.5667 0.7 0.0361 0.0266
0 0.1569 0.4844 0.0528 0.0336
0 0.1292 0.4602 0.0458 0.0117
0 0.3181 0.5312 0.0486 0.0227
0 0.7014 0.5492 0.0667 0.0297
0 0.8097 0.5 0.0611 0.0148
0 0.0917 0.5031 0.0278 0.025
0 0.5597 0.3898 0.0403 0.0172
0 0.7333 0.457 0.0347 0.0328
0 0.825 0.2758 0.0583 0.0289
0 0.8958 0.2945 0.0569 0.0297
0 0.3639 0.2805 0.0556 0.032
0 0.4528 0.3086 0.0333 0.0141
0 0.5111 0.3086 0.0264 0.0242
0 0.5458 0.025 0.0417 0.0258
0 0.6139 0.0469 0.0542 0.0344
0 0.5653 0.0555 0.0611 0.032
0 0.525 0.0797 0.0583 0.0305
0 0.5528 0.1359 0.0611 0.0375
0 0.6208 0.1336 0.0472 0.018
0 0.6486 0.1852 0.0806 0.0336
0 0.6181 0.2062 0.0236 0.0297
0 0.5889 0.1805 0.0569 0.0273
0 0.5625 0.0078 0.0514 0.0148
0 0.4986 0.1484 0.0514 0.0289
0 0.4667 0.1539 0.0375 0.0227
0 0.5347 0.1922 0.0597 0.0367
0 0.5611 0.2055 0.0514 0.0281
0 0.0306 0.5172 0.0292 0.0203
0 0.1444 0.593 0.0556 0.0172
0 0.0139 0.5594 0.025 0.0227
0 0.3097 0.5875 0.0444 0.0266
0 0.3889 0.5797 0.0389 0.0242
0 0.6403 0.4391 0.0347 0.0195
0 0.0889 0.6062 0.0222 0.0234
0 0.0583 0.7023 0.0375 0.0188
0 0.1403 0.7648 0.0417 0.0203
0 0.3806 0.707 0.0458 0.0188
0 0.5472 0.7258 0.0306 0.0109
0 0.4833 0.6555 0.0333 0.0203
