0 0.7444 0.7453 0.05 0.0414
0 0.6806 0.6055 0.0597 0.0344
0 0.1833 0.4766 0.0389 0.0211
0 0.2167 0.5883 0.0333 0.0148
0 0.1125 0.7422 0.0597 0.0305
0 0.7375 0.175 0.0542 0.0336
0 0.7681 0.1859 0.0542 0.0328
0 0.5653 0.1727 0.0556 0.0336
0 0.5417 0.1836 0.0403 0.0188
0 0.6903 0.2938 0.0556 0.0406
0 0.5597 0.2914 0.0556 0.0227
0 0.5153 0.2438 0.0514 0.0273
0 0.5333 0.3875 0.0625 0.0266
0 0.5194 0.4141 0.0458 0.0289
0 0.8528 0.5555 0.0444 0.0242
0 0.8347 0.5016 0.0528 0.0219
0 0.8847 0.4977 0.0444 0.0188
0 0.8042 0.4031 0.05 0.018
0 0.6542 0.368 0.0361 0.0125
0 0.5833 0.7836 0.0431 0.025
0 0.5722 0.2406 0.0264 0.0188
0 0.925 0.557 0.0264 0.0164
0 0.1944 0.5086 0.0333 0.0164
0 0.1722 0.7883 0.0514 0.0312
0 0.5986 0.2469 0.025 0.025
0 0.0944 0.2766 0.05 0.0281
0 0.1236 0.2914 0.0236 0.0234
0 0.6222 0.3273 0.0458 0.0195
0 0.4222 0.4203 0.0403 0.0234
0 0.4139 0.6969 0.0819 0.0156
0 0.3236 0.6398 0.025 0.0219
0 0.5236 0.6891 0.0417 0.0273
0 0.5153 0.8039 0.0389 0.0148
0 0.7944 0.7891 0.0653 0.0258
0 0.8514 0.6922 0.0597 0.0523
0 0.7222 0.707 0.0375 0.0203
0 0.6903 0.432 0.0444 0.0227
0 0.7819 0.4344 0.0458 0.0148
0 0.725 0.4898 0.05 0.0312
0 0.9708 0.5453 0.0389 0.0289
