0 0.4625 0.1438 0.0236 0.0156
0 0.4931 0.143 0.0167 0.0102
0 0.3806 0.1711 0.0278 0.0156
0 0.4528 0.1656 0.0389 0.0086
0 0.4889 0.1664 0.0236 0.0094
0 0.3278 0.243 0.0278 0.0172
0 0.3417 0.2273 0.0153 0.0109
0 0.4042 0.2227 0.025 0.0141
0 0.3569 0.2461 0.0319 0.0195
0 0.4264 0.232 0.025 0.0211
0 0.4014 0.2391 0.0264 0.0156
0 0.4458 0.1867 0.0222 0.0164
0 0.4861 0.2062 0.0292 0.0164
0 0.4819 0.2469 0.0389 0.0172
0 0.5542 0.2359 0.0264 0.0164
0 0.4903 0.2898 0.0222 0.0148
0 0.5042 0.2656 0.0278 0.0172
0 0.5347 0.2625 0.0264 0.0141
0 0.0847 0.3695 0.0319 0.0141
0 0.0569 0.3664 0.025 0.0148
0 0.1014 0.3531 0.025 0.0172
0 0.1292 0.3406 0.025 0.0219
0 0.2639 0.3398 0.0333 0.0133
0 0.1875 0.3828 0.0306 0.0109
0 0.3083 0.3828 0.0347 0.0164
0 0.4917 0.4195 0.0417 0.0203
0 0.4347 0.375 0.0181 0.0188
0 0.5917 0.3406 0.0333 0.0156
0 0.5708 0.3188 0.0306 0.0141
0 0.5028 0.4391 0.0319 0.0156
0 0.5972 0.4312 0.0236 0.0109
0 0.625 0.4258 0.0306 0.0133
0 0.5431 0.4359 0.0319 0.0133
0 0.3083 0.4047 0.0097 0.0125
0 0.3417 0.4875 0.0278 0.0156
0 0.5097 0.5375 0.0361 0.0172
0 0.2625 0.5328 0.0542 0.025
0 0.3611 0.5016 0.0153 0.0125
0 0.5778 0.5906 0.0403 0.0211
0 0.5417 0.5898 0.0222 0.0148
0 0.3528 0.5914 0.0347 0.0219
0 0.3917 0.6 0.025 0.0242
0 0.4139 0.5664 0.0222 0.0148
0 0.1 0.643 0.0292 0.0234
0 0.1472 0.5828 0.0333 0.0211
0 0.1694 0.5656 0.0306 0.0133
0 0.2681 0.582 0.0236 0.0234
0 0.4875 0.6508 0.025 0.0078
0 0.4639 0.6891 0.0458 0.0227
0 0.4903 0.6633 0.0319 0.0156
0 0.5306 0.6531 0.025 0.0117
0 0.6611 0.7305 0.0236 0.0203
0 0.6181 0.732 0.0333 0.018
0 0.6208 0.6992 0.025 0.0195
0 0.6514 0.6797 0.0306 0.0211
0 0.8236 0.6828 0.0611 0.032
0 0.0917 0.3961 0.0333 0.0156
0 0.4583 0.4797 0.0194 0.0141
0 0.4722 0.607 0.0236 0.0109
0 0.4931 0.6219 0.0319 0.018
0 0.725 0.7711 0.0181 0.0195
0 0.7653 0.7617 0.0333 0.0172
0 0.7208 0.7203 0.0389 0.0172
0 0.7069 0.732 0.0444 0.0148
0 0.5278 0.6977 0.0306 0.0141
0 0.4986 0.682 0.0153 0.0164
