0 0.3958 0.2484 0.05 0.0297
0 0.5042 0.2523 0.0417 0.0297
0 0.4028 0.3094 0.0444 0.025
0 0.4569 0.3148 0.0431 0.0289
0 0.5806 0.2953 0.0389 0.0234
0 0.6292 0.2859 0.0417 0.0227
0 0.7264 0.2914 0.0361 0.0188
0 0.7972 0.2852 0.0319 0.0234
0 0.6833 0.3391 0.0375 0.0305
0 0.6431 0.3422 0.0514 0.0258
0 0.5889 0.3297 0.0431 0.0242
0 0.5028 0.3977 0.0514 0.025
0 0.6278 0.3148 0.0375 0.018
0 0.6208 0.4094 0.0486 0.0289
0 0.5333 0.4266 0.0472 0.025
0 0.5917 0.4148 0.0278 0.0133
0 0.5639 0.4469 0.0444 0.018
0 0.5986 0.4797 0.0486 0.0312
0 0.7042 0.418 0.0389 0.0148
0 0.4819 0.5117 0.0458 0.0227
0 0.0403 0.6109 0.05 0.0258
0 0.0736 0.632 0.0333 0.0242
0 0.0375 0.6328 0.0444 0.018
0 0.1236 0.65 0.0444 0.0234
0 0.1542 0.6648 0.0431 0.0289
0 0.2278 0.6586 0.0306 0.0125
0 0.2931 0.6703 0.0389 0.0172
0 0.2528 0.682 0.0583 0.0273
0 0.2347 0.7016 0.05 0.0281
0 0.2917 0.6938 0.0292 0.0156
0 0.0653 0.7539 0.0514 0.0258
0 0.1458 0.7125 0.0458 0.0195
0 0.4389 0.6367 0.0569 0.0305
0 0.6472 0.6492 0.0444 0.0164
0 0.6694 0.6367 0.0347 0.018
0 0.7722 0.6242 0.0375 0.0195
0 0.6472 0.6703 0.0375 0.0172
0 0.6208 0.6859 0.0417 0.0188
0 0.7806 0.6781 0.0333 0.0219
0 0.7444 0.6695 0.0431 0.0211
0 0.5333 0.3805 0.0278 0.0195
0 0.4292 0.5539 0.0375 0.0383
0 0.4167 0.5758 0.0264 0.0141
