0 0.3833 0.0102 0.0403 0.0195
0 0.4083 0.0102 0.0278 0.0195
0 0.2542 0.1156 0.0417 0.0266
0 0.2903 0.1195 0.0347 0.0242
0 0.3194 0.1227 0.025 0.025
0 0.1708 0.1609 0.0486 0.0289
0 0.1944 0.207 0.0514 0.0328
0 0.2361 0.2109 0.0403 0.0359
0 0.3 0.2398 0.0597 0.032
0 0.3278 0.2055 0.0403 0.0289
0 0.3708 0.2039 0.0528 0.0312
0 0.3722 0.1656 0.0306 0.0203
0 0.4153 0.2 0.0153 0.0195
0 0.3861 0.1789 0.0139 0.0203
0 0.4583 0.1984 0.0194 0.0094
0 0.4681 0.2188 0.025 0.0148
0 0.4389 0.2383 0.0194 0.0227
0 0.3333 0.2703 0.0417 0.0258
0 0.3083 0.2656 0.0292 0.0195
0 0.1875 0.2891 0.0528 0.0289
0 0.2556 0.307 0.05 0.0289
0 0.3625 0.2984 0.0306 0.0281
0 0.2014 0.3547 0.0417 0.0203
0 0.1208 0.3711 0.025 0.0195
0 0.0319 0.4312 0.0264 0.0148
0 0.2 0.4328 0.0333 0.0227
0 0.2333 0.4219 0.0431 0.0258
0 0.2444 0.4445 0.0458 0.0273
0 0.2528 0.4617 0.0278 0.0133
0 0.2833 0.3688 0.0597 0.0375
0 0.375 0.3578 0.0222 0.0109
0 0.4833 0.3914 0.0472 0.0266
0 0.9444 0.35 0.0389 0.0188
0 0.9806 0.3523 0.0194 0.0133
0 0.8306 0.443 0.0264 0.0125
0 0.9236 0.4562 0.05 0.0203
0 0.4569 0.4141 0.0431 0.0266
0 0.4028 0.3914 0.0139 0.0125
0 0.3986 0.4398 0.0458 0.0273
0 0.2125 0.5211 0.0347 0.0094
0 0.2014 0.4688 0.0167 0.0133
0 0.0861 0.5734 0.0292 0.0211
0 0.1069 0.5953 0.0361 0.0242
0 0.2486 0.6898 0.0708 0.0375
0 0.2917 0.6898 0.0292 0.0281
0 0.6681 0.6656 0.0278 0.0141
0 0.6875 0.6516 0.0431 0.0258
0 0.6764 0.6164 0.0486 0.0305
0 0.8875 0.5031 0.0333 0.0156
0 0.9 0.525 0.0514 0.0211
0 0.7472 0.5258 0.0292 0.0156
0 0.4375 0.5414 0.0403 0.0203
0 0.4764 0.5367 0.0431 0.0234
0 0.5556 0.5086 0.0222 0.0078
0 0.4333 0.5617 0.0444 0.0195
0 0.4778 0.5789 0.0444 0.0289
0 0.8986 0.6562 0.0611 0.0242
0 0.8347 0.582 0.0347 0.0148
0 0.9833 0.5531 0.0292 0.0141
0 0.8861 0.7109 0.0361 0.0258
