0 0.3653 0.125 0.0375 0.0234
0 0.3875 0.107 0.0403 0.0203
0 0.55 0.2516 0.0361 0.0227
0 0.5694 0.2664 0.0417 0.0258
0 0.5542 0.3172 0.0306 0.0141
0 0.4819 0.407 0.0417 0.0234
0 0.6042 0.4484 0.0514 0.0273
0 0.4222 0.4906 0.0556 0.0281
0 0.4042 0.5016 0.0431 0.0117
0 0.5375 0.493 0.0472 0.0234
0 0.6097 0.4734 0.0389 0.0242
0 0.6153 0.5234 0.0472 0.0273
0 0.5056 0.5062 0.0319 0.0172
0 0.2472 0.5195 0.05 0.0297
0 0.2375 0.5625 0.0292 0.025
0 0.2236 0.5906 0.0569 0.0297
0 0.3875 0.6023 0.0472 0.0227
0 0.5278 0.6125 0.0458 0.0234
0 0.1403 0.4266 0.0375 0.0227
0 0.4764 0.1086 0.0333 0.0188
0 0.1639 0.4414 0.025 0.0219
0 0.5806 0.4273 0.0389 0.0164
0 0.5347 0.4234 0.0222 0.0172
