0 0.5056 0.4383 0.025 0.0141
0 0.5375 0.4352 0.0361 0.0188
0 0.4792 0.4906 0.0514 0.0266
0 0.4486 0.507 0.0403 0.0164
0 0.4847 0.5664 0.0194 0.0125
0 0.5639 0.5539 0.0444 0.0273
0 0.5958 0.5438 0.0458 0.0242
0 0.6389 0.6211 0.0542 0.0266
0 0.5569 0.6492 0.0528 0.025
0 0.1986 0.7188 0.0444 0.0297
0 0.2556 0.7344 0.0472 0.0273
0 0.4278 0.6734 0.0417 0.018
0 0.5125 0.6938 0.025 0.0141
0 0.4819 0.7484 0.0347 0.025
0 0.6153 0.6695 0.0444 0.0227
0 0.7 0.6789 0.0444 0.0336
0 0.7319 0.7023 0.05 0.0219
0 0.7458 0.6594 0.0486 0.018
0 0.5167 0.4594 0.025 0.0195
0 0.575 0.4773 0.0375 0.025
0 0.0958 0.582 0.0389 0.025
0 0.0833 0.5352 0.0319 0.0234
0 0.0611 0.2508 0.0583 0.0336
0 0.5167 0.5102 0.0389 0.018
0 0.5722 0.5156 0.0417 0.0258
0 0.05 0.5398 0.0528 0.0328
0 0.0347 0.7555 0.0458 0.0312
0 0.4458 0.7477 0.0208 0.0203
0 0.0208 0.2367 0.0375 0.0328
0 0.0819 0.5656 0.0278 0.0148
0 0.0417 0.5727 0.0264 0.0164
0 0.0292 0.7172 0.0514 0.0281
0 0.0181 0.5805 0.0306 0.018
0 0.2708 0.7648 0.0333 0.0172
0 0.4875 0.6305 0.0361 0.0148
0 0.9708 0.643 0.0319 0.018
0 0.9917 0.6453 0.0125 0.0188
