0 0.3417 0.0938 0.0639 0.0297
0 0.5069 0.1469 0.0444 0.025
0 0.5167 0.1133 0.0167 0.018
0 0.5639 0.1078 0.0458 0.032
0 0.6264 0.1672 0.0486 0.0336
0 0.6417 0.2164 0.0347 0.0281
0 0.6111 0.2242 0.0431 0.0305
0 0.6708 0.2617 0.0417 0.0289
0 0.5736 0.2883 0.0333 0.0281
0 0.6125 0.2656 0.0403 0.0141
0 0.6403 0.2914 0.0431 0.0297
0 0.6069 0.3 0.0236 0.0156
0 0.6569 0.343 0.0417 0.0273
0 0.6153 0.3461 0.0375 0.0227
0 0.5403 0.3148 0.0403 0.018
0 0.3208 0.3531 0.05 0.0297
0 0.2764 0.3633 0.0514 0.0273
0 0.3417 0.3438 0.0375 0.0273
0 0.35 0.3758 0.0472 0.0273
0 0.1806 0.4 0.05 0.0227
0 0.0319 0.3938 0.0472 0.0312
0 0.0139 0.3695 0.0292 0.0266
0 0.5764 0.3633 0.0542 0.0281
0 0.4944 0.3742 0.0153 0.0141
0 0.5125 0.3961 0.0403 0.0219
0 0.5111 0.4133 0.025 0.0125
0 0.5681 0.3906 0.0583 0.0289
0 0.6153 0.3992 0.0458 0.0352
0 0.6986 0.3922 0.0472 0.0258
0 0.8569 0.4086 0.0625 0.0289
0 0.9806 0.4062 0.0333 0.0273
0 0.7736 0.4688 0.0653 0.032
0 0.7139 0.425 0.0542 0.0242
0 0.6597 0.4484 0.0597 0.032
0 0.5806 0.4336 0.0306 0.0312
0 0.6069 0.4531 0.0486 0.032
0 0.5236 0.4766 0.0444 0.0328
0 0.4972 0.4867 0.0292 0.0242
0 0.1556 0.4914 0.0444 0.0242
0 0.1139 0.5008 0.0486 0.0273
0 0.0681 0.5016 0.0472 0.0258
0 0.0167 0.5016 0.0319 0.025
0 0.0806 0.5172 0.0236 0.0156
0 0.0903 0.6 0.0472 0.0258
0 0.0111 0.6039 0.0222 0.0281
0 0.025 0.6125 0.0208 0.0273
0 0.0319 0.6438 0.0389 0.0164
0 0.4403 0.6086 0.0347 0.0188
0 0.4597 0.5789 0.0375 0.0234
0 0.2819 0.5773 0.0347 0.0258
0 0.2861 0.5453 0.0403 0.0328
0 0.3153 0.5133 0.0292 0.0188
0 0.5417 0.5422 0.0556 0.0305
0 0.4444 0.4672 0.0264 0.0133
0 0.6514 0.6047 0.0556 0.0367
0 0.7 0.5953 0.0458 0.0312
0 0.7264 0.5367 0.0486 0.0195
0 0.6431 0.532 0.025 0.0141
0 0.7972 0.5633 0.0389 0.0273
0 0.7819 0.5273 0.0208 0.0133
0 0.8292 0.5602 0.0389 0.0266
0 0.8 0.6109 0.0222 0.0156
0 0.8528 0.7172 0.0458 0.0297
0 0.9875 0.6984 0.0222 0.0273
0 0.9347 0.7367 0.0306 0.0297
0 0.9819 0.7344 0.0333 0.0258
0 0.6917 0.6422 0.0181 0.0164
0 0.5083 0.6625 0.0444 0.0227
0 0.6264 0.65 0.0417 0.0242
0 0.6514 0.6641 0.0486 0.0234
0 0.025 0.7406 0.0347 0.0234
0 0.1583 0.7664 0.0375 0.0195
0 0.4361 0.7508 0.0472 0.0203
0 0.5319 0.7039 0.0472 0.0242
0 0.6403 0.7516 0.0569 0.032
0 0.7181 0.7234 0.0639 0.0391
0 0.7694 0.7477 0.0514 0.0219
0 0.8597 0.7523 0.0458 0.0297
0 0.825 0.7219 0.0319 0.0188
0 0.8917 0.7312 0.0472 0.0211
0 0.9597 0.7156 0.0472 0.0344
0 0.8819 0.7656 0.0333 0.0195
0 0.85 0.7891 0.0431 0.0367
0 0.8861 0.7906 0.0278 0.0188
0 0.9278 0.8336 0.0375 0.0297
0 0.9597 0.8469 0.0417 0.0227
0 0.7944 0.8398 0.0472 0.0242
0 0.6736 0.8859 0.0528 0.0203
0 0.8 0.9055 0.05 0.0328
0 0.8292 0.8906 0.0486 0.018
0 0.925 0.9062 0.0528 0.032
0 0.9611 0.9375 0.0417 0.0328
0 0.9042 0.9297 0.0667 0.0352
0 0.3597 0.8516 0.0431 0.0281
0 0.2181 0.9125 0.0625 0.0266
0 0.0472 0.9086 0.0639 0.032
0 0.1306 0.8297 0.0458 0.0148
0 0.3097 0.7844 0.0431 0.0297
0 0.0292 0.9609 0.0403 0.0289
0 0.6278 0.9789 0.0417 0.0234
0 0.6806 0.9773 0.0167 0.0141
0 0.0097 0.3195 0.0194 0.0117
0 0.3208 0.6047 0.0403 0.0203
