0 0.4917 0.1117 0.0528 0.043
0 0.3486 0.193 0.0375 0.025
0 0.3694 0.1938 0.0347 0.0242
0 0.5458 0.2211 0.05 0.0297
0 0.5792 0.2531 0.0389 0.0203
0 0.5931 0.2836 0.05 0.0219
0 0.4111 0.3117 0.0403 0.0227
0 0.6931 0.2531 0.0306 0.0227
0 0.6653 0.2539 0.0264 0.0211
0 0.625 0.2508 0.0278 0.0156
0 0.4583 0.2664 0.0292 0.0203
0 0.4361 0.2883 0.0264 0.018
0 0.3861 0.3234 0.0306 0.0164
0 0.1722 0.325 0.0333 0.0188
0 0.1722 0.3414 0.0361 0.0195
0 0.3806 0.3062 0.0236 0.0133
0 0.4069 0.2711 0.0361 0.0102
0 0.6278 0.4195 0.0319 0.0164
0 0.3542 0.407 0.0306 0.0234
0 0.8306 0.4773 0.0361 0.018
0 0.5153 0.5328 0.0389 0.0195
0 0.4431 0.575 0.0597 0.0266
0 0.3931 0.5906 0.0389 0.0305
0 0.4806 0.5961 0.0569 0.032
0 0.675 0.6164 0.0486 0.0305
0 0.8375 0.4945 0.0361 0.0156
0 0.3903 0.2898 0.0278 0.0156
0 0.625 0.4 0.0167 0.0055
0 0.9083 0.3336 0.0444 0.0164
0 0.9417 0.5281 0.0528 0.0234
0 0.5153 0.2242 0.0306 0.0195
0 0.4292 0.2664 0.0278 0.0164
0 0.5208 0.5164 0.0472 0.0242
