0 0.0847 0.4648 0.0528 0.0273
0 0.0583 0.4531 0.0472 0.0188
0 0.0167 0.4555 0.0319 0.0336
0 0.1208 0.4781 0.0333 0.0211
0 0.1181 0.5086 0.0486 0.0234
0 0.1153 0.6023 0.0444 0.025
0 0.2125 0.6078 0.0458 0.0234
0 0.0389 0.6086 0.0528 0.025
0 0.125 0.6227 0.0292 0.0219
0 0.0833 0.6469 0.0472 0.0211
0 0.1667 0.7094 0.0347 0.0227
0 0.2222 0.7672 0.0472 0.0312
0 0.2764 0.7625 0.0417 0.0258
0 0.8514 0.7305 0.025 0.0164
0 0.9222 0.6867 0.0292 0.0141
0 0.8611 0.6273 0.0403 0.0281
0 0.8444 0.5852 0.0542 0.0273
0 0.7444 0.5656 0.0458 0.018
0 0.6528 0.6023 0.0292 0.025
0 0.7222 0.6211 0.0361 0.0227
0 0.7708 0.6148 0.0194 0.0109
0 0.8111 0.607 0.025 0.0148
0 0.7222 0.5898 0.0278 0.0164
0 0.8153 0.4461 0.0403 0.0258
0 0.8861 0.475 0.0542 0.0242
0 0.8181 0.4805 0.0417 0.0211
0 0.7806 0.5117 0.0417 0.0258
0 0.8097 0.5102 0.0292 0.007
0 0.8931 0.5469 0.0208 0.0234
