0 0.3486 0.1008 0.0278 0.0297
0 0.3083 0.1242 0.0194 0.0219
0 0.3333 0.1594 0.0306 0.0203
0 0.3639 0.1461 0.0278 0.0203
0 0.3903 0.2586 0.0389 0.0234
0 0.2889 0.2188 0.0278 0.0133
0 0.1931 0.2375 0.0417 0.0258
0 0.1639 0.243 0.0278 0.0219
0 0.2625 0.3766 0.0306 0.018
0 0.3389 0.3773 0.0361 0.025
0 0.3639 0.4227 0.0444 0.0266
0 0.9917 0.1117 0.0139 0.0227
0 0.9403 0.1695 0.0431 0.0219
0 0.8569 0.2078 0.0431 0.0297
0 0.9903 0.1695 0.0167 0.0203
0 0.9847 0.2039 0.0278 0.0172
0 0.9111 0.325 0.0486 0.0281
0 0.8319 0.3273 0.0333 0.0234
0 0.9153 0.4344 0.0444 0.0266
0 0.9444 0.4305 0.0278 0.0195
0 0.8639 0.3406 0.0181 0.0219
0 0.9542 0.4891 0.0514 0.0203
0 0.9 0.5453 0.0347 0.0133
0 0.8944 0.5961 0.0264 0.0133
0 0.5569 0.6453 0.0389 0.0234
0 0.5917 0.6555 0.0444 0.0266
0 0.8625 0.6312 0.0306 0.0211
0 0.3389 0.1336 0.0417 0.0312
0 0.9694 0.2828 0.0333 0.0188
0 0.9653 0.3633 0.0319 0.0156
0 0.9722 0.382 0.0361 0.0227
0 0.9694 0.4328 0.025 0.0195
0 0.0111 0.4211 0.0236 0.0227
0 0.1653 0.5656 0.0375 0.0219
0 0.2014 0.6406 0.0181 0.0141
0 0.9222 0.5891 0.0292 0.0164
0 0.9542 0.5438 0.0222 0.0156
