0 0.0931 0.3266 0.0472 0.0258
0 0.0458 0.3836 0.0486 0.025
0 0.0125 0.3844 0.0208 0.0242
0 0.3889 0.5547 0.0417 0.0266
0 0.4111 0.5781 0.0431 0.0227
0 0.25 0.5328 0.0375 0.0172
0 0.2931 0.5305 0.0319 0.0195
0 0.3 0.5688 0.0417 0.0219
0 0.2903 0.5484 0.0444 0.0148
0 0.2597 0.5664 0.0361 0.0266
0 0.2347 0.6281 0.0597 0.0281
0 0.2167 0.6719 0.0486 0.0203
0 0.475 0.6578 0.0583 0.032
0 0.7347 0.5805 0.0583 0.0359
0 0.7889 0.5844 0.0611 0.0375
0 0.8028 0.7078 0.0458 0.032
0 0.2056 0.7125 0.0486 0.0234
0 0.0486 0.7477 0.0319 0.0211
0 0.5861 0.6594 0.0444 0.025
0 0.4833 0.7664 0.05 0.0234
0 0.7611 0.7055 0.0472 0.0312
0 0.7722 0.7266 0.0181 0.0156
0 0.0139 0.7125 0.025 0.0297
0 0.0806 0.7227 0.0486 0.0219
0 0.2278 0.7398 0.0458 0.0164
0 0.2639 0.7359 0.0333 0.0203
0 0.3833 0.6469 0.0167 0.0188
0 0.4583 0.6375 0.0347 0.0109
