0 0.4389 0.1047 0.0444 0.032
0 0.5208 0.1602 0.0625 0.0273
0 0.4944 0.1469 0.0431 0.0219
0 0.4139 0.1523 0.0542 0.0211
0 0.6653 0.2344 0.0472 0.0281
0 0.4347 0.2602 0.0542 0.0281
0 0.5111 0.2906 0.0528 0.0297
0 0.5597 0.2781 0.0333 0.0258
0 0.4083 0.3508 0.05 0.025
0 0.2431 0.3414 0.0389 0.0242
0 0.2722 0.3742 0.0375 0.0141
0 0.3389 0.4055 0.0486 0.032
0 0.3431 0.4273 0.025 0.0188
0 0.4167 0.4211 0.0583 0.0258
0 0.3806 0.4133 0.0389 0.018
0 0.5194 0.4039 0.0583 0.0281
0 0.9847 0.3766 0.0264 0.0383
0 0.9667 0.4094 0.0389 0.0203
0 0.8986 0.407 0.0333 0.0172
0 0.8514 0.4188 0.0389 0.018
0 0.8 0.4398 0.0306 0.0188
0 0.8986 0.4547 0.0319 0.0203
0 0.8833 0.4344 0.0222 0.0141
0 0.7778 0.4586 0.0278 0.0141
0 0.4181 0.4516 0.0486 0.025
0 0.1875 0.4648 0.0597 0.0297
0 0.2639 0.4758 0.0472 0.025
0 0.6361 0.4836 0.0319 0.0219
0 0.7153 0.5312 0.0306 0.0164
0 0.6292 0.5383 0.0653 0.0266
0 0.5778 0.5141 0.0542 0.0297
0 0.4583 0.5516 0.0486 0.0203
0 0.5208 0.5742 0.0542 0.0203
0 0.3375 0.5312 0.0514 0.0258
0 0.275 0.5266 0.0472 0.0258
0 0.0361 0.4734 0.0347 0.0195
0 0.4931 0.6164 0.0528 0.0289
0 0.6472 0.6305 0.0583 0.0312
0 0.6861 0.6766 0.0278 0.0203
0 0.5333 0.7336 0.0583 0.032
0 0.7639 0.732 0.0472 0.0281
0 0.2556 0.7219 0.0486 0.0289
0 0.1694 0.6766 0.0319 0.0141
0 0.9764 0.5805 0.0361 0.0188
0 0.9597 0.7242 0.0389 0.0219
0 0.2625 0.3289 0.0319 0.0195
0 0.4528 0.1406 0.0167 0.018
0 0.4403 0.2367 0.0444 0.025
0 0.5319 0.2633 0.0444 0.0312
0 0.5722 0.6484 0.0403 0.0109
0 0.6194 0.7227 0.0361 0.0211
0 0.5722 0.7266 0.0236 0.0211
0 0.9319 0.9086 0.0431 0.0234
0 0.9792 0.9047 0.0236 0.0188
0 0.4528 0.3484 0.0361 0.0234
