0 0.4 0.1102 0.0597 0.0375
0 0.3319 0.1586 0.05 0.0312
0 0.3069 0.1531 0.0236 0.025
0 0.2236 0.1805 0.0486 0.0328
0 0.2611 0.1781 0.0375 0.0258
0 0.3153 0.2016 0.0556 0.0352
0 0.1958 0.2039 0.0389 0.0273
0 0.2111 0.2289 0.0347 0.0156
0 0.4528 0.2117 0.0458 0.0164
0 0.4306 0.2781 0.05 0.0281
0 0.2625 0.2625 0.0431 0.0227
0 0.2028 0.2789 0.0306 0.0203
0 0.2556 0.2812 0.0361 0.0164
0 0.2333 0.3086 0.0528 0.0266
0 0.2056 0.3016 0.0306 0.0172
0 0.0083 0.3422 0.0139 0.0281
0 0.2444 0.3352 0.0542 0.0289
0 0.4722 0.3398 0.0528 0.025
0 0.5181 0.343 0.0389 0.0219
0 0.9792 0.4117 0.0389 0.032
0 0.4403 0.4211 0.0514 0.0242
0 0.2306 0.4094 0.0486 0.0273
0 0.1458 0.4406 0.0375 0.0141
0 0.1931 0.4391 0.05 0.0211
0 0.2472 0.443 0.0472 0.0266
0 0.0222 0.468 0.0389 0.0336
0 0.3625 0.4477 0.0389 0.0312
0 0.4208 0.4477 0.05 0.0242
0 0.3583 0.5039 0.0319 0.0203
0 0.3486 0.6094 0.0306 0.0156
0 0.0597 0.6555 0.0361 0.0273
0 0.5722 0.6336 0.0431 0.0266
0 0.9056 0.6367 0.0514 0.0312
0 0.9486 0.5422 0.0333 0.0109
0 0.3667 0.2117 0.0389 0.0227
0 0.4431 0.1875 0.0486 0.0281
0 0.2972 0.3594 0.0292 0.0203
0 0.2986 0.3297 0.0458 0.0172
0 0.5431 0.5289 0.0444 0.0312
0 0.55 0.657 0.0431 0.0227
0 0.7208 0.6242 0.0333 0.0133
0 0.9778 0.6227 0.0389 0.0234
