0 0.0153 0.1875 0.0306 0.0164
0 0.0472 0.1906 0.0333 0.0164
0 0.0778 0.1992 0.0222 0.0133
0 0.0889 0.1797 0.0278 0.0148
0 0.1264 0.2344 0.0264 0.0148
0 0.1556 0.2406 0.0403 0.0242
0 0.1944 0.232 0.0389 0.0242
0 0.1875 0.2555 0.0264 0.0203
0 0.2167 0.168 0.0264 0.0117
0 0.2472 0.1086 0.0236 0.0148
0 0.2486 0.1227 0.0264 0.0133
0 0.2931 0.1258 0.0236 0.0133
0 0.2806 0.1727 0.0222 0.0141
0 0.3125 0.1805 0.0264 0.0133
0 0.3819 0.2141 0.0194 0.0156
0 0.2597 0.2414 0.0292 0.0156
0 0.3458 0.2523 0.0486 0.0258
0 0.2417 0.2961 0.0375 0.0188
0 0.2097 0.2906 0.0347 0.0203
0 0.1972 0.3125 0.0208 0.0188
0 0.2819 0.3203 0.0264 0.0188
0 0.3 0.35 0.0375 0.0172
0 0.2597 0.3328 0.0347 0.0188
0 0.1667 0.3289 0.0292 0.0211
0 0.1542 0.2906 0.0403 0.025
0 0.1153 0.2875 0.0417 0.0227
0 0.1181 0.3102 0.0278 0.0172
0 0.0278 0.3188 0.0319 0.0188
0 0.05 0.3117 0.0319 0.0148
0 0.1125 0.3195 0.0236 0.0102
0 0.0875 0.3242 0.0278 0.0164
0 0.0736 0.3195 0.0347 0.0203
0 0.3681 0.1445 0.0236 0.0148
0 0.3917 0.1609 0.0333 0.0156
0 0.0097 0.4625 0.0181 0.0227
0 0.0792 0.4203 0.0431 0.0195
0 0.1181 0.4477 0.0486 0.025
0 0.1 0.5094 0.0417 0.018
0 0.1944 0.5242 0.0417 0.0242
0 0.2778 0.4516 0.0306 0.0195
0 0.275 0.5195 0.0444 0.0195
0 0.2486 0.6008 0.0292 0.0156
0 0.2917 0.6219 0.0083 0.0125
0 0.3861 0.6422 0.0208 0.0141
0 0.3722 0.5977 0.0194 0.0141
0 0.3694 0.5766 0.0403 0.0188
0 0.3431 0.5062 0.0292 0.0141
0 0.3167 0.5469 0.0403 0.0203
0 0.4278 0.5133 0.0389 0.0195
0 0.4 0.5336 0.0361 0.0195
0 0.4222 0.5461 0.0361 0.0227
0 0.4361 0.7117 0.0236 0.0211
0 0.4903 0.6969 0.0278 0.018
0 0.5 0.6133 0.0361 0.0188
0 0.5444 0.6219 0.0167 0.0125
0 0.6097 0.6508 0.0236 0.0078
0 0.4375 0.4703 0.0306 0.0148
0 0.6097 0.5766 0.0306 0.0164
0 0.6639 0.593 0.0181 0.0156
0 0.7111 0.5992 0.0278 0.0164
0 0.5153 0.2734 0.0319 0.0188
0 0.5528 0.268 0.0361 0.0148
0 0.5167 0.2961 0.0458 0.0211
0 0.4542 0.3094 0.0431 0.0234
0 0.4292 0.3461 0.0444 0.0219
0 0.4472 0.3602 0.0278 0.0133
0 0.5278 0.3641 0.0347 0.0227
0 0.65 0.2062 0.0264 0.0211
0 0.7333 0.2109 0.0292 0.0109
0 0.7972 0.2844 0.0333 0.018
0 0.8306 0.2742 0.0333 0.0227
0 0.8667 0.2578 0.0375 0.0188
0 0.8972 0.2898 0.0292 0.0219
0 0.6194 0.3773 0.0278 0.0195
0 0.6889 0.518 0.0361 0.0188
0 0.7597 0.4906 0.0389 0.0234
0 0.7764 0.5062 0.0417 0.018
0 0.7944 0.5492 0.0278 0.0102
0 0.7667 0.5625 0.0375 0.0164
0 0.7861 0.6172 0.0181 0.0148
0 0.8431 0.5336 0.0319 0.0172
0 0.8736 0.5406 0.0292 0.0141
0 0.9528 0.6539 0.0236 0.0117
0 0.4514 0.7266 0.0264 0.0141
0 0.9458 0.5125 0.0194 0.0086
0 0.8708 0.2867 0.025 0.0203
0 0.3028 0.1352 0.0222 0.0133
0 0.2653 0.3688 0.0389 0.0195
0 0.5556 0.3625 0.0292 0.0195
0 0.9861 0.5977 0.0236 0.0172
0 0.0097 0.5609 0.0167 0.0164
0 0.1097 0.4688 0.0347 0.0188
0 0.1347 0.2602 0.0333 0.0273
0 0.1528 0.2156 0.0361 0.0133
0 0.3653 0.1266 0.0111 0.0102
