0 0.1583 0.5953 0.0222 0.025
0 0.2431 0.4891 0.0319 0.0234
0 0.1264 0.4477 0.0528 0.0289
0 0.1875 0.45 0.0444 0.025
0 0.1125 0.3406 0.0444 0.0211
0 0.1708 0.3469 0.0333 0.025
0 0.2181 0.3211 0.0583 0.0258
0 0.25 0.3039 0.0333 0.0211
0 0.1639 0.275 0.0528 0.0203
0 0.1736 0.2531 0.0347 0.0203
0 0.0153 0.1938 0.0319 0.0312
0 0.0194 0.15 0.0375 0.0305
0 0.0611 0.0414 0.0458 0.0375
0 0.1556 0.1484 0.0444 0.0195
0 0.2528 0.1938 0.0417 0.0258
0 0.775 0.193 0.0486 0.0273
0 0.8208 0.2039 0.0431 0.0281
0 0.775 0.1195 0.0361 0.0219
0 0.6667 0.0422 0.05 0.0344
0 0.5847 0.0617 0.0458 0.0266
0 0.6319 0.0594 0.0444 0.0211
0 0.5958 0.0336 0.05 0.0258
0 0.0125 0.2398 0.0264 0.0414
0 0.0069 0.3703 0.0111 0.0258
0 0.1389 0.4258 0.0361 0.0211
0 0.2611 0.3344 0.0486 0.0258
0 0.8083 0.4383 0.0528 0.0258
0 0.1556 0.5742 0.0403 0.0117
0 0.3694 0.7117 0.0472 0.0273
0 0.5264 0.6766 0.0444 0.0234
0 0.1722 0.4695 0.0444 0.0125
