0 0.2056 0.1258 0.0319 0.0195
0 0.2333 0.1297 0.0292 0.0172
0 0.2528 0.1297 0.0153 0.0148
0 0.2708 0.1383 0.0236 0.0148
0 0.2903 0.118 0.0264 0.0172
0 0.3208 0.1125 0.0292 0.0211
0 0.3278 0.1328 0.0292 0.0172
0 0.3486 0.1367 0.0181 0.0133
0 0.3306 0.1797 0.0278 0.0172
0 0.3625 0.1586 0.0361 0.0203
0 0.0819 0.3227 0.0222 0.007
0 0.1542 0.3453 0.0306 0.018
0 0.0056 0.3016 0.0111 0.0133
0 0.0444 0.3602 0.0222 0.0172
0 0.0056 0.4016 0.0097 0.0141
0 0.0181 0.4125 0.0292 0.0188
0 0.0667 0.4273 0.0403 0.0234
0 0.0125 0.4953 0.0264 0.0281
0 0.0458 0.5148 0.0458 0.0227
0 0.0722 0.532 0.025 0.0133
0 0.1139 0.518 0.0292 0.0172
0 0.1472 0.5273 0.0306 0.0172
0 0.1889 0.5469 0.0292 0.0156
0 0.1486 0.6047 0.0181 0.0133
0 0.2986 0.5344 0.0375 0.0219
0 0.1083 0.4086 0.0278 0.0203
0 0.1486 0.4383 0.0333 0.0219
0 0.1944 0.4648 0.0403 0.0219
0 0.2264 0.4578 0.05 0.0219
0 0.2806 0.4453 0.0417 0.0281
0 0.2417 0.3719 0.0264 0.018
0 0.4819 0.0375 0.0264 0.018
0 0.4806 0.0531 0.0306 0.0172
0 0.5361 0.0578 0.025 0.0164
0 0.5597 0.1188 0.0319 0.0203
0 0.6208 0.0594 0.0167 0.0117
0 0.6333 0.0828 0.0278 0.0203
0 0.6444 0.0977 0.0292 0.0219
0 0.6694 0.1977 0.0542 0.0336
0 0.7681 0.132 0.0167 0.018
0 0.575 0.1836 0.0347 0.0258
0 0.5014 0.1719 0.0444 0.0305
0 0.4556 0.1812 0.0486 0.0297
0 0.4958 0.2008 0.0389 0.0242
0 0.4 0.2375 0.0431 0.0281
0 0.2361 0.2734 0.0208 0.018
0 0.2278 0.2773 0.0264 0.0156
0 0.2792 0.2781 0.0264 0.0172
0 0.3042 0.2836 0.0264 0.0203
0 0.9153 0.2219 0.0403 0.0211
0 0.8708 0.2258 0.0403 0.0219
0 0.8708 0.2539 0.0472 0.025
0 0.8 0.268 0.05 0.0281
0 0.3444 0.2648 0.0361 0.0203
0 0.3972 0.2953 0.0347 0.018
0 0.3417 0.2773 0.0306 0.0172
0 0.4056 0.3117 0.0319 0.0172
0 0.3861 0.5008 0.0444 0.0234
0 0.3958 0.4 0.0569 0.0266
0 0.4417 0.4305 0.0542 0.0305
0 0.5694 0.4344 0.0306 0.0164
0 0.6583 0.4555 0.0278 0.0109
0 0.6403 0.4203 0.0264 0.0133
0 0.75 0.4547 0.0292 0.0188
0 0.4472 0.5 0.0278 0.0172
0 0.4958 0.5195 0.0444 0.0266
0 0.5722 0.5141 0.0486 0.025
0 0.4097 0.2531 0.0333 0.0164
0 0.4444 0.2422 0.0417 0.0273
0 0.5028 0.2422 0.0417 0.0266
0 0.5486 0.25 0.0458 0.0219
0 0.4917 0.268 0.0417 0.0211
0 0.4639 0.2734 0.0264 0.025
0 0.5 0.2844 0.0444 0.0227
0 0.5458 0.2938 0.0375 0.0203
0 0.5819 0.3133 0.0389 0.0219
0 0.5 0.6031 0.0292 0.0148
0 0.5111 0.6203 0.0139 0.0148
0 0.6056 0.6445 0.0167 0.0141
0 0.625 0.5445 0.0389 0.0227
0 0.6264 0.5977 0.0222 0.0148
0 0.6458 0.5758 0.0431 0.0188
0 0.7736 0.3133 0.0458 0.0234
0 0.8653 0.3336 0.0431 0.0289
0 0.7583 0.3312 0.0375 0.0203
0 0.8903 0.3617 0.0333 0.0156
0 0.75 0.5094 0.0431 0.0227
0 0.7167 0.5328 0.0347 0.0211
0 0.7361 0.5477 0.0403 0.0266
0 0.8056 0.6242 0.0417 0.0211
0 0.6806 0.725 0.0236 0.018
0 0.6903 0.7422 0.0347 0.0109
0 0.7417 0.7125 0.0278 0.0172
0 0.9417 0.3477 0.0333 0.0172
0 0.9431 0.5836 0.0306 0.0172
0 0.8694 0.6609 0.0181 0.0062
0 0.6847 0.1039 0.0292 0.0117
0 0.2625 0.2609 0.05 0.0219
0 0.3472 0.0914 0.0361 0.0148
0 0.2708 0.1055 0.0208 0.0102
0 0.6708 0.0883 0.0333 0.0219
0 0.7931 0.1383 0.0333 0.0109
0 0.1792 0.382 0.0306 0.0156
0 0.2014 0.4039 0.0556 0.0297
0 0.3139 0.4055 0.0319 0.0289
0 0.3681 0.4109 0.0278 0.0133
0 0.9125 0.5328 0.0222 0.0188
0 0.9944 0.607 0.0083 0.0148
