0 0.4597 0.2094 0.0528 0.0305
0 0.5333 0.1969 0.0208 0.0203
0 0.6153 0.2062 0.0528 0.0312
0 0.65 0.2156 0.05 0.0297
0 0.5708 0.318 0.05 0.0352
0 0.5264 0.3562 0.0333 0.0164
0 0.6403 0.4086 0.0333 0.0172
0 0.4292 0.4086 0.0514 0.0188
0 0.3917 0.4359 0.0514 0.0258
0 0.5792 0.4523 0.0389 0.0234
0 0.5958 0.5055 0.0458 0.0266
0 0.3542 0.5992 0.0514 0.0211
0 0.5889 0.5609 0.0306 0.0133
0 0.725 0.5164 0.0347 0.0211
0 0.7486 0.5648 0.025 0.0227
0 0.6736 0.6922 0.0431 0.0469
0 0.3208 0.7047 0.0458 0.0141
0 0.3944 0.7328 0.0278 0.0148
0 0.0514 0.3156 0.0431 0.0258
0 0.0917 0.3281 0.0431 0.0219
0 0.6931 0.4219 0.0486 0.0188
0 0.8167 0.5586 0.0264 0.0195
0 0.4472 0.7039 0.0375 0.0164
0 0.125 0.7977 0.0431 0.0312
0 0.0764 0.7461 0.0542 0.0258
0 0.5708 0.6086 0.025 0.018
0 0.425 0.2758 0.0236 0.0227
0 0.4486 0.3203 0.0458 0.0227
0 0.6 0.4016 0.0181 0.0094
0 0.1569 0.5023 0.0375 0.0125
0 0.7111 0.4555 0.0472 0.0219
0 0.7819 0.5086 0.0306 0.0219
0 0.2667 0.8047 0.0333 0.018
0 0.4847 0.7344 0.0472 0.0133
0 0.6014 0.7375 0.0486 0.0359
0 0.6403 0.7797 0.05 0.0227
