0 0.6375 0.0359 0.0556 0.0312
0 0.6208 0.0633 0.0431 0.0148
0 0.6833 0.082 0.0514 0.0344
0 0.6403 0.0906 0.05 0.0305
0 0.6097 0.1156 0.0486 0.0312
0 0.7375 0.1617 0.0208 0.0211
0 0.6875 0.1727 0.0472 0.0242
0 0.625 0.1695 0.0514 0.0336
0 0.5778 0.1773 0.0264 0.0156
0 0.55 0.1914 0.0222 0.0141
0 0.7278 0.2141 0.0569 0.0312
0 0.6708 0.2102 0.025 0.0211
0 0.7042 0.2242 0.0278 0.0258
0 0.675 0.2234 0.0278 0.025
0 0.6431 0.2328 0.0375 0.0227
0 0.7 0.2391 0.0208 0.018
0 0.9056 0.2961 0.0556 0.0266
0 0.9722 0.3109 0.0528 0.0289
0 0.6028 0.2633 0.0361 0.0266
0 0.4542 0.3047 0.0375 0.0203
0 0.6069 0.3484 0.0347 0.0242
0 0.6292 0.407 0.0306 0.0203
0 0.7875 0.5781 0.0639 0.0344
0 0.7014 0.6031 0.0486 0.0242
0 0.5361 0.5859 0.0542 0.0289
0 0.5819 0.625 0.0583 0.0297
0 0.3944 0.5445 0.0292 0.0211
0 0.5431 0.6664 0.0625 0.0391
0 0.5986 0.6508 0.0431 0.025
0 0.6 0.6938 0.0278 0.018
0 0.8875 0.5102 0.025 0.0102
0 0.2528 0.4977 0.0472 0.0289
0 0.2347 0.4781 0.0583 0.0133
0 0.7903 0.4711 0.0389 0.0328
0 0.5 0.3125 0.0278 0.018
0 0.9236 0.8242 0.0764 0.0484
0 0.5597 0.3406 0.0236 0.0227
0 0.0569 0.4273 0.0306 0.025
0 0.0917 0.4312 0.0444 0.0219
0 0.0333 0.4883 0.0583 0.0258
0 0.1556 0.5234 0.0431 0.025
0 0.2069 0.5109 0.0458 0.0258
0 0.1083 0.5445 0.0222 0.0195
0 0.1306 0.5672 0.0361 0.0156
0 0.2681 0.5984 0.0375 0.0164
0 0.7375 0.557 0.0583 0.032
0 0.8806 0.6406 0.0361 0.0172
0 0.0139 0.6453 0.025 0.0203
0 0.1028 0.6359 0.0278 0.018
0 0.1597 0.6953 0.0403 0.0242
0 0.0986 0.7531 0.0194 0.0172
0 0.2361 0.7609 0.0375 0.0227
0 0.4681 0.7094 0.0292 0.0172
0 0.4347 0.6477 0.0347 0.0211
0 0.4569 0.6344 0.0444 0.0227
