0 0.0667 0.1469 0.0347 0.0195
0 0.1222 0.1594 0.0319 0.0164
0 0.0972 0.168 0.0361 0.0195
0 0.0875 0.1836 0.0375 0.0219
0 0.1306 0.1734 0.0292 0.0109
0 0.15 0.1836 0.0361 0.0219
0 0.1514 0.2039 0.0347 0.0188
0 0.0792 0.2125 0.0319 0.018
0 0.0583 0.2266 0.0319 0.0188
0 0.0097 0.1828 0.0167 0.0211
0 0.0264 0.1875 0.0208 0.0164
0 0.0139 0.2 0.025 0.0141
0 0.2014 0.2461 0.0264 0.0141
0 0.2111 0.2164 0.0236 0.0203
0 0.2972 0.2148 0.0375 0.0219
0 0.2806 0.2328 0.0361 0.0195
0 0.1208 0.2695 0.05 0.0227
0 0.0722 0.2883 0.0361 0.0211
0 0.0639 0.3055 0.0389 0.0211
0 0.0319 0.3391 0.0361 0.0211
0 0.0069 0.3547 0.0097 0.0148
0 0.1028 0.368 0.0319 0.0164
0 0.0944 0.3258 0.0264 0.0156
0 0.2681 0.2609 0.0292 0.018
0 0.3681 0.2664 0.0389 0.0234
0 0.3097 0.3109 0.0361 0.0219
0 0.3819 0.2984 0.0417 0.025
0 0.4208 0.3172 0.0292 0.0195
0 0.3306 0.3445 0.0431 0.0211
0 0.4792 0.3648 0.0306 0.018
0 0.1931 0.4727 0.0472 0.0211
0 0.475 0.4969 0.0403 0.0227
0 0.5444 0.4719 0.0306 0.0172
0 0.5486 0.4977 0.0389 0.0195
0 0.5417 0.5523 0.0333 0.0188
0 0.6639 0.4562 0.0347 0.0227
0 0.7847 0.4922 0.0375 0.0219
0 0.8097 0.4781 0.0403 0.0211
0 0.8833 0.4969 0.0194 0.0148
0 0.6986 0.3617 0.0403 0.0203
0 0.6917 0.4117 0.0389 0.018
0 0.6639 0.4328 0.0333 0.0156
0 0.7028 0.4297 0.0389 0.0219
0 0.8389 0.3852 0.0417 0.0242
0 0.8694 0.4 0.0444 0.0258
0 0.9639 0.3773 0.0417 0.0242
0 0.7125 0.4703 0.0319 0.0156
0 0.9222 0.5117 0.0361 0.0219
0 0.9486 0.5086 0.0278 0.0156
0 0.9764 0.5148 0.0319 0.0148
0 0.3306 0.4758 0.0194 0.0156
0 0.9931 0.382 0.0097 0.018
0 0.7236 0.3672 0.0139 0.0164
0 0.875 0.6805 0.0458 0.0273
0 0.9278 0.6641 0.0514 0.0328
0 0.9125 0.6195 0.0528 0.0266
0 0.7806 0.2703 0.0403 0.0258
0 0.2667 0.293 0.025 0.0141
0 0.4333 0.3539 0.0292 0.0156
0 0.4625 0.3453 0.0194 0.0117
0 0.4458 0.3188 0.0181 0.0156
0 0.3264 0.4312 0.0347 0.0195
0 0.3361 0.4094 0.0167 0.0094
0 0.4431 0.443 0.0319 0.0133
0 0.5986 0.4625 0.0306 0.0195
0 0.2014 0.4852 0.0292 0.0148
