0 0.3403 0.7133 0.0569 0.0336
0 0.2556 0.6594 0.0528 0.0305
0 0.2194 0.6914 0.0514 0.0297
0 0.2597 0.6812 0.0361 0.0164
0 0.1792 0.7328 0.0444 0.0281
0 0.1361 0.7531 0.0597 0.0281
0 0.4792 0.6297 0.0611 0.0344
0 0.1917 0.5859 0.0569 0.025
0 0.1917 0.6062 0.05 0.0195
0 0.3639 0.2398 0.0431 0.025
0 0.3347 0.1898 0.0278 0.0117
0 0.3236 0.3117 0.0472 0.0305
0 0.2917 0.3141 0.0292 0.0219
0 0.3722 0.3531 0.05 0.0258
0 0.2833 0.3539 0.0444 0.0281
0 0.4208 0.3625 0.0347 0.018
0 0.5333 0.4523 0.0486 0.0289
0 0.575 0.5172 0.0597 0.0328
0 0.5194 0.5055 0.0431 0.0195
0 0.6486 0.5562 0.0458 0.0234
0 0.7208 0.5789 0.0486 0.0281
0 0.5819 0.6078 0.0375 0.0203
0 0.3403 0.4797 0.0458 0.0273
0 0.4194 0.507 0.0458 0.0203
0 0.2889 0.5586 0.0222 0.0227
0 0.7208 0.8148 0.0458 0.0273
0 0.6708 0.8102 0.0444 0.0273
0 0.3306 0.8 0.0458 0.0242
0 0.1097 0.8945 0.0736 0.0414
0 0.2347 0.8156 0.0514 0.0266
0 0.5069 0.9141 0.0542 0.0344
0 0.5194 0.8812 0.0556 0.0344
0 0.5056 0.5219 0.0389 0.0219
0 0.6111 0.5375 0.05 0.0148
0 0.4222 0.4531 0.0347 0.0188
0 0.6653 0.5859 0.0361 0.0234
0 0.6514 0.6125 0.025 0.0141
0 0.7931 0.8086 0.0306 0.0234
0 0.6694 0.7688 0.0681 0.025
0 0.5319 0.7766 0.0611 0.0289
0 0.7389 0.8383 0.0514 0.0258
0 0.4 0.2727 0.0292 0.0234
0 0.9722 0.7297 0.0347 0.0172
0 0.9667 0.9727 0.05 0.025
