0 0.0278 0.0578 0.0306 0.0172
0 0.1167 0.0578 0.05 0.0281
0 0.1319 0.0961 0.0486 0.032
0 0.1042 0.0953 0.0236 0.0234
0 0.0903 0.0875 0.0347 0.018
0 0.0778 0.107 0.0347 0.0203
0 0.0472 0.1133 0.0361 0.0164
0 0.0278 0.1422 0.0292 0.018
0 0.0125 0.1812 0.0264 0.0133
0 0.0708 0.1602 0.025 0.0141
0 0.0528 0.2008 0.0181 0.0125
0 0.0861 0.2172 0.0292 0.0164
0 0.1167 0.1938 0.0347 0.0188
0 0.1847 0.0617 0.0236 0.0164
0 0.2 0.0742 0.0208 0.0148
0 0.2472 0.0977 0.0333 0.0227
0 0.2708 0.1055 0.0222 0.0219
0 0.2875 0.1258 0.0417 0.0258
0 0.2833 0.2031 0.0458 0.0305
0 0.3014 0.2609 0.0542 0.025
0 0.2458 0.3 0.0458 0.0117
0 0.1917 0.343 0.0319 0.018
0 0.1597 0.3445 0.0431 0.0234
0 0.1333 0.3781 0.0514 0.0305
0 0.0375 0.5297 0.0347 0.0195
0 0.1319 0.5367 0.0333 0.0258
0 0.2264 0.3992 0.0333 0.025
0 0.2556 0.3867 0.0458 0.0281
0 0.3111 0.6023 0.0264 0.0164
0 0.3514 0.6297 0.0264 0.0172
0 0.4278 0.6047 0.0139 0.0109
0 0.4486 0.607 0.025 0.0164
0 0.5208 0.6758 0.025 0.0141
0 0.5806 0.6344 0.0361 0.0164
0 0.5736 0.6195 0.0361 0.0141
0 0.5042 0.5125 0.025 0.0203
0 0.5306 0.5195 0.0472 0.0234
0 0.4153 0.5477 0.0181 0.018
0 0.5056 0.5664 0.0389 0.0242
0 0.5181 0.5898 0.0306 0.0172
0 0.5236 0.6031 0.0278 0.0086
0 0.5847 0.5828 0.0458 0.025
0 0.6875 0.5781 0.0556 0.0273
0 0.3889 0.218 0.0278 0.0141
0 0.4208 0.2273 0.0347 0.0195
0 0.3125 0.3617 0.0444 0.0195
0 0.4056 0.3227 0.0542 0.0281
0 0.4403 0.3375 0.0292 0.0102
0 0.4458 0.2531 0.0236 0.0148
0 0.4514 0.2695 0.0208 0.0188
0 0.55 0.3531 0.0167 0.0125
0 0.5167 0.3727 0.0292 0.0172
0 0.5417 0.4156 0.0236 0.0148
0 0.7764 0.5516 0.0403 0.0266
0 0.7694 0.5922 0.0306 0.0141
0 0.8708 0.6086 0.0431 0.0242
0 0.8611 0.6406 0.0556 0.0312
0 0.9028 0.6977 0.0556 0.0258
0 0.9667 0.6523 0.0208 0.0227
0 0.9278 0.5664 0.0583 0.0336
0 0.9778 0.5406 0.0403 0.0203
0 0.7097 0.4867 0.0222 0.0086
0 0.7889 0.4797 0.0458 0.0227
0 0.4722 0.2219 0.0361 0.0234
0 0.5097 0.2234 0.0333 0.0219
0 0.5014 0.2477 0.0319 0.0219
0 0.5361 0.2352 0.0208 0.0172
0 0.5653 0.3055 0.0319 0.0203
0 0.5333 0.1812 0.0278 0.0148
0 0.6319 0.2328 0.0389 0.0227
0 0.6486 0.2469 0.0222 0.0164
0 0.6403 0.1562 0.0389 0.018
0 0.6667 0.1844 0.0278 0.0156
0 0.7264 0.2273 0.0306 0.0141
0 0.7403 0.1406 0.0444 0.0242
0 0.7472 0.1781 0.0458 0.0242
0 0.7806 0.1984 0.0319 0.0195
0 0.8083 0.2328 0.0333 0.0148
0 0.8444 0.182 0.0347 0.0266
0 0.8333 0.1984 0.0306 0.0203
0 0.8556 0.2164 0.0319 0.0188
0 0.8722 0.1891 0.0292 0.0188
0 0.9125 0.207 0.0333 0.0211
0 0.9361 0.182 0.0486 0.0258
0 0.9819 0.1578 0.0278 0.0211
0 0.9083 0.3023 0.0264 0.0172
0 0.9278 0.3109 0.0264 0.0133
0 0.9528 0.3422 0.025 0.0133
0 0.5819 0.357 0.025 0.0117
0 0.6361 0.3906 0.0222 0.0133
0 0.6486 0.4188 0.0292 0.0141
0 0.6514 0.4 0.0153 0.0125
0 0.6847 0.4172 0.0306 0.0141
0 0.7069 0.4086 0.0236 0.0172
0 0.7208 0.4359 0.0319 0.0148
0 0.8556 0.4891 0.0458 0.0203
0 0.9125 0.4797 0.0264 0.0117
0 0.9319 0.4945 0.0222 0.0109
0 0.7889 0.3922 0.0278 0.0109
0 0.7278 0.3734 0.0167 0.0086
0 0.7236 0.3836 0.0236 0.0086
0 0.0667 0.3883 0.0222 0.0188
0 0.1125 0.1219 0.0319 0.0242
0 0.2667 0.0805 0.0222 0.018
0 0.2375 0.0828 0.0333 0.0141
0 0.3736 0.2102 0.0278 0.0094
0 0.1486 0.1656 0.0236 0.018
0 0.9792 0.1805 0.0306 0.0211
0 0.8764 0.2219 0.0236 0.0141
0 0.9819 0.2883 0.025 0.0172
0 0.1069 0.543 0.0194 0.0156
0 0.55 0.5547 0.0361 0.0133
0 0.8278 0.5914 0.0278 0.0141
0 0.9375 0.6156 0.0389 0.0234
0 0.8972 0.4102 0.025 0.0133
0 0.9264 0.4266 0.0347 0.007
0 0.9667 0.4086 0.0125 0.0094
0 0.8972 0.3281 0.025 0.0156
