0 0.7625 0.1492 0.0306 0.0125
0 0.8 0.1727 0.025 0.0195
0 0.8889 0.1852 0.0319 0.0203
0 0.6889 0.2195 0.0292 0.018
0 0.7056 0.2047 0.0125 0.0141
0 0.7694 0.2 0.0306 0.0148
0 0.775 0.2156 0.0236 0.0141
0 0.8097 0.2086 0.0319 0.0148
0 0.7194 0.2211 0.0306 0.0203
0 0.8694 0.2227 0.0264 0.0203
0 0.9069 0.2117 0.0292 0.0195
0 0.8944 0.2398 0.0347 0.0172
0 0.8208 0.2531 0.0167 0.0141
0 0.7681 0.2305 0.0278 0.0156
0 0.9833 0.3406 0.0181 0.0148
0 0.8625 0.3453 0.0306 0.0148
0 0.7819 0.3602 0.0361 0.0219
0 0.6847 0.3125 0.0292 0.0109
0 0.7153 0.3547 0.0264 0.018
0 0.0181 0.4555 0.0347 0.0281
0 0.5778 0.5086 0.0333 0.0164
0 0.6319 0.4055 0.0208 0.0156
0 0.4972 0.343 0.0306 0.0156
0 0.5097 0.3273 0.0306 0.0156
0 0.6194 0.3148 0.0347 0.0133
0 0.7042 0.3359 0.0153 0.007
0 0.5986 0.3586 0.0333 0.0211
0 0.4722 0.3367 0.0292 0.0188
0 0.5847 0.5266 0.0333 0.0164
0 0.7694 0.375 0.0319 0.0188
0 0.9014 0.5281 0.0389 0.0211
0 0.9917 0.5492 0.0139 0.0148
0 0.1458 0.6266 0.0347 0.0312
0 0.1458 0.6508 0.025 0.0102
0 0.2778 0.5648 0.0292 0.0148
0 0.3333 0.5516 0.0278 0.0102
0 0.3486 0.5094 0.0236 0.0094
0 0.4042 0.5969 0.0194 0.0172
0 0.3 0.6109 0.0194 0.0141
0 0.4431 0.6484 0.0264 0.0266
0 0.4653 0.6188 0.025 0.0172
0 0.5528 0.5664 0.0306 0.0203
0 0.5583 0.5461 0.0319 0.0227
0 0.6153 0.5836 0.0319 0.0172
0 0.6389 0.5945 0.0264 0.0195
0 0.6028 0.5008 0.0222 0.0086
0 0.6903 0.457 0.0167 0.0117
0 0.8167 0.5398 0.0347 0.0211
0 0.8722 0.5555 0.0292 0.0148
0 0.9236 0.6156 0.0319 0.018
0 0.9389 0.6344 0.0194 0.0148
0 0.8875 0.6414 0.0542 0.018
0 0.9361 0.6828 0.0236 0.0141
0 0.9583 0.6906 0.0194 0.0133
0 0.9236 0.2391 0.0264 0.0148
0 0.9417 0.2219 0.0347 0.0156
0 0.8236 0.1641 0.0153 0.0125
0 0.7903 0.2711 0.0139 0.0156
0 0.6653 0.475 0.0167 0.007
0 0.9736 0.2172 0.0069 0.0086
0 0.0028 0.4227 0.0056 0.0141
0 0.6833 0.5805 0.0125 0.007
0 0.9903 0.6852 0.0153 0.0117
0 0.4736 0.3211 0.0167 0.0125
0 0.7208 0.4117 0.0361 0.018
0 0.5625 0.4703 0.0278 0.0125
0 0.5833 0.4797 0.0278 0.0133
0 0.225 0.6336 0.0125 0.0156
0 0.5444 0.6258 0.0417 0.0188
0 0.6278 0.6305 0.0375 0.0266
0 0.9056 0.6102 0.0306 0.0141
0 0.8833 0.6141 0.0361 0.0188
0 0.9139 0.682 0.0417 0.0164
