0 0.5972 0.5156 0.0375 0.0367
0 0.6611 0.5141 0.0431 0.0195
0 0.6972 0.5289 0.0556 0.0312
0 0.7417 0.5398 0.0444 0.0266
0 0.6986 0.5742 0.0528 0.0211
0 0.7056 0.6734 0.0306 0.0227
0 0.8083 0.6867 0.0458 0.0227
0 0.6153 0.675 0.0375 0.0234
0 0.5833 0.6578 0.0333 0.0242
0 0.4819 0.7297 0.0486 0.0281
0 0.7028 0.6961 0.0278 0.0266
0 0.7639 0.7953 0.0486 0.0219
0 0.1333 0.6594 0.0403 0.0273
0 0.2736 0.6477 0.0278 0.0109
0 0.1222 0.6883 0.0417 0.025
0 0.1569 0.7211 0.0458 0.0289
0 0.8583 0.8672 0.0583 0.0344
0 0.8931 0.7477 0.0319 0.0164
0 0.3847 0.643 0.0264 0.0172
0 0.55 0.6625 0.0361 0.025
0 0.0861 0.4438 0.0431 0.0242
0 0.0722 0.4906 0.0528 0.0289
0 0.1389 0.4656 0.0528 0.0266
0 0.1653 0.4773 0.0292 0.025
0 0.1972 0.4992 0.0361 0.0164
0 0.2361 0.5023 0.0431 0.0203
0 0.0722 0.5125 0.0625 0.0203
0 0.0806 0.5305 0.0417 0.0203
0 0.0264 0.7586 0.0514 0.0281
0 0.1153 0.7273 0.0347 0.0164
0 0.6569 0.7203 0.0486 0.0219
0 0.6139 0.7352 0.0431 0.0219
0 0.9181 0.8578 0.0556 0.0234
