0 0.3069 0.7242 0.0667 0.0391
0 0.35 0.7234 0.0306 0.0297
0 0.1306 0.6086 0.0264 0.0156
0 0.1514 0.625 0.0278 0.0234
0 0.7389 0.6844 0.0431 0.025
0 0.7153 0.6992 0.0264 0.0125
0 0.725 0.65 0.0472 0.0297
0 0.4861 0.5711 0.0319 0.0172
0 0.4806 0.5891 0.0306 0.0117
0 0.5236 0.5672 0.0403 0.0227
0 0.2833 0.5562 0.0278 0.0109
0 0.4458 0.4703 0.0403 0.0234
0 0.5278 0.4242 0.0403 0.0234
0 0.5042 0.4445 0.0403 0.0172
0 0.2903 0.4742 0.0431 0.0219
0 0.3014 0.4914 0.0222 0.0109
0 0.2431 0.4656 0.0264 0.0195
0 0.2833 0.4555 0.0319 0.0219
0 0.1681 0.4039 0.0264 0.0133
0 0.325 0.4008 0.0389 0.0258
0 0.2542 0.3867 0.0306 0.0156
0 0.4222 0.3875 0.0194 0.0102
0 0.2361 0.3227 0.0556 0.0281
0 0.3847 0.3031 0.0403 0.0195
0 0.3542 0.3 0.0306 0.0156
0 0.3486 0.2719 0.0444 0.0258
0 0.4167 0.2367 0.0472 0.0289
0 0.3708 0.2398 0.0403 0.025
0 0.2903 0.2477 0.0444 0.0289
0 0.2514 0.2422 0.0444 0.0273
0 0.2222 0.1945 0.0417 0.0227
0 0.3042 0.1516 0.0403 0.025
0 0.3403 0.1555 0.0333 0.0234
0 0.3681 0.1578 0.0222 0.025
0 0.4167 0.2 0.0236 0.0219
0 0.4111 0.3312 0.0292 0.0234
0 0.4569 0.2352 0.0306 0.0133
0 0.5111 0.2516 0.0278 0.0141
0 0.4847 0.2703 0.0125 0.0125
0 0.0597 0.4711 0.0361 0.0219
0 0.0847 0.4648 0.0264 0.018
0 0.5208 0.6109 0.0389 0.0312
0 0.9417 0.7492 0.0375 0.0258
0 0.7917 0.5562 0.0306 0.0188
0 0.8778 0.4734 0.0292 0.0172
0 0.9625 0.4844 0.0319 0.0195
0 0.9319 0.5359 0.0319 0.0164
0 0.9514 0.5547 0.0458 0.0195
0 0.8792 0.6148 0.0375 0.0117
0 0.4389 0.0414 0.0542 0.0312
0 0.4306 0.2133 0.0208 0.0156
0 0.3028 0.3391 0.05 0.0273
0 0.45 0.4242 0.0194 0.0094
0 0.2611 0.5539 0.0319 0.0141
0 0.25 0.5016 0.0167 0.0094
0 0.95 0.6883 0.0611 0.0258
