0 0.9361 0.8484 0.0556 0.0266
0 0.9042 0.8328 0.0292 0.0336
0 0.4167 0.7344 0.0472 0.0344
0 0.5417 0.6812 0.0694 0.0375
0 0.5986 0.6719 0.05 0.032
0 0.5778 0.6398 0.0736 0.0281
0 0.7861 0.5859 0.0667 0.0383
0 0.5097 0.6008 0.0583 0.0336
0 0.7167 0.5648 0.0583 0.0266
0 0.3347 0.5562 0.0514 0.0258
0 0.1597 0.5172 0.0639 0.0297
0 0.8333 0.5188 0.0514 0.0125
0 0.5722 0.4062 0.0458 0.0344
0 0.8403 0.2969 0.0639 0.0305
0 0.9056 0.3133 0.0611 0.0312
0 0.3681 0.3031 0.0472 0.0242
0 0.425 0.3078 0.0514 0.0227
0 0.6458 0.3227 0.0417 0.0203
0 0.6556 0.2102 0.0556 0.0289
0 0.6028 0.218 0.0625 0.0359
0 0.55 0.2242 0.0722 0.0438
0 0.5597 0.1648 0.0625 0.0336
0 0.6167 0.1688 0.05 0.0297
0 0.4861 0.1766 0.0833 0.0312
0 0.5222 0.107 0.0611 0.0352
0 0.6194 0.0742 0.0528 0.0414
0 0.5681 0.0859 0.0583 0.0336
0 0.5611 0.025 0.0778 0.0375
0 0.5514 0.0484 0.0611 0.0336
0 0.5111 0.2539 0.0486 0.0109
0 0.4611 0.3391 0.0431 0.0195
0 0.5278 0.3375 0.0292 0.0242
0 0.1292 0.4945 0.0556 0.0219
0 0.1069 0.5344 0.0444 0.0328
0 0.0486 0.5391 0.05 0.025
0 0.0292 0.5867 0.0472 0.0312
0 0.1792 0.6156 0.0333 0.0188
0 0.4028 0.5586 0.0264 0.025
0 0.75 0.4781 0.0319 0.0367
0 0.7069 0.6203 0.05 0.0367
0 0.6792 0.6172 0.0417 0.0336
0 0.5097 0.668 0.0361 0.0188
0 0.3264 0.6102 0.0264 0.0203
0 0.4194 0.6031 0.0556 0.025
0 0.0292 0.7859 0.0278 0.0188
0 0.0889 0.7219 0.0417 0.0273
0 0.1611 0.7852 0.0264 0.0164
0 0.3847 0.6602 0.0319 0.0141
