0 0.9583 0.7812 0.0444 0.0266
0 0.3083 0.75 0.0236 0.0219
0 0.2778 0.75 0.0444 0.0242
0 0.2167 0.7438 0.0486 0.0297
0 0.3306 0.6781 0.0472 0.0227
0 0.5708 0.6219 0.0125 0.0125
0 0.6556 0.5789 0.0278 0.0164
0 0.2403 0.5844 0.0375 0.025
0 0.275 0.5914 0.0389 0.0227
0 0.5639 0.568 0.0389 0.0234
0 0.5681 0.5406 0.0486 0.032
0 0.3861 0.4844 0.0403 0.0203
0 0.4222 0.4609 0.0472 0.0266
0 0.3653 0.4594 0.0236 0.0062
0 0.5375 0.4344 0.0403 0.0172
0 0.6167 0.4391 0.0472 0.0266
0 0.2333 0.4289 0.0278 0.0172
0 0.6486 0.4164 0.0347 0.0273
0 0.6014 0.4031 0.0278 0.0172
0 0.5708 0.3695 0.0389 0.0211
0 0.6083 0.3727 0.0333 0.0211
0 0.5889 0.35 0.0389 0.018
0 0.3431 0.3398 0.0278 0.0109
0 0.3722 0.3609 0.025 0.0164
0 0.4222 0.3523 0.0319 0.0211
0 0.4569 0.3398 0.0472 0.0227
0 0.4528 0.3164 0.0375 0.0117
0 0.4236 0.293 0.05 0.0289
0 0.4208 0.2672 0.0403 0.0188
0 0.4542 0.2492 0.0514 0.0227
0 0.4611 0.2711 0.0375 0.0195
0 0.6694 0.2922 0.0306 0.025
0 0.4958 0.1492 0.0472 0.0297
0 0.4514 0.0875 0.0486 0.0195
0 0.6181 0.4898 0.0208 0.0156
0 0.6083 0.5062 0.025 0.0203
0 0.5708 0.5172 0.0208 0.0172
0 0.6181 0.5617 0.0194 0.0133
0 0.6278 0.6938 0.0181 0.0211
0 0.7653 0.6961 0.0069 0.0109
0 0.7319 0.7266 0.0458 0.0188
0 0.7889 0.8203 0.0181 0.0211
0 0.5833 0.2484 0.0236 0.0258
0 0.6528 0.3938 0.0361 0.0273
0 0.35 0.5148 0.0556 0.0188
0 0.6222 0.5438 0.0444 0.0234
0 0.7417 0.6336 0.0264 0.0133
0 0.1847 0.718 0.0583 0.0305
