0 0.0111 0.0812 0.0236 0.0234
0 0.0083 0.1031 0.0153 0.0133
0 0.0361 0.1 0.0222 0.0156
0 0.1167 0.1102 0.0292 0.0195
0 0.0931 0.1492 0.0556 0.0297
0 0.1153 0.1969 0.05 0.0328
0 0.0681 0.1875 0.0431 0.0258
0 0.0486 0.2273 0.0431 0.0234
0 0.0208 0.2617 0.0417 0.0242
0 0.1306 0.3086 0.0431 0.0227
0 0.2042 0.2828 0.0319 0.0164
0 0.2181 0.3172 0.0264 0.0156
0 0.1208 0.3602 0.025 0.0117
0 0.1417 0.3703 0.025 0.0102
0 0.0306 0.6039 0.0431 0.0172
0 0.0403 0.6453 0.0486 0.0289
0 0.0111 0.7398 0.0167 0.0258
0 0.0625 0.75 0.05 0.0281
0 0.1042 0.693 0.0417 0.0164
0 0.1361 0.7117 0.0472 0.0258
0 0.1514 0.6891 0.0514 0.0164
0 0.1083 0.6695 0.0444 0.0234
0 0.3167 0.6727 0.0444 0.0281
0 0.3514 0.718 0.0389 0.0234
0 0.4653 0.5977 0.0375 0.0211
0 0.2361 0.2328 0.0278 0.018
0 0.2875 0.2008 0.0306 0.018
0 0.2569 0.1344 0.0347 0.0211
0 0.2639 0.0664 0.0375 0.0156
0 0.2847 0.0852 0.0403 0.0258
0 0.2653 0.0953 0.0222 0.0156
0 0.3125 0.0938 0.0208 0.0156
0 0.3625 0.0484 0.0389 0.0242
0 0.4014 0.0508 0.0375 0.0273
0 0.4056 0.0711 0.0319 0.0156
0 0.4431 0.0805 0.0236 0.0156
0 0.3917 0.0977 0.0375 0.0242
0 0.4264 0.1094 0.0417 0.0219
0 0.4083 0.1211 0.0361 0.0172
0 0.45 0.1055 0.0139 0.0148
0 0.4764 0.1297 0.0194 0.0148
0 0.3958 0.1352 0.0292 0.0141
0 0.3847 0.1938 0.0264 0.0156
0 0.4403 0.1828 0.0347 0.0156
0 0.3875 0.2117 0.0208 0.0133
0 0.4083 0.2141 0.0264 0.0148
0 0.3806 0.2922 0.0111 0.0102
0 0.4347 0.332 0.05 0.0242
0 0.4069 0.3523 0.0264 0.0156
0 0.4597 0.3531 0.0472 0.0273
0 0.5014 0.2945 0.0292 0.0234
0 0.5167 0.375 0.0361 0.0203
0 0.5528 0.2883 0.0458 0.0234
0 0.5042 0.2305 0.05 0.0266
0 0.5806 0.1625 0.0292 0.0164
0 0.5889 0.1352 0.0361 0.0203
0 0.5194 0.0656 0.0333 0.0164
0 0.5667 0.0719 0.0319 0.0219
0 0.6222 0.1023 0.0319 0.0148
0 0.6486 0.1172 0.0167 0.0148
0 0.7389 0.1148 0.0486 0.025
0 0.6319 0.1797 0.025 0.0141
0 0.6306 0.2539 0.0542 0.0336
0 0.6486 0.2234 0.0417 0.0234
0 0.6903 0.2156 0.0347 0.0211
0 0.6278 0.4805 0.0667 0.0312
0 0.5556 0.5711 0.0278 0.0195
0 0.5833 0.5422 0.0611 0.0211
0 0.7042 0.5984 0.0556 0.0375
0 0.7792 0.5953 0.0472 0.0219
0 0.6931 0.7508 0.0528 0.0305
0 0.8472 0.6719 0.0361 0.0156
0 0.8792 0.6078 0.0528 0.025
0 0.8778 0.7023 0.0319 0.0141
0 0.7611 0.4406 0.0333 0.0195
0 0.9014 0.3477 0.0236 0.0141
0 0.9792 0.3789 0.0319 0.0328
0 0.9722 0.4164 0.0431 0.0359
0 0.7736 0.1758 0.0361 0.0211
0 0.7389 0.1836 0.0403 0.025
0 0.9556 0.1328 0.0306 0.0312
0 0.9528 0.0961 0.0319 0.025
0 0.8653 0.0969 0.0556 0.0344
0 0.8264 0.0938 0.0361 0.0266
0 0.8083 0.0875 0.0167 0.0188
0 0.7611 0.0906 0.0389 0.0227
0 0.7736 0.0648 0.0431 0.0227
0 0.8361 0.0578 0.05 0.032
0 0.8028 0.0656 0.0125 0.0234
0 0.8944 0.05 0.0208 0.0133
0 0.8333 0.0234 0.0292 0.0227
0 0.1403 0.1398 0.0417 0.0188
0 0.6639 0.0945 0.025 0.0117
0 0.8097 0.1398 0.0444 0.0273
0 0.8306 0.2133 0.0333 0.0172
0 0.8056 0.4234 0.0653 0.032
0 0.6306 0.5805 0.0333 0.025
0 0.0153 0.7062 0.0278 0.018
