0 0.4292 0.1273 0.0431 0.0258
0 0.4514 0.1516 0.0333 0.0227
0 0.4944 0.1578 0.0556 0.0359
0 0.5431 0.1492 0.0569 0.0328
0 0.5 0.1781 0.0208 0.0102
0 0.5889 0.3102 0.0375 0.0195
0 0.6347 0.3016 0.0347 0.0266
0 0.6431 0.3211 0.0208 0.0125
0 0.5556 0.3297 0.0444 0.0242
0 0.5097 0.3453 0.0611 0.0367
0 0.4375 0.375 0.0556 0.0289
0 0.4083 0.3977 0.0361 0.0234
0 0.6958 0.4203 0.0278 0.025
0 0.6778 0.4266 0.0389 0.0242
0 0.4667 0.4383 0.0236 0.0188
0 0.3542 0.5609 0.0444 0.0297
0 0.5111 0.4891 0.0528 0.0336
0 0.5528 0.4836 0.0681 0.0336
0 0.6292 0.5047 0.0417 0.0266
0 0.7056 0.4914 0.0403 0.0242
0 0.7347 0.4883 0.0194 0.0195
0 0.5611 0.5789 0.0667 0.0359
0 0.4375 0.5992 0.0444 0.0133
0 0.5319 0.6273 0.0681 0.0328
0 0.5847 0.6109 0.0403 0.0289
0 0.6306 0.5969 0.0556 0.0336
0 0.6653 0.6188 0.0417 0.0195
0 0.5903 0.6625 0.0347 0.0211
0 0.5 0.6547 0.0375 0.025
0 0.5931 0.7062 0.0389 0.0242
0 0.6375 0.6727 0.0444 0.025
0 0.6625 0.7852 0.0625 0.0398
0 0.3139 0.8758 0.0583 0.0344
0 0.2806 0.7695 0.0431 0.0188
0 0.7153 0.9578 0.0639 0.0359
0 0.5306 0.0391 0.0486 0.0305
0 0.1083 0.8656 0.0403 0.0203
0 0.4583 0.8617 0.0361 0.0172
0 0.3167 0.7641 0.0292 0.0172
0 0.7083 0.6219 0.0403 0.0188
0 0.9875 0.6742 0.0194 0.0156
0 0.3847 0.6086 0.0389 0.0195
