0 0.4319 0.4031 0.025 0.0172
0 0.4625 0.4023 0.0361 0.0188
0 0.4069 0.4578 0.0514 0.0266
0 0.5028 0.4875 0.0417 0.0242
0 0.4458 0.4781 0.0403 0.0172
0 0.3792 0.4766 0.0264 0.0211
0 0.4069 0.5383 0.0194 0.0125
0 0.4958 0.5266 0.0444 0.0273
0 0.5194 0.5164 0.0458 0.0242
0 0.5708 0.5945 0.0542 0.0266
0 0.4222 0.6016 0.0611 0.0242
0 0.4889 0.625 0.0528 0.025
0 0.1111 0.6922 0.0444 0.0297
0 0.1736 0.7094 0.0444 0.0266
0 0.3556 0.6469 0.0417 0.018
0 0.4458 0.6656 0.025 0.0141
0 0.4111 0.7258 0.0347 0.025
0 0.5486 0.6445 0.0444 0.0227
0 0.6278 0.6523 0.0444 0.0336
0 0.6597 0.6789 0.05 0.0219
0 0.6819 0.6328 0.0486 0.018
0 0.9375 0.6195 0.0472 0.0195
0 0.9792 0.6031 0.0389 0.0227
0 0.9264 0.6344 0.0444 0.0172
0 0.9139 0.6477 0.0208 0.0109
0 0.4472 0.4273 0.025 0.0195
0 0.5 0.4461 0.0375 0.025
0 0.0153 0.5508 0.0306 0.025
0 0.0069 0.5297 0.0139 0.0109
0 0.0083 0.5031 0.0181 0.0234
