0 0.4264 0.0219 0.0736 0.0414
0 0.3097 0.0055 0.0583 0.0117
0 0.3556 0.0039 0.0333 0.0086
0 0.2778 0.0242 0.0486 0.0328
0 0.5681 0.0359 0.0556 0.0297
0 0.4833 0.0359 0.0542 0.0336
0 0.5472 0.0109 0.0514 0.0203
0 0.5403 0.1086 0.0625 0.0336
0 0.4361 0.0641 0.0319 0.0258
0 0.2889 0.0594 0.0542 0.0312
0 0.3639 0.0922 0.05 0.0312
0 0.2944 0.1039 0.0569 0.0281
0 0.5958 0.175 0.0528 0.0336
0 0.6444 0.1805 0.0458 0.0281
0 0.3486 0.1453 0.0639 0.0367
0 0.425 0.1594 0.0472 0.0289
0 0.5917 0.207 0.0444 0.0211
0 0.3542 0.1812 0.0514 0.0297
0 0.3722 0.2141 0.0597 0.0289
0 0.1861 0.1812 0.0708 0.0453
0 0.1236 0.1852 0.0625 0.0398
0 0.0306 0.2828 0.0597 0.0484
0 0.3528 0.2602 0.0556 0.0305
0 0.425 0.2398 0.0611 0.0211
0 0.5681 0.2688 0.0583 0.0281
0 0.5653 0.2961 0.0431 0.0242
0 0.5097 0.3008 0.0556 0.0406
0 0.1361 0.3328 0.0639 0.0445
0 0.1889 0.3203 0.05 0.0508
0 0.3014 0.3 0.0375 0.0258
0 0.3417 0.293 0.0528 0.0297
0 0.3847 0.2914 0.0472 0.0242
0 0.2625 0.3055 0.0597 0.032
0 0.6111 0.3234 0.05 0.0312
0 0.2347 0.4102 0.0528 0.0359
0 0.475 0.3594 0.0597 0.0297
0 0.7528 0.3914 0.05 0.0234
0 0.9847 0.3859 0.0278 0.0305
0 0.9625 0.4008 0.0431 0.0242
0 0.9319 0.3836 0.0403 0.0391
0 0.9819 0.4758 0.0306 0.0367
0 0.6833 0.4766 0.05 0.0281
0 0.6736 0.4906 0.0472 0.0242
0 0.5972 0.5141 0.0472 0.0266
0 0.4931 0.4789 0.0361 0.0219
0 0.825 0.4648 0.0458 0.0281
0 0.2347 0.5273 0.05 0.0258
0 0.6861 0.5844 0.0528 0.0289
