0 0.4861 0.132 0.0333 0.0227
0 0.5181 0.1359 0.0278 0.0227
0 0.5611 0.1445 0.0278 0.0148
0 0.5792 0.1219 0.0347 0.0172
0 0.5375 0.132 0.0181 0.0117
0 0.6125 0.1148 0.0375 0.025
0 0.6389 0.0914 0.0347 0.0172
0 0.7819 0.0484 0.0333 0.0164
0 0.7875 0.0305 0.0319 0.0172
0 0.8417 0.0492 0.0292 0.0211
0 0.9417 0.0508 0.0333 0.0195
0 0.9875 0.0766 0.0208 0.0281
0 0.9458 0.0734 0.0292 0.0234
0 0.8736 0.1172 0.0389 0.0211
0 0.6125 0.1367 0.0347 0.0172
0 0.6403 0.1406 0.0347 0.018
0 0.6917 0.1398 0.0361 0.0211
0 0.6528 0.1633 0.0417 0.0258
0 0.6181 0.1859 0.0389 0.0219
0 0.7875 0.1805 0.0597 0.0367
0 0.8389 0.1695 0.0583 0.0344
0 0.9194 0.182 0.0458 0.0281
0 0.8278 0.2008 0.0514 0.0266
0 0.7208 0.2438 0.0528 0.0328
0 0.7056 0.2625 0.0361 0.018
0 0.6417 0.2758 0.0417 0.0211
0 0.6333 0.2906 0.0333 0.0195
0 0.5944 0.2938 0.0361 0.0227
0 0.5625 0.2938 0.0319 0.0156
0 0.5528 0.2742 0.0444 0.025
0 0.525 0.2891 0.0306 0.0227
0 0.5069 0.2898 0.0167 0.0188
0 0.6944 0.3062 0.0361 0.0258
0 0.7708 0.2484 0.05 0.032
0 0.8278 0.2453 0.0528 0.0297
0 0.8889 0.2531 0.0597 0.0266
0 0.8153 0.2766 0.0528 0.0273
0 0.825 0.2945 0.0556 0.025
0 0.8722 0.2992 0.0472 0.0258
0 0.9097 0.3227 0.0486 0.0273
0 0.4417 0.3633 0.0431 0.0227
0 0.05 0.3766 0.0653 0.0352
0 0.1722 0.35 0.0292 0.0094
0 0.2736 0.3211 0.0403 0.0188
0 0.275 0.3438 0.0306 0.0125
0 0.3569 0.3398 0.0264 0.0078
0 0.2694 0.3719 0.0319 0.018
0 0.3236 0.3734 0.0181 0.0102
0 0.2833 0.4258 0.0333 0.0258
0 0.1625 0.4227 0.0264 0.0117
0 0.3083 0.4359 0.0417 0.025
0 0.4611 0.4016 0.0278 0.0219
0 0.5333 0.3914 0.0389 0.0148
0 0.4944 0.4273 0.0556 0.0242
0 0.3569 0.4523 0.05 0.0289
0 0.4028 0.4312 0.0306 0.0227
0 0.4431 0.4641 0.0417 0.0273
0 0.5319 0.4883 0.05 0.0234
0 0.5889 0.4727 0.05 0.0336
0 0.4931 0.493 0.0431 0.0273
0 0.2917 0.5234 0.0611 0.0328
0 0.3333 0.5438 0.05 0.025
0 0.0097 0.443 0.0181 0.0125
0 0.0181 0.5344 0.0306 0.0211
0 0.1042 0.5414 0.0319 0.0156
0 0.1292 0.5352 0.0319 0.0195
0 0.1569 0.5305 0.0264 0.0164
0 0.1861 0.5258 0.0306 0.0195
0 0.2111 0.5258 0.0306 0.0164
0 0.1986 0.5562 0.0292 0.0156
0 0.2208 0.5883 0.0319 0.018
0 0.3903 0.5406 0.0375 0.0188
0 0.4194 0.5516 0.0333 0.0172
0 0.4639 0.5727 0.0361 0.0172
0 0.5847 0.5602 0.0347 0.0203
0 0.7014 0.5352 0.0514 0.0281
0 0.6889 0.4445 0.0347 0.0297
0 0.7208 0.4219 0.0681 0.0305
0 0.775 0.4562 0.0667 0.0375
0 0.9042 0.4594 0.0444 0.025
0 0.9028 0.5477 0.0597 0.0281
0 0.8264 0.5555 0.0597 0.0328
0 0.8292 0.4961 0.0278 0.0195
0 0.9681 0.5852 0.0556 0.032
0 0.9722 0.6164 0.0528 0.0281
0 0.9444 0.6383 0.025 0.0219
0 0.8056 0.6414 0.0361 0.0172
0 0.8056 0.6578 0.0222 0.0148
0 0.9056 0.6836 0.0222 0.0172
0 0.1569 0.2672 0.025 0.0148
0 0.9736 0.0898 0.0181 0.025
0 0.7736 0.2852 0.0361 0.0258
0 0.775 0.3312 0.0431 0.0219
0 0.6292 0.4203 0.0319 0.0141
0 0.2875 0.4609 0.0333 0.0211
0 0.0111 0.4875 0.0167 0.0141
0 0.55 0.5906 0.025 0.0148
0 0.0667 0.3398 0.0167 0.0125
0 0.0569 0.4375 0.0236 0.0117
0 0.7597 0.5328 0.0292 0.0195
0 0.3875 0.3766 0.0222 0.0156
