0 0.1278 0.4016 0.0583 0.0219
0 0.1306 0.4289 0.0236 0.0164
0 0.1889 0.4484 0.0472 0.025
0 0.0847 0.4594 0.0514 0.0242
0 0.0597 0.4789 0.0278 0.0148
0 0.1236 0.482 0.0333 0.0164
0 0.1875 0.4906 0.0431 0.025
0 0.2139 0.5195 0.0444 0.0234
0 0.1861 0.5281 0.0458 0.0297
0 0.0875 0.5453 0.0264 0.0117
0 0.8667 0.4242 0.0458 0.0273
0 0.8431 0.4352 0.0375 0.0195
0 0.1111 0.6078 0.0639 0.0273
0 0.0431 0.6617 0.0472 0.0156
0 0.1389 0.6766 0.0333 0.0211
0 0.1875 0.6312 0.0583 0.0281
0 0.2653 0.6 0.0556 0.0281
0 0.2458 0.6531 0.0431 0.025
0 0.1097 0.7383 0.0417 0.0211
0 0.0583 0.7391 0.0292 0.0273
0 0.3222 0.6578 0.0514 0.0281
0 0.3556 0.6836 0.05 0.025
0 0.3833 0.6359 0.0486 0.0195
0 0.6431 0.6281 0.0625 0.0227
0 0.6639 0.6102 0.0389 0.018
0 0.7056 0.5953 0.0417 0.018
0 0.7819 0.618 0.0458 0.0164
0 0.7861 0.5648 0.0361 0.0164
0 0.8708 0.5727 0.0403 0.0195
0 0.8625 0.5508 0.0375 0.0211
0 0.9028 0.5547 0.0236 0.0109
0 0.8764 0.5945 0.0375 0.018
0 0.9597 0.6008 0.0375 0.0227
0 0.9875 0.5945 0.0222 0.0281
0 0.9778 0.5164 0.0347 0.0234
0 0.9833 0.5344 0.0292 0.0266
0 0.9792 0.6211 0.0347 0.0227
