0 0.0056 0.2219 0.0125 0.0211
0 0.0264 0.2305 0.0292 0.0188
0 0.0292 0.2625 0.05 0.0336
0 0.0097 0.318 0.0181 0.0203
0 0.0722 0.2891 0.0542 0.0312
0 0.0722 0.3164 0.0556 0.0258
0 0.1542 0.3656 0.0583 0.0336
0 0.0514 0.4625 0.0347 0.0172
0 0.0153 0.5273 0.0292 0.0211
0 0.0486 0.493 0.0222 0.0125
0 0.0903 0.4273 0.025 0.0117
0 0.0597 0.6344 0.0278 0.0133
0 0.1847 0.5305 0.0264 0.0172
0 0.2111 0.5258 0.0264 0.0164
0 0.2361 0.5203 0.0222 0.0133
0 0.2736 0.5164 0.0194 0.0141
0 0.2944 0.5156 0.025 0.0141
0 0.2819 0.5438 0.0278 0.018
0 0.3014 0.5797 0.0278 0.0141
0 0.2458 0.2547 0.0278 0.0141
0 0.45 0.3289 0.0236 0.0094
0 0.5389 0.3531 0.0361 0.0195
0 0.9014 0.0094 0.0208 0.0133
0 0.9583 0.0312 0.0264 0.0188
0 0.8917 0.0312 0.0333 0.0141
0 0.7444 0.0742 0.025 0.0164
0 0.5861 0.1156 0.0306 0.0211
0 0.6153 0.118 0.0222 0.0195
0 0.6819 0.1047 0.0333 0.0195
0 0.7139 0.0992 0.0347 0.0234
0 0.6347 0.1195 0.0181 0.0148
0 0.6569 0.1289 0.0278 0.0156
0 0.7194 0.1219 0.0306 0.0141
0 0.7458 0.125 0.0194 0.018
0 0.8 0.1219 0.0319 0.0203
0 0.7208 0.1711 0.0306 0.018
0 0.7569 0.1453 0.0361 0.0227
0 0.8264 0.1609 0.0222 0.0141
0 0.8361 0.1234 0.0347 0.0125
0 0.9097 0.1648 0.0514 0.0375
0 0.9667 0.1508 0.0611 0.0352
0 0.9528 0.1852 0.0444 0.0273
0 0.8431 0.2289 0.0542 0.0305
0 0.8917 0.2336 0.0597 0.0328
0 0.9514 0.2336 0.05 0.0273
0 0.9931 0.2414 0.0097 0.0219
0 0.8889 0.2742 0.0319 0.0242
0 0.9333 0.2625 0.05 0.0273
0 0.9403 0.282 0.0542 0.0242
0 0.9833 0.2859 0.0292 0.0203
0 0.6014 0.2766 0.0097 0.0156
0 0.6208 0.2766 0.0319 0.0203
0 0.65 0.2617 0.0431 0.0203
0 0.6653 0.2836 0.0264 0.0086
0 0.6944 0.2797 0.0278 0.018
0 0.7319 0.2766 0.0333 0.0195
0 0.7458 0.2625 0.0361 0.0195
0 0.8014 0.2922 0.0333 0.0211
0 0.8 0.3109 0.0333 0.0164
0 0.8972 0.6547 0.0111 0.0148
0 0.9083 0.6398 0.0292 0.0141
0 0.8139 0.5297 0.0514 0.0234
0 0.9417 0.5547 0.0569 0.0297
0 0.8806 0.5297 0.0278 0.0172
0 0.6736 0.5555 0.0333 0.0219
0 0.5486 0.5648 0.0264 0.0164
0 0.5056 0.5453 0.0319 0.0156
0 0.3889 0.5164 0.0542 0.0305
0 0.4292 0.5352 0.0444 0.0227
0 0.3847 0.4172 0.0306 0.0219
0 0.3833 0.4516 0.025 0.0211
0 0.4097 0.425 0.0375 0.0234
0 0.4597 0.443 0.0472 0.0258
0 0.5431 0.4562 0.0375 0.0234
0 0.5583 0.3922 0.0347 0.0188
0 0.6347 0.3812 0.0361 0.0156
0 0.5958 0.4195 0.0486 0.018
0 0.6 0.4875 0.0403 0.0266
0 0.6417 0.4797 0.0444 0.0219
0 0.7 0.4648 0.0486 0.0289
0 0.7389 0.4133 0.0375 0.0102
0 0.8194 0.4688 0.05 0.0328
0 0.8097 0.4359 0.0278 0.0242
0 0.8458 0.4141 0.0597 0.0305
0 0.8972 0.4492 0.0625 0.0352
0 0.9486 0.4945 0.0181 0.018
0 0.8792 0.3211 0.0389 0.0188
0 0.2375 0.4141 0.0319 0.0188
0 0.6542 0.0938 0.0236 0.0109
0 0.9861 0.1 0.025 0.0148
0 0.8639 0.1273 0.0264 0.0141
0 0.2736 0.332 0.0389 0.0219
0 0.0917 0.4773 0.0236 0.0117
0 0.0292 0.4047 0.0264 0.0109
0 0.3639 0.3078 0.0389 0.0195
0 0.9875 0.2602 0.0222 0.0211
0 0.4778 0.5344 0.0389 0.0195
0 0.0125 0.5758 0.0264 0.0219
0 0.1 0.525 0.0306 0.018
0 0.65 0.5219 0.0361 0.0188
0 0.4722 0.3648 0.0236 0.0164
0 0.475 0.3477 0.0181 0.0117
0 0.1889 0.3602 0.0194 0.0172
0 0.3639 0.3609 0.0236 0.0156
