0 0.0111 0.0875 0.0194 0.018
0 0.0514 0.1094 0.0389 0.0203
0 0.0431 0.0953 0.0389 0.0102
0 0.0764 0.0922 0.0389 0.025
0 0.0792 0.118 0.0292 0.0211
0 0.0972 0.1383 0.0403 0.0234
0 0.0583 0.2094 0.0458 0.0281
0 0.0806 0.2625 0.0458 0.0289
0 0.025 0.3086 0.0403 0.0234
0 0.0819 0.3383 0.0278 0.0109
0 0.0472 0.3852 0.0403 0.0258
0 0.0153 0.4008 0.0306 0.0266
0 0.0208 0.4766 0.0236 0.0172
0 0.1708 0.5352 0.0125 0.007
0 0.1833 0.6008 0.0264 0.0141
0 0.0319 0.1406 0.0389 0.0273
0 0.1986 0.2547 0.0292 0.018
0 0.1917 0.3242 0.0486 0.0266
0 0.2278 0.3383 0.0306 0.0148
0 0.3069 0.5141 0.0472 0.0227
0 0.2819 0.5602 0.0403 0.0219
0 0.3 0.582 0.0333 0.0164
0 0.3111 0.6055 0.0264 0.0133
0 0.3542 0.5742 0.05 0.0227
0 0.4347 0.5727 0.0458 0.0266
0 0.3861 0.5992 0.0319 0.0164
0 0.4319 0.6312 0.0278 0.0133
0 0.5 0.543 0.0458 0.0258
0 0.5917 0.682 0.0486 0.0227
0 0.5458 0.6242 0.0458 0.0281
0 0.5569 0.5961 0.0389 0.0195
0 0.6542 0.6383 0.0444 0.0258
0 0.2569 0.2336 0.0264 0.0164
0 0.2222 0.2258 0.0278 0.0117
0 0.2722 0.2727 0.0278 0.0094
0 0.2806 0.2562 0.0236 0.0062
0 0.2958 0.2266 0.0403 0.0219
0 0.3278 0.2523 0.0306 0.0195
0 0.3319 0.2305 0.0292 0.0211
0 0.3583 0.2414 0.0333 0.0195
0 0.4292 0.2391 0.0319 0.0164
0 0.3861 0.3078 0.0306 0.0164
0 0.3667 0.3758 0.0278 0.0164
0 0.4 0.418 0.0208 0.0125
0 0.5222 0.393 0.0181 0.0102
0 0.5347 0.4211 0.0292 0.0133
0 0.6264 0.5562 0.0514 0.0312
0 0.7028 0.568 0.0278 0.0211
0 0.6889 0.5289 0.0375 0.0227
0 0.5486 0.4773 0.0389 0.0227
0 0.6125 0.4852 0.0444 0.0227
0 0.6764 0.4836 0.0333 0.0156
0 0.725 0.4547 0.0333 0.0258
0 0.7736 0.4898 0.0444 0.0273
0 0.7986 0.5156 0.0347 0.0156
0 0.4194 0.3578 0.0208 0.0133
0 0.4569 0.3602 0.0181 0.0055
0 0.4722 0.3711 0.0139 0.0078
0 0.4375 0.1641 0.0347 0.0172
0 0.3556 0.1898 0.0222 0.0172
0 0.5347 0.1844 0.0208 0.0219
0 0.4847 0.2516 0.025 0.0156
0 0.5583 0.2328 0.0278 0.0172
0 0.5861 0.2055 0.0333 0.0234
0 0.6208 0.2375 0.0306 0.0188
0 0.6403 0.1867 0.0347 0.0234
0 0.6361 0.2055 0.0319 0.0141
0 0.6181 0.2148 0.025 0.0148
0 0.6681 0.1945 0.0306 0.0203
0 0.6625 0.2188 0.0333 0.018
0 0.6986 0.2109 0.0319 0.0203
0 0.7181 0.1859 0.0347 0.0203
0 0.7514 0.1633 0.0319 0.0203
0 0.7847 0.1734 0.0403 0.0148
0 0.7819 0.25 0.0264 0.0117
0 0.7736 0.2781 0.0375 0.0227
0 0.8333 0.2719 0.025 0.0164
0 0.7833 0.3156 0.0278 0.0172
0 0.8014 0.3445 0.0222 0.0117
0 0.8944 0.5234 0.0403 0.0242
0 0.975 0.5102 0.0278 0.0156
0 0.9472 0.5172 0.0361 0.0188
0 0.9611 0.4438 0.0444 0.0227
0 0.8653 0.2945 0.0278 0.0141
0 0.9236 0.2391 0.0194 0.0266
0 0.9458 0.2461 0.0264 0.018
0 0.9542 0.2836 0.0292 0.0141
0 0.9917 0.2836 0.0111 0.0242
0 0.9486 0.3109 0.0194 0.0086
0 0.9042 0.3 0.0236 0.0102
0 0.8667 0.3109 0.0181 0.0133
0 0.8764 0.3273 0.0236 0.0148
0 0.8986 0.3242 0.0167 0.0117
0 0.9125 0.3266 0.0153 0.0133
0 0.5125 0.15 0.0403 0.0211
0 0.375 0.6719 0.0181 0.0133
0 0.4667 0.1922 0.0194 0.0195
0 0.7569 0.1859 0.0167 0.0141
0 0.8167 0.1977 0.0167 0.0102
0 0.8236 0.2508 0.0236 0.0234
0 0.8042 0.2727 0.0236 0.0258
0 0.7694 0.307 0.025 0.0125
0 0.2667 0.3609 0.0264 0.0203
0 0.2514 0.3531 0.025 0.0188
0 0.2264 0.6266 0.0347 0.0188
0 0.7292 0.4805 0.0194 0.0188
0 0.5681 0.4195 0.0347 0.0195
