0 0.2611 0.6648 0.0611 0.0375
0 0.8792 0.6898 0.0347 0.0227
0 0.8903 0.6359 0.0431 0.0188
0 0.6889 0.6305 0.0417 0.0273
0 0.6792 0.5977 0.0458 0.0297
0 0.3014 0.6633 0.0236 0.0211
0 0.4792 0.5516 0.0292 0.0086
0 0.4361 0.5391 0.0333 0.0156
0 0.4444 0.5188 0.0347 0.0188
0 0.4819 0.5133 0.0375 0.0195
0 0.1181 0.5711 0.0389 0.0234
0 0.0944 0.5539 0.0194 0.0141
0 0.9 0.5055 0.0417 0.018
0 0.8847 0.4836 0.0278 0.0133
0 0.9208 0.4367 0.0347 0.0172
0 0.7528 0.5062 0.0306 0.0141
0 0.2403 0.3992 0.0417 0.0227
0 0.2042 0.4094 0.0306 0.0172
0 0.25 0.4211 0.0458 0.0219
0 0.2569 0.4352 0.0208 0.0094
0 0.2097 0.4414 0.0111 0.0211
0 0.4083 0.4164 0.0403 0.0227
0 0.4667 0.3922 0.0361 0.0203
0 0.4903 0.3703 0.0361 0.0195
0 0.4958 0.3836 0.0264 0.0102
0 0.1292 0.3469 0.0278 0.0156
0 0.2139 0.3328 0.0278 0.0133
0 0.2972 0.3477 0.0556 0.0414
0 0.3875 0.3336 0.0153 0.0086
0 0.1958 0.2656 0.0486 0.0273
0 0.2639 0.2836 0.0556 0.0211
0 0.375 0.2742 0.0222 0.0203
0 0.3472 0.2461 0.0375 0.0211
0 0.3208 0.2422 0.0319 0.0141
0 0.3139 0.2148 0.0486 0.0273
0 0.2097 0.1812 0.0556 0.0289
0 0.25 0.1875 0.0444 0.0312
0 0.3806 0.1766 0.05 0.0273
0 0.3375 0.1805 0.0389 0.025
0 0.1847 0.1328 0.0444 0.0219
0 0.2694 0.0906 0.0472 0.0266
0 0.3069 0.0938 0.0292 0.0258
0 0.3319 0.0977 0.0208 0.025
0 0.3861 0.1398 0.0208 0.0188
0 0.4486 0.2148 0.0097 0.0188
0 0.4806 0.1945 0.0181 0.0125
0 0.4222 0.1766 0.0292 0.0133
0 0.4083 0.3703 0.0319 0.0117
0 0.0306 0.4117 0.0542 0.025
0 0.2208 0.4992 0.0292 0.0141
0 0.6653 0.6438 0.0292 0.0172
0 0.9528 0.3289 0.025 0.0141
0 0.9833 0.332 0.0264 0.0133
0 0.9681 0.3984 0.025 0.0125
0 0.8708 0.4062 0.0278 0.0117
0 0.8375 0.425 0.0319 0.0156
0 0.8361 0.5648 0.0361 0.0133
0 0.8194 0.6055 0.025 0.0133
0 0.8583 0.6242 0.0278 0.0211
