0 0.4014 0.6383 0.0528 0.0273
0 0.3389 0.6203 0.0431 0.0164
0 0.4236 0.5289 0.0417 0.0211
0 0.3819 0.5023 0.0292 0.0219
0 0.4208 0.5 0.0167 0.0117
0 0.4153 0.6766 0.0472 0.0266
0 0.3569 0.6805 0.0278 0.0219
0 0.3083 0.6727 0.025 0.0172
0 0.3222 0.6461 0.025 0.0094
0 0.2486 0.6523 0.0319 0.0227
0 0.4972 0.7414 0.0319 0.0156
0 0.525 0.6898 0.0361 0.0188
0 0.4903 0.5789 0.0319 0.0141
0 0.3875 0.5336 0.0278 0.0156
0 0.3556 0.557 0.0264 0.0078
0 0.6778 0.7305 0.0333 0.0195
0 0.7208 0.7016 0.0444 0.0242
0 0.8028 0.675 0.0347 0.0156
0 0.8458 0.7211 0.0403 0.0195
0 0.85 0.75 0.05 0.0195
0 0.9028 0.707 0.0389 0.0203
0 0.9319 0.7188 0.0417 0.0211
0 0.8611 0.2984 0.0625 0.0266
0 0.9194 0.275 0.05 0.0297
0 0.8806 0.5719 0.0431 0.0242
0 0.8556 0.6273 0.0542 0.0273
0 0.9 0.7258 0.0333 0.0172
0 0.8319 0.6875 0.0208 0.0172
0 0.9208 0.6227 0.0403 0.0281
0 0.8944 0.6281 0.0333 0.0094
0 0.8931 0.5945 0.0542 0.0242
0 0.9153 0.793 0.0264 0.0172
0 0.9306 0.6727 0.0347 0.0188
0 0.9653 0.6656 0.0361 0.0188
0 0.9931 0.6352 0.0111 0.0086
