0 0.9569 0.7844 0.0444 0.0266
0 0.3181 0.75 0.0278 0.0219
0 0.2778 0.75 0.0444 0.0242
0 0.2264 0.7422 0.0486 0.0297
0 0.1972 0.7234 0.0417 0.0141
0 0.1708 0.7172 0.0139 0.0195
0 0.3333 0.6797 0.0403 0.0195
0 0.5708 0.6219 0.0125 0.0125
0 0.6556 0.5789 0.0278 0.0164
0 0.2458 0.5844 0.0375 0.025
0 0.2847 0.5898 0.0389 0.0203
0 0.5639 0.568 0.0389 0.0234
0 0.6236 0.5461 0.0403 0.018
0 0.5681 0.5414 0.0486 0.0305
0 0.3889 0.4844 0.0403 0.0203
0 0.425 0.4633 0.0417 0.0242
0 0.3722 0.4586 0.0236 0.0062
0 0.5403 0.4352 0.0403 0.0172
0 0.6181 0.4422 0.0389 0.0266
0 0.2389 0.4289 0.0278 0.0172
0 0.6514 0.4195 0.0347 0.025
0 0.6042 0.4055 0.0278 0.0172
0 0.6556 0.3977 0.0236 0.0148
0 0.5736 0.3711 0.0333 0.0195
0 0.6083 0.3734 0.0333 0.0211
0 0.5917 0.3516 0.0389 0.018
0 0.35 0.3398 0.0278 0.0109
0 0.3764 0.3633 0.025 0.0164
0 0.4278 0.3539 0.0319 0.0211
0 0.4625 0.3398 0.0472 0.0227
0 0.4569 0.3164 0.0375 0.0117
0 0.4292 0.293 0.05 0.0289
0 0.425 0.268 0.0403 0.0188
0 0.4583 0.2508 0.0514 0.0227
0 0.4653 0.2719 0.0375 0.0195
0 0.6708 0.2953 0.0306 0.025
0 0.5889 0.2516 0.0361 0.0203
0 0.5 0.1477 0.0472 0.0297
0 0.4625 0.0883 0.0486 0.0195
0 0.3389 0.525 0.0347 0.0102
0 0.6181 0.4898 0.0208 0.0156
0 0.6083 0.5062 0.025 0.0203
0 0.5708 0.5172 0.0208 0.0172
0 0.6181 0.5617 0.0194 0.0141
0 0.6278 0.6938 0.0181 0.0211
0 0.75 0.6352 0.0278 0.0102
0 0.7653 0.6961 0.0069 0.0109
0 0.7347 0.7273 0.0458 0.0188
0 0.7889 0.8203 0.0181 0.0211
