0 0.5222 0.0773 0.0653 0.0352
0 0.4681 0.1031 0.0458 0.0281
0 0.475 0.1492 0.0514 0.0336
0 0.5611 0.1812 0.05 0.0312
0 0.4986 0.1711 0.0389 0.0227
0 0.3972 0.175 0.0472 0.0359
0 0.4375 0.1836 0.0403 0.0297
0 0.3722 0.2094 0.0417 0.0258
0 0.4125 0.2109 0.0431 0.0336
0 0.4014 0.2359 0.0403 0.0211
0 0.4556 0.2102 0.0153 0.018
0 0.4514 0.2234 0.025 0.0203
0 0.4333 0.2305 0.0375 0.0148
0 0.4153 0.2672 0.0403 0.0273
0 0.3458 0.2719 0.0431 0.0273
0 0.3708 0.2953 0.0514 0.0273
0 0.4972 0.2305 0.0319 0.0195
0 0.5125 0.2398 0.0222 0.0148
0 0.5347 0.2641 0.0389 0.018
0 0.5194 0.2758 0.0431 0.0242
0 0.5056 0.2938 0.0403 0.0203
0 0.6181 0.2969 0.0528 0.0273
0 0.5625 0.3016 0.0417 0.0297
0 0.4611 0.3062 0.0222 0.0156
0 0.3486 0.3781 0.0486 0.032
0 0.4236 0.3555 0.0389 0.0195
0 0.4403 0.3711 0.0375 0.0219
0 0.5028 0.3633 0.0444 0.0289
0 0.5722 0.3695 0.0389 0.0242
0 0.4806 0.382 0.0528 0.0266
0 0.2903 0.4242 0.0403 0.0234
0 0.2694 0.4531 0.0528 0.0289
0 0.3194 0.4719 0.0472 0.0242
0 0.3542 0.4539 0.0375 0.0242
0 0.3764 0.4688 0.0403 0.0211
0 0.4444 0.5195 0.0403 0.025
0 0.1194 0.518 0.0486 0.0242
0 0.2167 0.5094 0.0319 0.0242
0 0.4903 0.5273 0.0375 0.0195
0 0.3014 0.5125 0.0444 0.0266
0 0.2556 0.4852 0.0486 0.0281
0 0.5917 0.5328 0.0431 0.0281
0 0.3542 0.5609 0.0403 0.0273
0 0.3972 0.5406 0.0403 0.0266
0 0.4417 0.5398 0.0375 0.018
0 0.4014 0.5977 0.0486 0.0297
0 0.2597 0.6695 0.0417 0.0305
0 0.2819 0.6781 0.0319 0.0156
0 0.2014 0.6352 0.0444 0.0281
0 0.5611 0.6906 0.0458 0.032
0 0.1111 0.7594 0.0611 0.0391
0 0.2306 0.8305 0.0458 0.0281
0 0.6042 0.8391 0.0847 0.043
0 0.5847 0.9219 0.0653 0.0453
0 0.6056 0.6875 0.0403 0.0266
0 0.9861 0.5586 0.0236 0.0305
0 0.9681 0.5141 0.0569 0.0344
0 0.9319 0.5414 0.0417 0.0266
0 0.675 0.5109 0.0458 0.0281
0 0.7181 0.5164 0.0444 0.0289
0 0.6625 0.4477 0.0611 0.0383
0 0.5681 0.4172 0.0458 0.0273
0 0.5208 0.3812 0.0306 0.0188
0 0.65 0.3305 0.0611 0.0281
0 0.0778 0.5406 0.0528 0.0297
0 0.5333 0.6281 0.0458 0.0266
0 0.8111 0.6305 0.0361 0.0234
0 0.0389 0.7344 0.0347 0.0203
0 0.2069 0.675 0.0347 0.0219
0 0.2153 0.7016 0.0444 0.0242
