0 0.975 0.0594 0.0375 0.0211
0 0.9333 0.0477 0.05 0.0258
0 0.9278 0.0117 0.0569 0.0242
0 0.5681 0.1133 0.0667 0.025
0 0.5861 0.1312 0.0597 0.0219
0 0.8681 0.0711 0.0556 0.0336
0 0.975 0.2547 0.0431 0.0398
0 0.6097 0.193 0.0556 0.0383
0 0.325 0.1078 0.0417 0.0281
0 0.3042 0.0875 0.0444 0.0289
0 0.3472 0.0703 0.0375 0.0242
0 0.3667 0.0945 0.0389 0.0266
0 0.3847 0.0633 0.0431 0.0289
0 0.3514 0.0508 0.0361 0.0148
0 0.3444 0.032 0.0375 0.0234
0 0.3681 0.0086 0.0222 0.0164
0 0.3972 0.0086 0.0458 0.0156
0 0.4264 0.0094 0.0236 0.0172
0 0.4111 0.0359 0.0472 0.0242
0 0.4333 0.0719 0.0514 0.0312
0 0.4208 0.107 0.0375 0.0258
0 0.4611 0.0945 0.0514 0.0258
0 0.7875 0.0383 0.0458 0.0281
0 0.6486 0.193 0.0319 0.0195
0 0.8639 0.2875 0.0569 0.0289
0 0.6861 0.2844 0.0486 0.0219
0 0.6569 0.2656 0.0361 0.0125
0 0.4278 0.2719 0.0486 0.0289
0 0.2028 0.318 0.025 0.0125
0 0.4111 0.3688 0.0347 0.0203
0 0.4542 0.3719 0.0431 0.025
0 0.6167 0.3078 0.0569 0.0305
0 0.4278 0.3977 0.0306 0.0258
0 0.5931 0.4039 0.0361 0.0164
0 0.6931 0.3219 0.0306 0.0242
0 0.8444 0.3516 0.0444 0.0195
0 0.6667 0.407 0.0486 0.0242
0 0.7361 0.4453 0.05 0.0203
0 0.3167 0.4062 0.0542 0.0242
0 0.3583 0.4016 0.0361 0.0227
0 0.3361 0.4188 0.0361 0.0133
0 0.2 0.4094 0.0389 0.025
0 0.2556 0.4531 0.0306 0.0133
0 0.0444 0.4844 0.0417 0.0148
0 0.0139 0.4789 0.025 0.0172
0 0.0722 0.5195 0.0444 0.0234
0 0.2139 0.4641 0.0389 0.0141
0 0.0833 0.3484 0.0347 0.0133
0 0.6292 0.6188 0.1014 0.0508
0 0.6639 0.65 0.0931 0.0375
0 0.7278 0.6562 0.0375 0.0219
0 0.975 0.6422 0.0444 0.0523
0 0.1889 0.6734 0.0708 0.0445
0 0.5417 0.7633 0.1097 0.0539
0 0.4708 0.775 0.0611 0.0359
0 0.6125 0.8789 0.0611 0.0531
0 0.7083 0.8641 0.0542 0.0438
0 0.9736 0.8961 0.0444 0.0359
0 0.7819 0.7711 0.0319 0.0266
0 0.0083 0.382 0.0181 0.0086
0 0.8806 0.0969 0.025 0.0125
0 0.7361 0.5844 0.0194 0.018
