0 0.4917 0.4016 0.0417 0.0305
0 0.5361 0.3797 0.0444 0.0281
0 0.5889 0.3852 0.0458 0.0273
0 0.4569 0.5125 0.05 0.0211
0 0.7667 0.5305 0.0431 0.0203
0 0.8083 0.5406 0.0375 0.0227
0 0.8472 0.5492 0.0403 0.0242
0 0.6569 0.575 0.0403 0.0219
0 0.2556 0.65 0.0361 0.0188
0 0.2917 0.6531 0.0194 0.0203
0 0.2792 0.6336 0.0319 0.0117
0 0.3458 0.6633 0.0361 0.0242
0 0.3347 0.6336 0.0222 0.0148
0 0.6333 0.6867 0.0306 0.0227
0 0.6903 0.6922 0.0333 0.0172
0 0.6667 0.707 0.0403 0.0188
0 0.8611 0.5281 0.0347 0.018
0 0.6097 0.5234 0.0319 0.0203
0 0.5681 0.4852 0.0292 0.0133
0 0.2556 0.6664 0.0333 0.0164
0 0.4708 0.618 0.0361 0.0195
0 0.6333 0.5656 0.0292 0.0102
0 0.7139 0.5484 0.0167 0.0164
0 0.6222 0.5406 0.0264 0.0172
0 0.4472 0.3914 0.0472 0.0352
