0 0.0042 0.1828 0.0069 0.0102
0 0.0222 0.1859 0.0319 0.0164
0 0.0528 0.193 0.0222 0.0141
0 0.0653 0.175 0.0292 0.0156
0 0.1292 0.2117 0.0306 0.0156
0 0.1014 0.2281 0.0236 0.0141
0 0.1375 0.2344 0.0472 0.0258
0 0.175 0.2266 0.0431 0.025
0 0.1694 0.2492 0.025 0.018
0 0.2444 0.2336 0.0306 0.018
0 0.1931 0.1602 0.0236 0.0117
0 0.2264 0.1 0.0264 0.0164
0 0.2292 0.1148 0.0278 0.0133
0 0.2736 0.1172 0.0236 0.0133
0 0.2806 0.1289 0.0181 0.0094
0 0.2611 0.1625 0.0278 0.0141
0 0.2944 0.1727 0.0264 0.0141
0 0.4847 0.1773 0.0264 0.0172
0 0.6375 0.1984 0.0278 0.0195
0 0.7208 0.2016 0.025 0.0109
0 0.5389 0.2609 0.0375 0.0156
0 0.5056 0.2664 0.0389 0.0203
0 0.5042 0.2898 0.0444 0.0227
0 0.3639 0.2055 0.0222 0.0148
0 0.3292 0.2438 0.0458 0.0289
0 0.4403 0.3031 0.0417 0.0258
0 0.2653 0.3148 0.0292 0.0203
0 0.2819 0.343 0.0347 0.0188
0 0.2431 0.3266 0.0347 0.0211
0 0.2236 0.2906 0.0417 0.0219
0 0.1778 0.3062 0.0236 0.0203
0 0.1889 0.2844 0.0375 0.0211
0 0.1361 0.2852 0.0472 0.0258
0 0.1181 0.2555 0.0292 0.0297
0 0.0931 0.282 0.0403 0.0227
0 0.0986 0.3047 0.0333 0.0195
0 0.0653 0.3195 0.0306 0.018
0 0.0417 0.3164 0.0181 0.0156
0 0.0292 0.3086 0.0417 0.0164
0 0.0111 0.3148 0.0222 0.0172
0 0.1458 0.3281 0.0278 0.0148
0 0.2472 0.3633 0.0333 0.0156
0 0.0597 0.4172 0.0444 0.0211
0 0.1 0.4438 0.0472 0.025
0 0.0903 0.4656 0.0333 0.0156
0 0.0833 0.5062 0.0389 0.0203
0 0.2597 0.4461 0.0375 0.0195
0 0.1806 0.5211 0.0444 0.025
0 0.2361 0.5969 0.0306 0.018
0 0.2611 0.5164 0.0458 0.0195
0 0.3278 0.5 0.0278 0.0133
0 0.4222 0.4648 0.0292 0.0172
0 0.4153 0.5078 0.0375 0.0219
0 0.3861 0.5281 0.0347 0.018
0 0.4111 0.5398 0.0389 0.0227
0 0.3583 0.5711 0.0389 0.0203
0 0.3569 0.593 0.0194 0.0164
0 0.3764 0.6367 0.0153 0.0148
0 0.425 0.7062 0.0264 0.018
0 0.4417 0.7203 0.0264 0.0133
0 0.4208 0.6922 0.0264 0.0133
0 0.4819 0.6906 0.0278 0.0148
0 0.5347 0.6148 0.0167 0.0148
0 0.4875 0.6086 0.0403 0.0203
0 0.3 0.3664 0.0278 0.0117
0 0.6 0.643 0.0236 0.0086
0 0.5958 0.5688 0.0333 0.0164
0 0.6542 0.5867 0.0111 0.0125
0 0.7028 0.593 0.0333 0.0172
0 0.7681 0.6102 0.0319 0.0125
0 0.8639 0.2477 0.0278 0.0172
0 0.7889 0.2766 0.0278 0.0141
0 0.8222 0.2656 0.0403 0.0195
0 0.8611 0.2773 0.0236 0.0172
0 0.8917 0.2789 0.0319 0.0148
0 0.6764 0.3281 0.025 0.0141
0 0.4167 0.3398 0.0431 0.0219
0 0.4347 0.3555 0.0347 0.0172
0 0.5139 0.3562 0.0375 0.0211
0 0.5486 0.357 0.0194 0.0172
0 0.6097 0.3703 0.0278 0.0195
0 0.75 0.4828 0.0403 0.0266
0 0.6819 0.5102 0.0361 0.0172
0 0.7681 0.5 0.0431 0.0195
0 0.9361 0.5023 0.0167 0.0086
0 0.8361 0.5273 0.0306 0.0133
0 0.8653 0.5328 0.0292 0.0141
0 0.7889 0.5398 0.0278 0.0133
0 0.7556 0.557 0.0319 0.0195
0 0.6167 0.5336 0.0194 0.0125
0 0.9833 0.2414 0.0264 0.0156
0 0.3444 0.1188 0.0153 0.0094
0 0.3528 0.1375 0.0292 0.0219
0 0.3708 0.1516 0.0347 0.0133
0 0.4361 0.207 0.0278 0.0125
0 0.8569 0.3477 0.0167 0.0117
0 0.9889 0.432 0.0194 0.0156
0 0.1875 0.4797 0.0278 0.0133
0 0.3056 0.5414 0.0417 0.0211
0 0.2764 0.6172 0.0111 0.0156
0 0.4986 0.6992 0.0139 0.0164
0 0.9431 0.6477 0.0347 0.0141
0 0.9819 0.5906 0.0333 0.0195
0 0.6319 0.5445 0.0292 0.0078
0 0.9931 0.2266 0.0111 0.0156
