0 0.6028 0.6016 0.0417 0.0266
0 0.7333 0.6188 0.0444 0.0211
0 0.8653 0.6312 0.0403 0.0219
0 0.7722 0.5133 0.0444 0.0266
0 0.6139 0.5734 0.0222 0.0219
0 0.95 0.5484 0.0458 0.025
0 0.8819 0.5172 0.0361 0.0227
0 0.8472 0.5273 0.0278 0.018
0 0.3111 0.4922 0.0389 0.0234
0 0.6333 0.5359 0.0181 0.0242
0 0.5542 0.507 0.0236 0.0203
0 0.4833 0.4477 0.0292 0.0164
0 0.1917 0.4367 0.0306 0.0109
0 0.5042 0.4609 0.0236 0.0156
0 0.9167 0.4555 0.0292 0.0141
0 0.9875 0.4766 0.0208 0.0219
0 0.7986 0.4453 0.0264 0.0125
0 0.7361 0.168 0.0389 0.0227
0 0.7597 0.1516 0.0292 0.0195
0 0.8861 0.2898 0.0375 0.0242
0 0.8986 0.3047 0.0431 0.0242
0 0.8431 0.1531 0.0139 0.0125
0 0.8847 0.3508 0.025 0.0086
0 0.9528 0.5047 0.0153 0.0133
0 0.7431 0.518 0.0278 0.0273
