0 0.4681 0.1742 0.0417 0.0242
0 0.2542 0.3359 0.0347 0.0211
0 0.2889 0.3406 0.0306 0.0148
0 0.2833 0.4109 0.0458 0.0258
0 0.2944 0.4422 0.0347 0.0195
0 0.2375 0.5242 0.0333 0.0211
0 0.2667 0.5336 0.0264 0.0109
0 0.2917 0.5266 0.0139 0.0078
0 0.2611 0.6375 0.0458 0.025
0 0.1375 0.4289 0.0139 0.0109
0 0.0736 0.5086 0.0139 0.0078
0 0.4681 0.432 0.0361 0.0164
0 0.5125 0.4125 0.0264 0.0133
0 0.2764 0.5828 0.0319 0.0188
0 0.5778 0.3734 0.0236 0.0148
0 0.6222 0.3727 0.0347 0.0188
0 0.6778 0.407 0.0403 0.0281
0 0.6014 0.3883 0.0153 0.0109
0 0.8722 0.5359 0.025 0.0094
0 0.7694 0.6414 0.0208 0.0172
0 0.0847 0.4812 0.0222 0.018
0 0.0389 0.525 0.0444 0.0188
0 0.1986 0.4297 0.0306 0.0234
0 0.6097 0.6547 0.0181 0.0188
0 0.4917 0.7148 0.0458 0.0133
0 0.9028 0.65 0.0292 0.0172
0 0.8625 0.6383 0.0403 0.0211
0 0.9014 0.6305 0.0542 0.0172
0 0.8389 0.6086 0.0389 0.0133
0 0.6514 0.593 0.0181 0.0148
0 0.2361 0.6008 0.0597 0.0297
