0 0.4056 0.0422 0.0569 0.0305
0 0.4611 0.0109 0.0597 0.0195
0 0.7319 0.0391 0.0583 0.025
0 0.7722 0.0367 0.0361 0.0266
0 0.9014 0.0219 0.0806 0.0422
0 0.8083 0.0664 0.0472 0.0328
0 0.7764 0.0711 0.05 0.043
0 0.7278 0.0789 0.0611 0.0438
0 0.6819 0.0789 0.0361 0.0297
0 0.6403 0.0883 0.0597 0.0344
0 0.6083 0.1133 0.0722 0.0406
0 0.6819 0.1305 0.0639 0.032
0 0.7208 0.1391 0.0347 0.0258
0 0.8194 0.1648 0.0653 0.032
0 0.4389 0.0742 0.0389 0.0188
0 0.5083 0.0859 0.0361 0.0188
0 0.5167 0.1344 0.0667 0.0266
0 0.6083 0.1562 0.0444 0.025
0 0.4319 0.1172 0.0292 0.0219
0 0.4083 0.1711 0.0514 0.0328
0 0.4764 0.1695 0.0514 0.0336
0 0.3778 0.1938 0.0528 0.0312
0 0.3861 0.2195 0.0403 0.0234
0 0.4194 0.2398 0.0569 0.0297
0 0.4667 0.2562 0.0472 0.0273
0 0.4528 0.2727 0.0556 0.0219
0 0.6625 0.2656 0.0472 0.0289
0 0.6056 0.2078 0.05 0.0289
0 0.7236 0.2664 0.0444 0.0234
0 0.7694 0.2531 0.0403 0.0336
0 0.8069 0.2867 0.0542 0.0305
0 0.8611 0.2875 0.0514 0.0273
0 0.9167 0.2859 0.0625 0.0375
0 0.9569 0.2789 0.05 0.0336
0 0.8444 0.3109 0.0333 0.0219
0 0.8694 0.307 0.0222 0.0117
0 0.8542 0.3703 0.0458 0.032
0 0.8097 0.3547 0.0375 0.0156
0 0.7208 0.3328 0.0431 0.0297
0 0.5861 0.3531 0.0681 0.0383
0 0.6417 0.3516 0.0319 0.0375
0 0.6931 0.3586 0.0569 0.0211
0 0.7889 0.382 0.0431 0.0258
0 0.8736 0.4039 0.0708 0.0344
0 0.9236 0.4125 0.0486 0.0344
0 0.9792 0.3984 0.0389 0.0312
0 0.3681 0.3531 0.0333 0.0148
0 0.3361 0.3695 0.0514 0.0305
0 0.4292 0.3703 0.0611 0.0289
0 0.4986 0.3938 0.05 0.0266
0 0.7208 0.4273 0.0458 0.0297
0 0.3208 0.4406 0.0306 0.0227
0 0.2903 0.4656 0.0389 0.0289
0 0.2 0.4094 0.0347 0.0195
0 0.1764 0.4211 0.0278 0.0141
0 0.3375 0.5297 0.0528 0.0367
0 0.2847 0.5352 0.0556 0.0273
0 0.2958 0.5664 0.0569 0.0305
0 0.3861 0.5211 0.0639 0.032
0 0.4167 0.5398 0.0472 0.0266
0 0.4583 0.5266 0.0542 0.0234
0 0.5236 0.4633 0.0208 0.0188
0 0.4431 0.4195 0.0542 0.0242
0 0.2986 0.3664 0.0361 0.025
0 0.7417 0.5305 0.0528 0.0336
0 0.7153 0.518 0.0389 0.0273
0 0.7153 0.4719 0.0375 0.0148
0 0.8764 0.5375 0.05 0.0234
0 0.7403 0.4688 0.0264 0.018
0 0.9583 0.5766 0.0389 0.0258
0 0.6111 0.5609 0.05 0.0297
0 0.6861 0.55 0.0306 0.0172
0 0.2694 0.5945 0.0569 0.0266
0 0.2194 0.6117 0.0583 0.0312
0 0.275 0.6289 0.0694 0.0289
0 0.325 0.6156 0.0444 0.0328
0 0.5806 0.6773 0.0528 0.0375
0 0.9833 0.7156 0.0292 0.0336
0 0.4528 0.7961 0.0597 0.0375
0 0.5111 0.7 0.0556 0.0211
0 0.7097 0.7758 0.0486 0.0266
0 0.6333 0.7594 0.0528 0.0234
0 0.8292 0.7539 0.0236 0.0258
0 0.9264 0.7758 0.0528 0.0281
0 0.9833 0.7672 0.0292 0.0305
0 0.8417 0.7742 0.0167 0.0172
0 0.3458 0.8445 0.0542 0.0281
0 0.2389 0.8859 0.0583 0.032
0 0.1333 0.8953 0.0583 0.0383
0 0.0792 0.8938 0.0583 0.0367
0 0.2806 0.9438 0.0667 0.0422
0 0.9431 0.8211 0.0514 0.0203
0 0.6875 0.443 0.0347 0.0172
0 0.0167 0.5617 0.0319 0.0312
0 0.0139 0.4312 0.025 0.0312
0 0.0139 0.6336 0.0222 0.0234
0 0.0583 0.8469 0.025 0.0195
0 0.0208 0.8836 0.0389 0.0289
0 0.4972 0.6062 0.0514 0.0258
0 0.9111 0.3867 0.0278 0.0148
