0 0.2486 0.1562 0.0431 0.0281
0 0.1806 0.1695 0.0403 0.0258
0 0.2139 0.1961 0.0236 0.0219
0 0.2694 0.1906 0.0347 0.0234
0 0.3347 0.2086 0.0319 0.0234
0 0.3153 0.2336 0.0319 0.018
0 0.3736 0.2406 0.0361 0.0219
0 0.4917 0.1719 0.0347 0.0227
0 0.5236 0.1797 0.0389 0.0203
0 0.4944 0.1953 0.0306 0.0141
0 0.4528 0.1922 0.0333 0.0234
0 0.3875 0.1914 0.0375 0.0227
0 0.4181 0.1984 0.0333 0.0172
0 0.4486 0.2148 0.0361 0.0172
0 0.4389 0.2289 0.0306 0.0109
0 0.4125 0.2234 0.0403 0.0234
0 0.3833 0.2078 0.0375 0.0188
0 0.3722 0.2172 0.0292 0.0148
0 0.5153 0.2562 0.0389 0.0242
0 0.55 0.2523 0.0333 0.0227
0 0.5361 0.275 0.0292 0.0227
0 0.5083 0.2805 0.0403 0.0227
0 0.7181 0.1977 0.0722 0.0445
0 0.7806 0.2258 0.0722 0.0453
0 0.8306 0.2867 0.0514 0.0211
0 0.8542 0.3172 0.075 0.0438
0 0.7236 0.2867 0.0431 0.0258
0 0.1014 0.1906 0.0264 0.018
0 0.0486 0.2289 0.0361 0.0227
0 0.0861 0.2312 0.0361 0.0219
0 0.1097 0.2445 0.0417 0.0195
0 0.0778 0.2555 0.0403 0.0234
0 0.1778 0.2422 0.0403 0.0227
0 0.2458 0.25 0.0306 0.0141
0 0.2208 0.2531 0.0264 0.0164
0 0.6722 0.2516 0.0347 0.0133
0 0.6833 0.2836 0.0417 0.0203
0 0.9472 0.3172 0.0472 0.0227
0 0.9444 0.2594 0.0389 0.018
0 0.9556 0.2852 0.0333 0.0242
0 0.9083 0.3875 0.0431 0.0211
0 0.6625 0.3031 0.0292 0.0172
0 0.6222 0.2961 0.0333 0.0148
0 0.6222 0.3117 0.0319 0.0164
0 0.6292 0.325 0.0292 0.018
0 0.6528 0.3227 0.025 0.0148
0 0.6722 0.3242 0.0181 0.0133
0 0.5639 0.3414 0.0264 0.0148
0 0.5486 0.3133 0.0264 0.018
0 0.5306 0.3047 0.0306 0.0195
0 0.425 0.3914 0.0222 0.0141
0 0.1375 0.3109 0.0389 0.0227
0 0.0167 0.2367 0.0347 0.0211
0 0.0292 0.2586 0.0347 0.0195
0 0.1319 0.375 0.0361 0.0195
0 0.1903 0.3562 0.025 0.0156
0 0.1694 0.4164 0.0264 0.0156
0 0.2319 0.3617 0.0236 0.0156
0 0.25 0.3695 0.0194 0.0125
0 0.2931 0.4719 0.0417 0.0211
0 0.3639 0.4789 0.0444 0.0227
0 0.0514 0.5125 0.0556 0.0242
0 0.3375 0.4859 0.0278 0.0172
0 0.4236 0.5188 0.0347 0.0234
0 0.4347 0.4766 0.0306 0.0125
0 0.4944 0.4812 0.0472 0.0266
0 0.4486 0.4492 0.0361 0.0297
0 0.6625 0.4367 0.0444 0.0203
0 0.8014 0.4938 0.0306 0.0211
0 0.8319 0.4945 0.0333 0.0203
0 0.8972 0.4766 0.0389 0.0156
0 0.9292 0.5242 0.0306 0.0188
0 0.8069 0.5266 0.0319 0.018
0 0.8264 0.5641 0.0347 0.0188
0 0.7194 0.4977 0.0375 0.018
0 0.6958 0.5047 0.0347 0.0227
0 0.6639 0.5102 0.0264 0.0188
0 0.6111 0.5125 0.0333 0.0273
0 0.5611 0.5047 0.0361 0.0188
0 0.475 0.5641 0.0375 0.0234
0 0.3611 0.5461 0.0569 0.0359
0 0.3889 0.5938 0.0333 0.0234
0 0.3792 0.625 0.0347 0.0297
0 0.4972 0.6227 0.0236 0.0141
0 0.3264 0.6656 0.0458 0.0258
0 0.2792 0.6133 0.0597 0.0297
0 0.2861 0.5867 0.0486 0.0258
0 0.2389 0.5352 0.0444 0.0289
0 0.1056 0.5711 0.0528 0.025
0 0.1806 0.5664 0.0583 0.025
0 0.2111 0.6242 0.0306 0.0172
0 0.0889 0.6031 0.0306 0.0148
0 0.15 0.6672 0.0264 0.0188
0 0.1583 0.5953 0.0292 0.0141
0 0.05 0.5812 0.0431 0.0195
0 0.0292 0.557 0.0486 0.0242
0 0.0208 0.3617 0.0375 0.0211
0 0.0264 0.2781 0.0375 0.0227
0 0.6778 0.382 0.0319 0.0141
0 0.3153 0.4195 0.0306 0.018
0 0.3 0.3938 0.0333 0.0148
0 0.2736 0.5094 0.0444 0.007
0 0.3139 0.5328 0.0208 0.0156
0 0.7306 0.2641 0.0681 0.0375
0 0.7639 0.282 0.0417 0.0289
0 0.3792 0.4359 0.025 0.0164
