0 0.4194 0.182 0.0583 0.0273
0 0.3597 0.2922 0.0417 0.0203
0 0.3681 0.3859 0.0528 0.0289
0 0.2931 0.5125 0.0417 0.0258
0 0.2347 0.3781 0.0333 0.0203
0 0.1778 0.3969 0.0333 0.0211
0 0.15 0.3398 0.0333 0.018
0 0.1903 0.3383 0.025 0.0234
0 0.0361 0.3586 0.0222 0.0172
0 0.0292 0.5586 0.0264 0.018
0 0.2028 0.6344 0.0625 0.0258
0 0.2681 0.5734 0.0694 0.0328
0 0.4542 0.518 0.0319 0.018
0 0.4764 0.6352 0.0458 0.0211
0 0.5125 0.6219 0.025 0.0156
0 0.6292 0.5414 0.0431 0.0242
0 0.6 0.5477 0.0361 0.0133
0 0.7347 0.5055 0.0375 0.0133
0 0.0111 0.3578 0.0194 0.0164
0 0.0389 0.5023 0.0347 0.0172
0 0.4681 0.5719 0.0292 0.0211
0 0.5222 0.5203 0.0333 0.0133
0 0.7361 0.4727 0.0361 0.0195
