0 0.6056 0.4102 0.0361 0.0234
0 0.4014 0.4312 0.0403 0.0258
0 0.4139 0.0414 0.0458 0.0242
0 0.4333 0.0469 0.0306 0.0242
0 0.4097 0.0594 0.0458 0.0227
0 0.4833 0.0438 0.0306 0.0258
0 0.5097 0.0711 0.0417 0.0188
0 0.4458 0.0852 0.0375 0.0258
0 0.4861 0.0797 0.0167 0.0148
0 0.4583 0.0992 0.0417 0.0219
0 0.5083 0.0953 0.0319 0.0219
0 0.4139 0.1336 0.0319 0.0234
0 0.5194 0.1781 0.0347 0.0258
0 0.4208 0.1977 0.0389 0.0227
0 0.4694 0.1727 0.0319 0.0188
0 0.5403 0.1406 0.0472 0.0266
0 0.3333 0.232 0.0417 0.0234
0 0.4597 0.193 0.0333 0.0195
0 0.4417 0.225 0.0319 0.0203
0 0.5389 0.243 0.0319 0.0141
0 0.5583 0.2531 0.0319 0.0172
0 0.5333 0.2539 0.0222 0.0133
0 0.2528 0.2672 0.0514 0.032
0 0.3917 0.2672 0.0306 0.0195
0 0.6542 0.4086 0.0486 0.0305
0 0.6333 0.4 0.0375 0.0234
0 0.6417 0.4266 0.0306 0.0164
0 0.4111 0.2781 0.025 0.0148
0 0.2569 0.3812 0.0347 0.025
0 0.3264 0.3781 0.0444 0.0219
0 0.3667 0.3367 0.0181 0.0141
0 0.5819 0.3711 0.0431 0.0266
0 0.5833 0.393 0.0458 0.0219
0 0.5681 0.5227 0.0514 0.0234
0 0.3361 0.4836 0.0431 0.0281
0 0.3639 0.4758 0.0347 0.0273
0 0.5806 0.5969 0.0375 0.0273
0 0.4486 0.3797 0.0222 0.0094
0 0.4514 0.3891 0.0167 0.0078
0 0.4694 0.4898 0.0375 0.0211
0 0.5667 0.6422 0.0542 0.0297
0 0.5361 0.7031 0.0486 0.0258
0 0.3764 0.6359 0.0375 0.0172
0 0.8847 0.4625 0.0361 0.0141
0 0.9444 0.4531 0.0347 0.0141
0 0.9736 0.3055 0.025 0.0141
0 0.4833 0.1172 0.0472 0.0234
0 0.5167 0.15 0.0403 0.0258
0 0.5931 0.4547 0.0278 0.0164
0 0.0389 0.7094 0.0611 0.0234
0 0.4403 0.1453 0.0417 0.0227
0 0.4444 0.1562 0.0361 0.0133
0 0.3917 0.1805 0.0292 0.0188
0 0.4042 0.2 0.0306 0.0203
0 0.5306 0.1922 0.0139 0.0117
0 0.4653 0.2672 0.0194 0.0148
0 0.4681 0.2812 0.0194 0.0141
0 0.6861 0.318 0.0264 0.0109
0 0.7319 0.3789 0.0139 0.0117
0 0.4 0.3711 0.0181 0.0117
0 0.425 0.3211 0.0167 0.0086
0 0.5972 0.4359 0.0292 0.0195
0 0.6736 0.5375 0.0292 0.0211
0 0.3861 0.2406 0.0264 0.0148
0 0.2972 0.382 0.0139 0.0219
0 0.5472 0.4961 0.0167 0.0211
0 0.5083 0.4922 0.0389 0.025
0 0.3458 0.5898 0.0194 0.0109
0 0.5764 0.7008 0.0431 0.0266
0 0.4556 0.6445 0.0264 0.0133
0 0.3431 0.6797 0.0222 0.0094
0 0.6792 0.4266 0.0389 0.025
