0 0.6181 0.1227 0.0444 0.0125
0 0.6347 0.1469 0.0458 0.0297
0 0.6597 0.1812 0.0375 0.0297
0 0.6208 0.1727 0.0444 0.0141
0 0.5806 0.2039 0.0611 0.0344
0 0.5069 0.225 0.0583 0.032
0 0.4889 0.2492 0.0611 0.0281
0 0.5333 0.2875 0.0486 0.0266
0 0.5708 0.3422 0.0431 0.0328
0 0.6222 0.3383 0.0625 0.0305
0 0.6875 0.3547 0.0528 0.0195
0 0.3944 0.4062 0.0694 0.0211
0 0.6306 0.4312 0.0569 0.0352
0 0.5472 0.3656 0.0361 0.0211
0 0.5736 0.5008 0.0417 0.0211
0 0.6083 0.475 0.0639 0.0344
0 0.6861 0.4477 0.0458 0.0305
0 0.6542 0.4523 0.025 0.0227
0 0.6403 0.5461 0.0458 0.0242
0 0.7139 0.4688 0.0389 0.0203
0 0.6875 0.518 0.0486 0.0219
0 0.7097 0.6156 0.0472 0.0328
0 0.4194 0.6039 0.0403 0.0172
0 0.3347 0.7055 0.0625 0.0344
0 0.4486 0.6867 0.0472 0.025
0 0.2306 0.6133 0.025 0.0148
0 0.2306 0.6477 0.0194 0.0156
0 0.5722 0.7914 0.0389 0.0336
0 0.7722 0.7672 0.0708 0.0211
0 0.6208 0.2977 0.0278 0.0117
0 0.4375 0.457 0.0556 0.0289
0 0.9722 0.5266 0.05 0.0242
0 0.7583 0.4703 0.0403 0.0219
0 0.1403 0.7008 0.0347 0.0141
