0 0.0208 0.0914 0.0389 0.0359
0 0.0167 0.1234 0.0333 0.0281
0 0.0736 0.125 0.0431 0.0352
0 0.0403 0.1406 0.0625 0.0383
0 0.0611 0.1766 0.0403 0.0281
0 0.2389 0.3062 0.0458 0.0289
0 0.0722 0.4367 0.0389 0.0156
0 0.0444 0.4664 0.05 0.0289
0 0.0722 0.4664 0.0292 0.025
0 0.2264 0.4797 0.075 0.0414
0 0.3278 0.693 0.0903 0.0453
0 0.3222 0.7672 0.0764 0.0422
0 0.6847 0.2281 0.0514 0.032
0 0.6403 0.2352 0.0444 0.0273
0 0.7264 0.2203 0.0389 0.0289
0 0.7042 0.2641 0.0472 0.025
0 0.7778 0.2195 0.0306 0.0312
0 0.7875 0.2281 0.0042 0.0031
0 0.8097 0.2641 0.0444 0.0305
0 0.8542 0.2602 0.0431 0.0344
0 0.9042 0.2625 0.0597 0.032
0 0.7292 0.3156 0.0319 0.0281
0 0.7611 0.3148 0.0306 0.0266
0 0.8056 0.3422 0.0569 0.0312
0 0.8556 0.343 0.0472 0.032
0 0.6958 0.3898 0.0542 0.025
0 0.6667 0.4078 0.0278 0.018
0 0.6069 0.4328 0.0569 0.0281
0 0.5667 0.4453 0.0347 0.0273
0 0.6528 0.4719 0.0667 0.0344
0 0.6042 0.4875 0.0389 0.0312
0 0.6431 0.4953 0.05 0.0234
0 0.5819 0.5133 0.05 0.0281
0 0.55 0.4953 0.0514 0.0281
0 0.5389 0.5164 0.0375 0.0227
0 0.8417 0.3891 0.0486 0.0211
0 0.8764 0.4133 0.0583 0.0312
0 0.7958 0.3922 0.025 0.0258
0 0.9069 0.4508 0.0458 0.0305
0 0.8681 0.4602 0.0403 0.0312
0 0.9056 0.468 0.0333 0.0117
0 0.9792 0.4602 0.0389 0.0281
0 0.8639 0.5102 0.05 0.0305
0 0.8597 0.5406 0.0458 0.0297
0 0.8153 0.507 0.0361 0.0242
0 0.8278 0.5539 0.0528 0.0227
0 0.8444 0.5797 0.0514 0.0273
0 0.9625 0.5906 0.0653 0.0367
0 0.9 0.6234 0.0583 0.0344
0 0.8792 0.6016 0.0444 0.025
0 0.6861 0.5969 0.0514 0.0281
0 0.6458 0.5781 0.0514 0.0328
0 0.6736 0.7641 0.0542 0.0312
0 0.7889 0.2352 0.0278 0.0219
0 0.9347 0.4648 0.0194 0.0211
0 0.9264 0.5742 0.0208 0.0227
0 0.8625 0.4828 0.0347 0.0195
0 0.1208 0.2742 0.0319 0.0148
0 0.7278 0.25 0.0306 0.0258
0 0.8708 0.3156 0.0208 0.0148
0 0.0611 0.4828 0.0306 0.0141
0 0.7972 0.4688 0.0181 0.0148
0 0.6681 0.4273 0.0194 0.0164
0 0.4042 0.7469 0.0278 0.0211
0 0.8569 0.8727 0.0403 0.0242
0 0.9472 0.8648 0.0597 0.0328
0 0.9236 0.6023 0.0181 0.0141
