0 0.1028 0.1664 0.025 0.0188
0 0.1306 0.2391 0.0375 0.0242
0 0.1667 0.2508 0.0319 0.0195
0 0.0875 0.4812 0.0528 0.025
0 0.8431 0.0688 0.0514 0.0312
0 0.7278 0.1758 0.0444 0.025
0 0.6542 0.2203 0.0417 0.0234
0 0.7653 0.1766 0.0361 0.0344
0 0.6778 0.2656 0.0417 0.0289
0 0.7139 0.275 0.0375 0.0258
0 0.7778 0.2656 0.0403 0.0266
0 0.825 0.2633 0.05 0.0297
0 0.8708 0.2594 0.0194 0.0172
0 0.7431 0.2992 0.0514 0.0297
0 0.6542 0.3477 0.05 0.0273
0 0.8139 0.3281 0.0542 0.0227
0 0.7167 0.3672 0.0389 0.025
0 0.7417 0.3625 0.0306 0.0195
0 0.6764 0.4133 0.0361 0.0195
0 0.7333 0.4281 0.0375 0.018
0 0.6736 0.4328 0.0347 0.0172
0 0.5819 0.4266 0.0347 0.0164
0 0.9361 0.4508 0.0431 0.0242
0 0.9042 0.4711 0.0472 0.0195
0 0.8431 0.4984 0.0417 0.0234
0 0.65 0.4898 0.0431 0.018
0 0.6889 0.4812 0.0417 0.018
0 0.7097 0.5023 0.0403 0.025
0 0.6819 0.5203 0.025 0.0219
0 0.6625 0.5867 0.0333 0.0195
0 0.5208 0.6539 0.0361 0.0148
0 0.8097 0.7602 0.0583 0.0367
0 0.9153 0.5953 0.0486 0.025
0 0.7472 0.4656 0.0222 0.0125
0 0.9472 0.6438 0.0611 0.0164
0 0.65 0.532 0.0569 0.0125
