0 0.0958 0.6039 0.0417 0.0227
0 0.0792 0.1188 0.0319 0.0156
0 0.0514 0.15 0.0278 0.0148
0 0.0403 0.1625 0.025 0.0156
0 0.7278 0.4977 0.025 0.0188
0 0.75 0.5039 0.0208 0.0141
0 0.7264 0.4688 0.0389 0.0195
0 0.8125 0.4016 0.0389 0.0188
0 0.9444 0.3375 0.0375 0.0227
0 0.8444 0.3812 0.0319 0.0188
0 0.3611 0.5484 0.0389 0.0188
0 0.3375 0.5328 0.0278 0.018
0 0.3056 0.3789 0.0306 0.0188
0 0.3139 0.3438 0.0292 0.0203
0 0.2667 0.3406 0.0236 0.0148
0 0.1569 0.3625 0.0319 0.0211
0 0.1333 0.3734 0.0347 0.0172
0 0.0722 0.5016 0.0361 0.0195
0 0.4097 0.5086 0.0264 0.0133
0 0.4944 0.4352 0.0306 0.0141
0 0.4222 0.2609 0.0319 0.0148
0 0.3278 0.2984 0.0236 0.0148
0 0.4556 0.175 0.0292 0.0211
0 0.1972 0.168 0.025 0.0133
0 0.2833 0.1328 0.0292 0.0195
0 0.3125 0.1328 0.0181 0.0125
0 0.2208 0.1469 0.0319 0.0188
0 0.25 0.1469 0.0194 0.0156
0 0.1653 0.1562 0.0264 0.018
0 0.6417 0.3922 0.0264 0.0109
0 0.4597 0.4234 0.0236 0.0172
0 0.1569 0.3234 0.0333 0.0117
0 0.0792 0.2625 0.0264 0.0156
0 0.4208 0.2336 0.025 0.0156
0 0.2889 0.2531 0.0292 0.0188
0 0.1097 0.5172 0.0319 0.0125
0 0.3722 0.2195 0.025 0.0102
0 0.0125 0.1383 0.025 0.0148
0 0.0528 0.1172 0.0208 0.018
0 0.0833 0.107 0.0264 0.0102
0 0.1319 0.2453 0.0236 0.0125
0 0.3667 0.2055 0.0319 0.0172
0 0.0722 0.2055 0.0208 0.0172
0 0.0764 0.2273 0.0306 0.0141
0 0.0236 0.3766 0.0278 0.0172
0 0.0889 0.5469 0.0361 0.0086
0 0.1444 0.5672 0.0319 0.0211
0 0.1278 0.5953 0.0306 0.0195
0 0.4153 0.5188 0.0306 0.0125
0 0.2875 0.3656 0.0319 0.0141
0 0.3431 0.3469 0.025 0.0172
0 0.5014 0.4203 0.0236 0.0148
0 0.0778 0.4523 0.0167 0.0156
0 0.3819 0.5086 0.0222 0.0133
0 0.4861 0.507 0.0306 0.0164
0 0.4861 0.5195 0.0306 0.0102
0 0.4153 0.4039 0.0278 0.0133
0 0.2833 0.4047 0.0264 0.0109
0 0.5694 0.3398 0.0264 0.0164
0 0.6944 0.3359 0.0264 0.0117
0 0.9875 0.3164 0.0222 0.0336
0 0.7208 0.4172 0.0236 0.0109
0 0.7847 0.4094 0.0264 0.0211
0 0.925 0.3789 0.0417 0.0219
0 0.7083 0.5062 0.0319 0.0172
0 0.7556 0.4836 0.0306 0.0258
0 0.7944 0.4391 0.0333 0.0188
0 0.5806 0.4656 0.0347 0.0125
0 0.6028 0.4516 0.0181 0.0109
0 0.9375 0.6062 0.0306 0.0266
0 0.975 0.6133 0.0472 0.0312
0 0.2347 0.2023 0.0319 0.0148
