0 0.4292 0.3367 0.0347 0.0203
0 0.1778 0.5297 0.025 0.0164
0 0.35 0.3117 0.0333 0.0148
0 0.3778 0.3367 0.0306 0.0172
0 0.3667 0.3531 0.0347 0.0141
0 0.4194 0.3609 0.0278 0.0195
0 0.2778 0.3336 0.0278 0.0141
0 0.3264 0.3219 0.0181 0.018
0 0.1056 0.482 0.0264 0.0211
0 0.2986 0.3914 0.0236 0.0117
0 0.125 0.2883 0.0292 0.018
0 0.1986 0.2102 0.0347 0.0188
0 0.0708 0.1844 0.0319 0.0156
0 0.0431 0.1781 0.0264 0.0141
0 0.0278 0.3234 0.0319 0.0172
0 0.1014 0.2719 0.0333 0.0188
0 0.0972 0.2867 0.0222 0.0156
0 0.4986 0.4734 0.025 0.0102
0 0.3125 0.2281 0.0278 0.0133
0 0.2653 0.2633 0.0153 0.0086
0 0.525 0.3664 0.0236 0.0141
0 0.0097 0.2656 0.0167 0.0148
0 0.0194 0.3422 0.0333 0.0164
0 0.0514 0.368 0.0306 0.018
0 0.0903 0.3625 0.025 0.0117
0 0.4083 0.2961 0.0278 0.0125
0 0.6292 0.3891 0.0167 0.0125
0 0.5889 0.4555 0.0264 0.0086
0 0.6319 0.4547 0.0306 0.0234
0 0.6556 0.3922 0.0222 0.0148
0 0.1889 0.4625 0.0389 0.0156
0 0.1972 0.482 0.0444 0.0234
0 0.2056 0.4953 0.0292 0.0148
0 0.1667 0.5172 0.0292 0.0125
0 0.1889 0.5344 0.0278 0.0164
0 0.325 0.5797 0.0222 0.0148
