0 0.5611 0.1547 0.0347 0.0219
0 0.5861 0.1383 0.0403 0.0211
0 0.6708 0.1383 0.0208 0.0141
0 0.7292 0.2812 0.0375 0.0227
0 0.7389 0.2953 0.0486 0.0219
0 0.7194 0.3422 0.0347 0.0148
0 0.6375 0.4367 0.0306 0.018
0 0.7514 0.4484 0.0361 0.0156
0 0.8375 0.4664 0.0417 0.0266
0 0.7847 0.5008 0.0306 0.0156
0 0.7167 0.5133 0.0486 0.0219
0 0.6861 0.5266 0.0347 0.0203
0 0.7903 0.5438 0.05 0.025
0 0.6069 0.5086 0.0514 0.0266
0 0.5819 0.5172 0.0306 0.018
0 0.5667 0.6164 0.0431 0.0266
0 0.6958 0.6305 0.0431 0.0219
0 0.4208 0.6023 0.0444 0.025
0 0.4306 0.5703 0.0278 0.0211
0 0.4569 0.532 0.025 0.0258
0 0.8292 0.3703 0.0236 0.0094
0 0.3167 0.4414 0.0361 0.0211
0 0.3403 0.4539 0.0236 0.0133
0 0.1292 0.4883 0.0417 0.0242
0 0.0111 0.4328 0.0194 0.0141
