0 0.0125 0.2344 0.025 0.0242
0 0.0069 0.257 0.0139 0.018
0 0.0347 0.2453 0.0278 0.0172
0 0.0986 0.2438 0.0319 0.0172
0 0.0264 0.1938 0.0167 0.0117
0 0.1028 0.1742 0.0361 0.0203
0 0.1694 0.1609 0.0375 0.0219
0 0.1917 0.1953 0.0236 0.0203
0 0.2375 0.2383 0.025 0.0133
0 0.1694 0.2531 0.025 0.0172
0 0.1444 0.2547 0.0222 0.0148
0 0.0583 0.3094 0.0306 0.0164
0 0.025 0.3164 0.0333 0.0164
0 0.0556 0.375 0.0278 0.0148
0 0.0958 0.4148 0.0222 0.0117
0 0.0056 0.5445 0.0125 0.0148
0 0.0194 0.5695 0.0375 0.0234
0 0.0139 0.5992 0.0222 0.0156
0 0.0903 0.5641 0.0458 0.0266
0 0.0806 0.5945 0.0194 0.0109
0 0.1278 0.6234 0.0292 0.0148
0 0.1917 0.5836 0.0361 0.0219
0 0.1833 0.6109 0.05 0.0258
0 0.2319 0.6609 0.0472 0.025
0 0.2056 0.4734 0.0361 0.0219
0 0.2542 0.4859 0.0153 0.0125
0 0.2722 0.4781 0.0375 0.0219
0 0.2667 0.5453 0.0486 0.0273
0 0.1542 0.5359 0.0472 0.0258
0 0.2792 0.6172 0.0306 0.0141
0 0.3125 0.6234 0.0125 0.0125
0 0.3278 0.5195 0.0375 0.0211
0 0.3528 0.4523 0.0278 0.0219
0 0.3958 0.4836 0.0458 0.025
0 0.4222 0.6211 0.0153 0.0141
0 0.2986 0.5914 0.0208 0.0188
0 0.3167 0.5766 0.0194 0.0109
0 0.3958 0.5609 0.0306 0.0164
0 0.5139 0.5133 0.0306 0.0234
0 0.4806 0.5062 0.0292 0.0141
0 0.5764 0.5117 0.025 0.0164
0 0.6125 0.507 0.0306 0.0164
0 0.6375 0.5023 0.0278 0.0164
0 0.1181 0.3562 0.0181 0.0094
0 0.1583 0.3609 0.0222 0.0102
0 0.1792 0.3711 0.0139 0.0094
0 0.2556 0.2117 0.0292 0.0195
0 0.2931 0.2453 0.0278 0.0156
0 0.3069 0.1969 0.0306 0.0219
0 0.3069 0.2125 0.0306 0.0148
0 0.3361 0.2031 0.0264 0.0148
0 0.3347 0.2305 0.0306 0.0148
0 0.3625 0.2203 0.0181 0.0195
0 0.375 0.1977 0.0306 0.0148
0 0.4069 0.1781 0.0306 0.0211
0 0.4347 0.1844 0.0306 0.0102
0 0.3792 0.2992 0.0097 0.0109
0 0.4181 0.2875 0.0375 0.0219
0 0.425 0.2625 0.0264 0.0102
0 0.4444 0.282 0.025 0.0203
0 0.4194 0.3016 0.0278 0.0094
0 0.4542 0.3086 0.0181 0.0133
0 0.4722 0.3172 0.0236 0.0102
0 0.4875 0.3461 0.0181 0.0109
0 0.5472 0.3023 0.025 0.0141
0 0.5417 0.3172 0.0236 0.0133
0 0.5528 0.3281 0.0222 0.0133
0 0.5736 0.3281 0.0167 0.0125
0 0.5903 0.3305 0.0167 0.0125
0 0.6028 0.2133 0.0611 0.0398
0 0.6611 0.2438 0.0611 0.0406
0 0.6236 0.275 0.0556 0.0344
0 0.6208 0.2992 0.025 0.0141
0 0.5875 0.2922 0.0306 0.0219
0 0.7333 0.332 0.0597 0.0391
0 0.8139 0.3961 0.0375 0.0164
0 0.9028 0.407 0.0472 0.025
0 0.9167 0.4266 0.0417 0.0234
0 0.4181 0.4102 0.0111 0.007
0 0.5611 0.4414 0.0361 0.0219
0 0.7125 0.5 0.0278 0.0156
0 0.7403 0.4977 0.0347 0.018
0 0.7139 0.5312 0.025 0.0156
0 0.7306 0.5664 0.0292 0.0164
0 0.8375 0.5273 0.0278 0.0156
0 0.9889 0.5023 0.0167 0.0328
0 0.9611 0.5156 0.0319 0.0164
0 0.9889 0.5281 0.0167 0.0195
0 0.9486 0.4078 0.0306 0.0125
0 0.9861 0.4 0.0208 0.0297
0 0.9694 0.3859 0.0278 0.025
0 0.2458 0.4203 0.0292 0.0148
0 0.2986 0.4086 0.0236 0.0141
0 0.35 0.3922 0.0278 0.0117
0 0.3181 0.4742 0.0167 0.0141
0 0.2833 0.4961 0.025 0.0094
0 0.1931 0.5102 0.0417 0.0125
0 0.8 0.4836 0.0347 0.0125
0 0.8431 0.3273 0.0389 0.0266
0 0.8139 0.2828 0.0208 0.018
0 0.5792 0.307 0.0306 0.0148
0 0.5778 0.2625 0.0306 0.0156
0 0.4125 0.2023 0.0236 0.0141
0 0.1361 0.2008 0.0153 0.0164
0 0.8444 0.2969 0.025 0.0141
0 0.9139 0.2875 0.0264 0.0109
0 0.9681 0.3086 0.0417 0.0117
0 0.6 0.3852 0.025 0.0117
0 0.5792 0.3875 0.0222 0.0109
0 0.6306 0.4344 0.0194 0.0078
0 0.9278 0.4633 0.0431 0.018
0 0.0736 0.6641 0.0222 0.0148
0 0.1694 0.4188 0.0194 0.0117
0 0.5125 0.2781 0.0222 0.0148
