0 0.3917 0.3789 0.025 0.0172
0 0.425 0.3766 0.0361 0.0188
0 0.4111 0.4031 0.0236 0.0203
0 0.3681 0.4352 0.0514 0.0266
0 0.4681 0.4234 0.0486 0.0242
0 0.4653 0.4656 0.0417 0.0242
0 0.4028 0.4562 0.0403 0.0172
0 0.3347 0.4516 0.0264 0.0211
0 0.3639 0.5156 0.0194 0.0125
0 0.4556 0.5031 0.0444 0.0273
0 0.4847 0.4938 0.0458 0.0242
0 0.5292 0.5727 0.0542 0.0266
0 0.3806 0.5766 0.0611 0.0242
0 0.4444 0.6016 0.0528 0.025
0 0.0583 0.668 0.0444 0.0297
0 0.1181 0.6859 0.0444 0.0266
0 0.3111 0.6242 0.0417 0.018
0 0.3972 0.6469 0.025 0.0141
0 0.3667 0.7031 0.0347 0.025
0 0.5056 0.6234 0.0444 0.0227
0 0.5847 0.6336 0.0444 0.0336
0 0.6125 0.657 0.05 0.0227
0 0.6403 0.6141 0.0486 0.018
0 0.9014 0.6016 0.0472 0.0195
0 0.9542 0.5875 0.0403 0.0227
0 0.8931 0.618 0.0444 0.0211
0 0.8806 0.6312 0.0278 0.0109
