0 0.7167 0.0461 0.0486 0.0359
0 0.6736 0.0539 0.0417 0.0438
0 0.6778 0.0789 0.0528 0.0289
0 0.7125 0.0781 0.0278 0.0266
0 0.5389 0.1289 0.0167 0.0281
0 0.5903 0.1484 0.0444 0.0211
0 0.5931 0.132 0.0542 0.0281
0 0.6528 0.1383 0.0458 0.0281
0 0.6847 0.1227 0.0347 0.0188
0 0.5917 0.1766 0.0486 0.0188
0 0.6389 0.182 0.0458 0.0219
0 0.6778 0.1625 0.0222 0.0234
0 0.8861 0.2648 0.0681 0.0367
0 0.5694 0.2172 0.0472 0.0336
0 0.6181 0.1914 0.0514 0.0156
0 0.4583 0.2367 0.0583 0.025
0 0.4097 0.2672 0.0458 0.0258
0 0.7361 0.2719 0.0319 0.0195
0 0.7083 0.2797 0.0403 0.0242
0 0.7694 0.3016 0.0431 0.0289
0 0.7292 0.3102 0.0667 0.0375
0 0.6389 0.3141 0.0403 0.025
0 0.6889 0.3055 0.0458 0.0266
0 0.7653 0.3836 0.05 0.025
0 0.4403 0.3023 0.0403 0.0266
0 0.4972 0.3117 0.0236 0.0195
0 0.6306 0.3398 0.0222 0.025
0 0.6514 0.3531 0.0264 0.0273
0 0.6625 0.3836 0.0361 0.0156
0 0.4375 0.3312 0.0389 0.0258
0 0.5097 0.3539 0.0542 0.0336
0 0.4847 0.3828 0.0486 0.0297
0 0.4069 0.3828 0.05 0.0273
0 0.3806 0.4016 0.0444 0.0297
0 0.3903 0.443 0.0208 0.0148
0 0.4569 0.4594 0.0528 0.0219
0 0.7014 0.4719 0.05 0.0227
0 0.7611 0.493 0.0542 0.0273
0 0.8014 0.4914 0.0361 0.0242
0 0.8514 0.4914 0.0542 0.0312
0 0.8903 0.4836 0.0403 0.0258
0 0.9792 0.4938 0.0347 0.0117
0 0.6486 0.5555 0.0681 0.0383
0 0.7819 0.575 0.0569 0.0344
0 0.8403 0.5734 0.0514 0.0367
0 0.9806 0.5352 0.0361 0.032
0 0.9708 0.5727 0.0458 0.0242
0 0.9611 0.5945 0.0403 0.0258
0 0.9125 0.6062 0.0556 0.0328
0 0.8556 0.6023 0.0542 0.0211
0 0.4458 0.6188 0.0486 0.0242
0 0.4306 0.5672 0.0542 0.0242
0 0.3653 0.5555 0.0264 0.0188
0 0.3222 0.5664 0.05 0.0297
0 0.2792 0.5656 0.0319 0.0242
0 0.1 0.6141 0.0375 0.0227
0 0.1528 0.607 0.0361 0.0156
0 0.3306 0.6414 0.0431 0.0211
0 0.6319 0.5945 0.0389 0.0109
0 0.6569 0.6148 0.0236 0.0211
0 0.6986 0.6688 0.0222 0.0211
0 0.7528 0.7258 0.0319 0.0234
0 0.8194 0.7867 0.0611 0.0297
0 0.6 0.7617 0.05 0.0344
0 0.6125 0.8938 0.0667 0.0359
0 0.9611 0.7016 0.0417 0.0242
0 0.9083 0.7688 0.0347 0.0195
0 0.8375 0.7359 0.0264 0.0203
0 0.9472 0.7734 0.0444 0.0156
0 0.3875 0.7258 0.0542 0.0297
0 0.3514 0.7297 0.0514 0.0219
0 0.4111 0.7461 0.05 0.0289
0 0.3056 0.7789 0.0556 0.0352
0 0.3056 0.7445 0.0611 0.0289
0 0.7667 0.8047 0.0306 0.0148
0 0.2653 0.8094 0.0583 0.0258
0 0.1889 0.8289 0.0333 0.0242
0 0.2333 0.8359 0.0583 0.0266
0 0.2903 0.8492 0.0625 0.0312
0 0.3278 0.8406 0.0347 0.0117
0 0.3778 0.9391 0.0431 0.0242
0 0.5319 0.9219 0.0361 0.0188
0 0.9542 0.9805 0.0583 0.0297
0 0.7361 0.9891 0.0514 0.0203
0 0.4972 0.5945 0.0472 0.0219
0 0.2208 0.7141 0.0306 0.0133
0 0.1764 0.9406 0.025 0.0141
0 0.7528 0.7672 0.0347 0.025
0 0.4819 0.8133 0.0264 0.0141
0 0.6486 0.8086 0.0375 0.0227
0 0.7931 0.5172 0.0319 0.0094
0 0.425 0.4711 0.0375 0.0148
0 0.6528 0.4977 0.025 0.0117
