0 0.3583 0.0086 0.0472 0.0133
0 0.35 0.0227 0.0458 0.0242
0 0.4194 0.2898 0.0347 0.0164
0 0.3708 0.4094 0.0389 0.018
0 0.75 0.4078 0.0375 0.0094
0 0.1306 0.4688 0.0431 0.0188
0 0.1958 0.5062 0.0375 0.0219
0 0.1389 0.4906 0.0153 0.0211
0 0.125 0.5258 0.0306 0.0117
0 0.3903 0.5117 0.0597 0.0258
0 0.3931 0.6039 0.0458 0.0172
0 0.3694 0.6516 0.0486 0.0281
0 0.5139 0.6469 0.0333 0.0148
0 0.6736 0.6656 0.0375 0.0195
0 0.65 0.6734 0.0389 0.0109
0 0.7972 0.6227 0.0417 0.0156
0 0.3903 0.7273 0.0292 0.0195
0 0.3153 0.7992 0.0542 0.0312
0 0.5222 0.782 0.0486 0.018
0 0.5819 0.7805 0.0458 0.0227
0 0.5889 0.7586 0.0264 0.0188
0 0.6917 0.4914 0.0292 0.0227
0 0.4542 0.7102 0.0194 0.0148
