0 0.4069 0.193 0.0472 0.0312
0 0.4417 0.2016 0.0472 0.0312
0 0.2653 0.1883 0.0569 0.0281
0 0.2458 0.2469 0.0806 0.0305
0 0.3708 0.2945 0.0597 0.0406
0 0.2569 0.2977 0.0611 0.0305
0 0.3333 0.1805 0.0194 0.0164
0 0.3236 0.3281 0.05 0.0266
0 0.3222 0.3555 0.0514 0.0211
0 0.3681 0.4203 0.0583 0.0273
0 0.2514 0.3812 0.0361 0.0258
0 0.4306 0.382 0.0347 0.0227
0 0.4597 0.4117 0.0319 0.0211
0 0.1833 0.4062 0.0389 0.0266
0 0.3903 0.4766 0.0417 0.0273
0 0.5069 0.4852 0.0403 0.0211
0 0.3958 0.5242 0.0514 0.0289
0 0.1625 0.5602 0.0569 0.032
0 0.3403 0.5781 0.05 0.0352
0 0.3542 0.6852 0.0347 0.0203
0 0.4861 0.3961 0.0431 0.0195
0 0.2958 0.4344 0.0236 0.0148
0 0.9903 0.375 0.0167 0.0266
0 0.5583 0.4789 0.0319 0.0156
0 0.5264 0.5312 0.0236 0.0305
0 0.5764 0.5312 0.0292 0.0234
0 0.9722 0.475 0.0208 0.0234
0 0.9847 0.4703 0.0278 0.0203
0 0.1819 0.643 0.0319 0.0234
0 0.2333 0.6562 0.0319 0.0195
0 0.1222 0.6594 0.0264 0.0148
0 0.1792 0.6883 0.0278 0.0141
0 0.2792 0.6844 0.0278 0.0289
0 0.3722 0.7305 0.0222 0.0141
0 0.0375 0.5789 0.025 0.0094
