0 0.1764 0.325 0.0306 0.0141
0 0.1403 0.3469 0.0236 0.0133
0 0.1972 0.3453 0.025 0.0156
0 0.2514 0.3461 0.0278 0.0172
0 0.2083 0.3617 0.0236 0.0141
0 0.2458 0.3672 0.0292 0.0188
0 0.0306 0.525 0.0278 0.0133
0 0.0611 0.4812 0.0333 0.0195
0 0.1389 0.2492 0.0306 0.0172
0 0.5014 0.3938 0.0236 0.0141
0 0.4736 0.393 0.0208 0.0109
0 0.3819 0.4266 0.025 0.0148
0 0.1333 0.3961 0.0194 0.0094
0 0.1153 0.2844 0.0194 0.0156
0 0.0431 0.2375 0.0333 0.0203
0 0.4611 0.425 0.0125 0.0078
0 0.2306 0.3117 0.025 0.0219
0 0.025 0.5133 0.0347 0.0133
0 0.0417 0.5281 0.0264 0.018
0 0.3764 0.4508 0.0167 0.0133
0 0.2264 0.4578 0.025 0.007
0 0.3403 0.368 0.0222 0.0109
0 0.0694 0.4938 0.0306 0.0148
0 0.3292 0.4719 0.0292 0.0172
