0 0.5208 0.5391 0.0694 0.0391
0 0.5611 0.5898 0.0681 0.0383
0 0.8917 0.6922 0.0694 0.0391
0 0.4875 0.6922 0.0653 0.0359
0 0.5014 0.5852 0.0569 0.0305
0 0.6167 0.4586 0.0389 0.0188
0 0.6181 0.575 0.0486 0.0391
0 0.8667 0.6648 0.0764 0.0367
0 0.2681 0.5117 0.0278 0.0195
0 0.2042 0.3992 0.0319 0.0172
0 0.3694 0.3398 0.0306 0.0117
0 0.7431 0.4188 0.0319 0.0164
0 0.8139 0.418 0.0347 0.0234
0 0.8514 0.4133 0.0278 0.0195
0 0.875 0.1945 0.0417 0.0258
0 0.9333 0.182 0.0444 0.0211
0 0.9764 0.1523 0.0361 0.0195
0 0.9778 0.125 0.0417 0.0312
0 0.9847 0.0906 0.0264 0.0289
0 0.9542 0.0438 0.0403 0.0203
0 0.0708 0.2422 0.0347 0.0203
0 0.1389 0.325 0.0417 0.0297
0 0.2056 0.2898 0.0347 0.0227
0 0.025 0.2078 0.0403 0.0203
0 0.0139 0.1336 0.0292 0.0203
0 0.0264 0.1633 0.0347 0.0203
0 0.1736 0.2844 0.0333 0.0156
0 0.1056 0.3414 0.0472 0.0289
0 0.0069 0.343 0.0125 0.0148
0 0.1139 0.3812 0.0333 0.0164
0 0.2292 0.382 0.0333 0.0148
0 0.0778 0.4789 0.0347 0.0195
0 0.1389 0.4883 0.0181 0.0141
0 0.6583 0.625 0.025 0.0219
0 0.5028 0.6414 0.0375 0.0195
0 0.8236 0.6195 0.0444 0.0227
0 0.5694 0.5258 0.0236 0.0141
0 0.4542 0.4016 0.0167 0.0148
0 0.5889 0.4195 0.0375 0.0211
0 0.6014 0.4797 0.0458 0.0211
0 0.7889 0.4375 0.0278 0.0148
0 0.9875 0.0492 0.0208 0.0266
0 0.9875 0.2242 0.0208 0.0242
0 0.9931 0.2461 0.0111 0.0164
0 0.9889 0.475 0.0194 0.0242
0 0.9694 0.5078 0.0333 0.0156
0 0.9806 0.5359 0.0347 0.0211
0 0.8833 0.5773 0.0403 0.0203
0 0.9375 0.5492 0.0208 0.0133
0 0.8208 0.543 0.0403 0.0141
0 0.1556 0.3719 0.0403 0.0125
