0 0.2889 0.6805 0.0611 0.0289
0 0.2514 0.6508 0.0583 0.0352
0 0.3861 0.6109 0.0569 0.0258
0 0.9833 0.7 0.0306 0.0242
0 0.2667 0.5102 0.0514 0.0258
0 0.3111 0.5164 0.0431 0.025
0 0.6375 0.4664 0.05 0.0414
0 0.3806 0.4367 0.0278 0.0203
0 0.6958 0.3562 0.0653 0.0297
0 0.4625 0.3773 0.05 0.0281
0 0.3958 0.3781 0.0264 0.0141
0 0.5806 0.3508 0.0458 0.0219
0 0.6542 0.3398 0.0375 0.0141
0 0.2472 0.3398 0.0403 0.0203
0 0.4583 0.2578 0.0375 0.0219
0 0.4889 0.2445 0.0514 0.0273
0 0.4722 0.2195 0.0542 0.0133
0 0.7194 0.1977 0.0333 0.025
0 0.3556 0.2391 0.0306 0.0102
0 0.4458 0.1906 0.0514 0.0336
0 0.4403 0.1625 0.0444 0.0203
0 0.4903 0.1664 0.0444 0.0266
0 0.6403 0.1445 0.0306 0.0219
0 0.5014 0.1406 0.0472 0.0266
0 0.5347 0.0273 0.0458 0.0297
0 0.6042 0.1109 0.0333 0.0164
0 0.6111 0.3695 0.0181 0.0141
0 0.7903 0.5586 0.0292 0.0109
0 0.6653 0.5891 0.0194 0.0117
0 0.4986 0.1867 0.0597 0.0328
0 0.6528 0.4047 0.025 0.0133
0 0.6875 0.4008 0.0444 0.0227
0 0.8431 0.75 0.0292 0.0164
0 0.3875 0.2656 0.0431 0.0258
0 0.4083 0.4023 0.0639 0.0305
0 0.5528 0.4273 0.0472 0.0297
0 0.6903 0.468 0.0528 0.0336
0 0.6139 0.4867 0.0222 0.0164
0 0.5542 0.5047 0.0361 0.0234
0 0.5819 0.5461 0.0375 0.0219
