0 0.3625 0.1641 0.0444 0.0227
0 0.1528 0.3273 0.0333 0.0203
0 0.1903 0.3297 0.0361 0.0164
0 0.1847 0.4031 0.0458 0.0266
0 0.2 0.4344 0.0472 0.0188
0 0.1458 0.5195 0.0375 0.0172
0 0.1861 0.5211 0.05 0.0156
0 0.1819 0.5773 0.0444 0.0195
0 0.1597 0.6312 0.0403 0.0234
0 0.3778 0.4234 0.0417 0.0219
0 0.4194 0.4047 0.0236 0.0125
0 0.5778 0.3953 0.0403 0.0234
0 0.525 0.3609 0.0306 0.0164
0 0.5083 0.3773 0.0208 0.0117
0 0.4792 0.368 0.0222 0.0203
0 0.4569 0.3125 0.0167 0.007
0 0.4736 0.318 0.0139 0.0078
0 0.7708 0.5219 0.0167 0.0109
0 0.8292 0.5078 0.0083 0.0062
0 0.9194 0.4953 0.0139 0.0125
0 0.9819 0.5578 0.025 0.0219
0 0.8153 0.6164 0.0236 0.0125
0 0.9917 0.2594 0.0139 0.0211
0 0.0333 0.4219 0.0222 0.0141
0 0.1 0.4211 0.0333 0.0227
0 0.1375 0.5945 0.0542 0.0258
0 0.3833 0.7055 0.0375 0.0125
0 0.5056 0.6438 0.0111 0.0188
0 0.675 0.6281 0.0292 0.0188
0 0.7389 0.5938 0.0306 0.0117
