0 0.2597 0.7266 0.0597 0.0375
0 0.2181 0.6969 0.0514 0.0328
0 0.3681 0.6531 0.0528 0.0305
0 0.2528 0.5492 0.0431 0.0273
0 0.2986 0.5531 0.0431 0.0266
0 0.2319 0.3766 0.0347 0.0234
0 0.4014 0.4375 0.0444 0.0266
0 0.4458 0.4117 0.0528 0.0281
0 0.3708 0.2969 0.0417 0.0281
0 0.4375 0.2891 0.0319 0.0266
0 0.475 0.2773 0.05 0.0312
0 0.4597 0.2547 0.0444 0.0203
0 0.4292 0.2234 0.0528 0.0336
0 0.4194 0.193 0.0403 0.0164
0 0.4667 0.1984 0.0486 0.0227
0 0.4764 0.1727 0.0486 0.0273
0 0.5083 0.0602 0.0444 0.0336
0 0.3667 0.468 0.0417 0.0156
0 0.3819 0.4117 0.025 0.0148
0 0.6097 0.2906 0.0375 0.0258
0 0.6333 0.3117 0.0403 0.0172
0 0.6681 0.3367 0.0194 0.0125
0 0.5639 0.382 0.0458 0.0227
0 0.6806 0.3883 0.0667 0.0258
0 0.6667 0.4328 0.0472 0.0258
0 0.6292 0.4383 0.0458 0.0195
0 0.6194 0.4953 0.0528 0.0305
0 0.6681 0.5008 0.0486 0.0281
0 0.6208 0.1727 0.0361 0.0156
0 0.6972 0.2273 0.0361 0.0297
0 0.4792 0.2188 0.0528 0.0328
0 0.5764 0.1406 0.0306 0.0156
0 0.3778 0.357 0.0264 0.0148
0 0.5667 0.3477 0.0306 0.0188
0 0.5347 0.4578 0.0458 0.0227
0 0.6375 0.3711 0.0208 0.0203
0 0.5986 0.518 0.0292 0.0148
0 0.5472 0.5336 0.0361 0.0133
0 0.9819 0.743 0.0319 0.0273
0 0.8347 0.7898 0.0292 0.0125
