0 0.2472 0.4031 0.0167 0.007
0 0.275 0.4102 0.0306 0.0125
0 0.2931 0.3953 0.0222 0.0172
0 0.4194 0.382 0.025 0.0125
0 0.3806 0.4258 0.0319 0.0148
0 0.2681 0.3844 0.0153 0.0094
0 0.4889 0.3836 0.0194 0.0148
0 0.4986 0.4273 0.0167 0.0156
0 0.5611 0.4305 0.0306 0.0164
0 0.1472 0.5781 0.0167 0.0086
0 0.3472 0.5812 0.0278 0.0164
0 0.3069 0.6195 0.0069 0.0102
0 0.0417 0.6453 0.0153 0.0125
0 0.0569 0.6453 0.0069 0.0062
0 0.1361 0.6805 0.0181 0.018
0 0.1667 0.7406 0.0319 0.0234
0 0.1875 0.7078 0.025 0.0156
0 0.4319 0.6609 0.0111 0.0109
0 0.4736 0.4891 0.0375 0.0125
0 0.4889 0.2891 0.0264 0.0148
0 0.5014 0.2734 0.0139 0.007
0 0.5708 0.2867 0.0194 0.0133
0 0.6042 0.2805 0.0278 0.0141
0 0.5681 0.2688 0.0194 0.0094
0 0.5847 0.2469 0.0167 0.0094
0 0.6097 0.2414 0.0194 0.0109
0 0.5556 0.2203 0.0264 0.0125
0 0.675 0.2578 0.0222 0.0164
0 0.6208 0.3227 0.0111 0.0125
0 0.6597 0.2938 0.0278 0.0148
0 0.7014 0.2859 0.0222 0.0172
0 0.6833 0.3125 0.0264 0.0156
0 0.7125 0.3133 0.025 0.0109
0 0.7528 0.2883 0.0139 0.0094
0 0.7319 0.4195 0.0111 0.0078
0 0.7778 0.4672 0.0222 0.0102
0 0.6431 0.5688 0.0097 0.0109
0 0.7042 0.7008 0.0236 0.0164
0 0.7181 0.7211 0.0125 0.0109
0 0.8028 0.743 0.0194 0.0094
0 0.9097 0.6938 0.025 0.0109
0 0.8556 0.7664 0.0139 0.0133
0 0.7806 0.6266 0.0181 0.0078
0 0.4569 0.4477 0.0181 0.007
0 0.4694 0.4562 0.0097 0.0047
0 0.6903 0.6898 0.0208 0.0086
0 0.5181 0.2914 0.0278 0.0195
0 0.7861 0.3875 0.0194 0.0109
0 0.3542 0.5477 0.0333 0.0258
0 0.5569 0.5758 0.0292 0.0148
0 0.5569 0.6203 0.0208 0.0234
0 0.3583 0.6695 0.0403 0.018
0 0.3889 0.6766 0.025 0.0164
0 0.8097 0.7672 0.0236 0.0172
0 0.9014 0.7602 0.0278 0.0141
0 0.9403 0.7812 0.025 0.0203
0 0.7333 0.7906 0.0194 0.0188
0 0.6583 0.725 0.0264 0.0156
0 0.6778 0.7336 0.0319 0.0117
0 0.6639 0.6953 0.0208 0.0141
0 0.6264 0.6367 0.0403 0.0195
0 0.6681 0.6094 0.0389 0.0148
0 0.775 0.7734 0.0361 0.0188
0 0.7847 0.7664 0.0236 0.018
0 0.7208 0.775 0.0208 0.0117
0 0.8056 0.7969 0.0306 0.0195
0 0.7903 0.8062 0.0167 0.0133
0 0.8903 0.8117 0.0306 0.0141
