0 0.2153 0.5578 0.0444 0.0266
0 0.1708 0.582 0.0347 0.018
0 0.2181 0.5828 0.05 0.0273
0 0.6472 0.6781 0.0569 0.0305
0 0.6125 0.6469 0.0597 0.0367
0 0.5819 0.5094 0.0403 0.0273
0 0.6278 0.5148 0.0431 0.0227
0 0.8903 0.5516 0.0542 0.0266
0 0.8528 0.5086 0.0472 0.0211
0 0.8917 0.4945 0.0375 0.0242
0 0.8528 0.432 0.0514 0.0289
0 0.7111 0.4086 0.0444 0.0188
0 0.7667 0.3828 0.0528 0.0289
0 0.8722 0.3562 0.0458 0.0203
0 0.9153 0.3461 0.0319 0.0211
0 0.9014 0.325 0.0347 0.0195
0 0.8903 0.2672 0.0417 0.0164
0 0.8889 0.2891 0.0472 0.0227
0 0.7861 0.2531 0.0389 0.0281
0 0.6681 0.2773 0.0278 0.0141
0 0.7319 0.2641 0.0472 0.0242
0 0.7278 0.2016 0.0583 0.0328
0 0.7764 0.1781 0.0486 0.0289
0 0.7236 0.1727 0.0472 0.0203
0 0.7972 0.1547 0.0569 0.0289
0 0.7569 0.2305 0.0389 0.0156
0 0.6889 0.2445 0.0361 0.0148
0 0.9153 0.157 0.0528 0.0227
0 0.9028 0.1266 0.0306 0.0109
0 0.825 0.0477 0.0431 0.0312
0 0.5125 0.7305 0.0403 0.018
0 0.7917 0.2016 0.0653 0.0273
0 0.9875 0.2125 0.0208 0.0133
0 0.6542 0.3211 0.0167 0.0094
0 0.5417 0.3438 0.0292 0.0203
0 0.6931 0.3805 0.0319 0.0117
0 0.9431 0.3578 0.0347 0.0219
0 0.9861 0.3625 0.0222 0.0297
0 0.6833 0.4398 0.0292 0.0156
0 0.5306 0.6766 0.025 0.0156
0 0.95 0.468 0.0569 0.032
0 0.9889 0.4711 0.0181 0.0297
0 0.9583 0.4055 0.0167 0.0172
