0 0.4222 0.225 0.0306 0.0195
0 0.4542 0.2812 0.0306 0.0195
0 0.4083 0.3516 0.0514 0.0312
0 0.375 0.3516 0.0347 0.0273
0 0.4556 0.3914 0.05 0.0242
0 0.3625 0.393 0.0528 0.0273
0 0.5917 0.4938 0.05 0.0242
0 0.4236 0.5195 0.0486 0.0234
0 0.6069 0.5617 0.0514 0.0328
0 0.5139 0.5484 0.0389 0.0188
0 0.3917 0.5555 0.0264 0.0148
0 0.5556 0.5188 0.0222 0.0078
0 0.3778 0.6039 0.0361 0.0281
0 0.2833 0.6328 0.0625 0.0258
0 0.2764 0.65 0.0472 0.0234
0 0.3458 0.7086 0.0486 0.0312
0 0.3444 0.7281 0.0389 0.0172
0 0.3069 0.7406 0.05 0.032
0 0.4431 0.768 0.0556 0.0352
0 0.2611 0.7859 0.0542 0.0297
0 0.2153 0.8047 0.0472 0.0258
0 0.3292 0.8734 0.0486 0.025
0 0.4375 0.8531 0.0319 0.0195
0 0.2153 0.957 0.0764 0.0453
0 0.6458 0.9398 0.0569 0.0336
0 0.6458 0.9773 0.0583 0.0375
0 0.8375 0.8734 0.0583 0.0266
0 0.7875 0.825 0.0514 0.0297
0 0.8389 0.9711 0.0569 0.0266
0 0.5861 0.6781 0.0528 0.0414
0 0.7417 0.5992 0.0514 0.0281
0 0.8222 0.6195 0.0444 0.0234
0 0.4875 0.3102 0.0292 0.0227
0 0.5056 0.4016 0.0306 0.0164
0 0.6972 0.5289 0.0208 0.0172
0 0.4181 0.6469 0.0264 0.0203
0 0.6806 0.6539 0.05 0.0258
0 0.7556 0.6266 0.0444 0.0203
0 0.7458 0.6594 0.0292 0.0148
0 0.7861 0.8664 0.0431 0.0289
0 0.9125 0.8672 0.0306 0.0227
0 0.6389 0.8352 0.0486 0.0219
0 0.75 0.8195 0.0194 0.0164
