0 0.4111 0.1102 0.0347 0.0172
0 0.5014 0.1211 0.0486 0.0305
0 0.5431 0.125 0.0222 0.0102
0 0.5542 0.132 0.0194 0.0117
0 0.4639 0.1375 0.0542 0.0336
0 0.4625 0.168 0.0514 0.0297
0 0.5306 0.1836 0.0333 0.0273
0 0.5458 0.1992 0.0583 0.0336
0 0.6069 0.2469 0.0542 0.0289
0 0.5597 0.2469 0.0444 0.0258
0 0.4806 0.225 0.0167 0.0148
0 0.5806 0.282 0.0528 0.032
0 0.5431 0.3148 0.0486 0.0242
0 0.6708 0.3258 0.0292 0.0227
0 0.6375 0.3281 0.0472 0.0188
0 0.5806 0.3305 0.0528 0.0234
0 0.4958 0.3344 0.0333 0.0219
0 0.4139 0.2797 0.0333 0.0273
0 0.4167 0.2555 0.0236 0.0258
0 0.6069 0.3742 0.05 0.0328
0 0.675 0.3883 0.0389 0.018
0 0.6708 0.4305 0.0597 0.025
0 0.6389 0.4188 0.05 0.0195
0 0.5944 0.4039 0.0306 0.0164
0 0.5681 0.4547 0.0583 0.0312
0 0.6139 0.5047 0.0542 0.0266
0 0.5194 0.4938 0.0278 0.0172
0 0.4639 0.4914 0.0542 0.0273
0 0.2347 0.4758 0.0653 0.0312
0 0.3319 0.4984 0.0444 0.0242
0 0.3806 0.5008 0.0306 0.0242
0 0.5278 0.5367 0.0431 0.0312
0 0.5917 0.5562 0.0236 0.0164
0 0.2625 0.525 0.0458 0.0234
0 0.2222 0.5336 0.0278 0.018
0 0.4125 0.5984 0.0375 0.0219
0 0.5097 0.6 0.0361 0.0281
0 0.3583 0.5469 0.0278 0.0242
0 0.025 0.5961 0.0458 0.0281
0 0.3931 0.6367 0.0514 0.0227
0 0.475 0.6953 0.0278 0.0195
0 0.3972 0.6945 0.0444 0.025
0 0.7083 0.657 0.0431 0.0266
0 0.7431 0.6562 0.025 0.0242
0 0.0597 0.643 0.0569 0.0242
0 0.0958 0.6453 0.0319 0.0148
0 0.5 0.7203 0.0375 0.0211
0 0.3208 0.7688 0.0486 0.0242
0 0.4181 0.75 0.0403 0.0312
0 0.1264 0.7359 0.025 0.0219
0 0.1569 0.7398 0.0347 0.0148
0 0.4472 0.8922 0.0278 0.0289
0 0.4736 0.8945 0.0417 0.0266
0 0.2 0.6711 0.0361 0.0211
0 0.0625 0.7539 0.0306 0.0188
0 0.4208 0.1938 0.0153 0.0211
0 0.3458 0.4766 0.0278 0.0164
0 0.9264 0.5844 0.0472 0.0195
0 0.5472 0.8273 0.0208 0.0141
0 0.2306 0.8555 0.0333 0.0234
0 0.3264 0.5508 0.0306 0.0219
