0 0.4903 0.1062 0.0486 0.0273
0 0.5125 0.0945 0.0444 0.0297
0 0.4875 0.1289 0.0389 0.018
0 0.3597 0.1711 0.0347 0.0211
0 0.5361 0.2102 0.0514 0.032
0 0.4569 0.2383 0.0528 0.0289
0 0.5861 0.25 0.0514 0.025
0 0.3139 0.3391 0.0597 0.025
0 0.3167 0.3656 0.0569 0.0312
0 0.3667 0.3789 0.0528 0.0328
0 0.5333 0.2797 0.0417 0.0305
0 0.2847 0.4188 0.0542 0.0289
0 0.4236 0.4328 0.0583 0.0273
0 0.3222 0.407 0.0361 0.0211
0 0.4431 0.3125 0.025 0.0211
0 0.4972 0.2945 0.0222 0.0297
0 0.5819 0.3773 0.0556 0.0273
0 0.6583 0.3578 0.0528 0.032
0 0.4222 0.4547 0.025 0.0164
0 0.2153 0.5641 0.0472 0.0211
0 0.3792 0.593 0.0625 0.0312
0 0.4069 0.5391 0.0514 0.0312
0 0.4597 0.5391 0.0583 0.0273
0 0.5389 0.5281 0.0583 0.0227
0 0.5389 0.7156 0.0292 0.0359
0 0.6625 0.6414 0.0444 0.0242
0 0.5903 0.5875 0.0306 0.0234
0 0.6319 0.5594 0.0472 0.0289
0 0.6319 0.6156 0.0514 0.0211
0 0.1278 0.7883 0.0958 0.0539
0 0.5056 0.8266 0.0278 0.0312
0 0.7722 0.8336 0.0583 0.0273
0 0.85 0.868 0.0639 0.0297
0 0.2306 0.3656 0.0417 0.0125
0 0.5861 0.2742 0.0278 0.0125
0 0.525 0.3781 0.0292 0.0117
0 0.3375 0.4164 0.0347 0.0172
0 0.55 0.2344 0.0333 0.0102
0 0.45 0.2969 0.0278 0.0164
0 0.4167 0.3562 0.0264 0.0125
0 0.3931 0.5688 0.0208 0.0164
0 0.2847 0.8148 0.0403 0.0266
0 0.3444 0.8156 0.025 0.0273
0 0.2264 0.8422 0.0569 0.0172
0 0.275 0.8547 0.0625 0.0242
