0 0.5458 0.1742 0.0431 0.0242
0 0.4625 0.1961 0.0375 0.025
0 0.3903 0.1961 0.0139 0.0086
0 0.4181 0.2156 0.0181 0.0141
0 0.4375 0.2109 0.0208 0.0086
0 0.5347 0.2508 0.0347 0.0227
0 0.45 0.257 0.0264 0.0242
0 0.4306 0.2625 0.0458 0.0266
0 0.4431 0.3008 0.0486 0.0289
0 0.5514 0.3039 0.0403 0.0266
0 0.3764 0.3039 0.0333 0.0273
0 0.5236 0.3266 0.0347 0.0133
0 0.3986 0.3375 0.0264 0.0219
0 0.4292 0.3406 0.0153 0.0125
0 0.3694 0.3672 0.0514 0.0242
0 0.5 0.3875 0.0514 0.0266
0 0.3236 0.3812 0.0444 0.0203
0 0.5125 0.4117 0.0514 0.0227
0 0.6083 0.4219 0.0458 0.0211
0 0.4375 0.4391 0.0458 0.0227
0 0.5458 0.4578 0.0403 0.0227
0 0.325 0.4367 0.0292 0.0109
0 0.3097 0.4469 0.0194 0.0133
0 0.3139 0.4633 0.0333 0.018
0 0.2972 0.4727 0.0181 0.0102
0 0.3958 0.4719 0.0431 0.0188
0 0.4319 0.5055 0.0375 0.0211
0 0.5097 0.4656 0.0208 0.0125
0 0.4528 0.5484 0.0389 0.0242
0 0.7167 0.5117 0.0347 0.018
0 0.6278 0.525 0.0389 0.0125
0 0.6542 0.543 0.0278 0.0133
0 0.7111 0.55 0.0306 0.0172
0 0.6361 0.5812 0.0444 0.0188
0 0.4736 0.5867 0.0361 0.0156
0 0.5417 0.6055 0.05 0.0289
0 0.6986 0.6078 0.0417 0.0133
0 0.3972 0.6992 0.0417 0.0266
0 0.4653 0.35 0.025 0.0125
0 0.3472 0.3977 0.0292 0.0172
0 0.4944 0.2109 0.025 0.0172
0 0.4861 0.3773 0.0444 0.018
0 0.3736 0.4781 0.0236 0.0195
0 0.4403 0.5227 0.0361 0.0242
0 0.2292 0.532 0.0264 0.0164
0 0.3278 0.6336 0.0278 0.025
0 0.4042 0.7273 0.0264 0.0227
0 0.4778 0.693 0.0194 0.0078
0 0.5097 0.6953 0.0222 0.0109
0 0.5958 0.7391 0.025 0.0141
0 0.5833 0.8039 0.0347 0.0281
0 0.6583 0.632 0.0181 0.0156
0 0.8153 0.6039 0.0403 0.0266
0 0.7486 0.5008 0.0319 0.0133
