0 0.5486 0.4695 0.025 0.0141
0 0.5847 0.468 0.0361 0.0188
0 0.5208 0.5227 0.0514 0.0266
0 0.4847 0.5398 0.0403 0.0211
0 0.5264 0.5977 0.0194 0.0125
0 0.6111 0.5883 0.0444 0.0273
0 0.6389 0.5781 0.0458 0.0242
0 0.6792 0.6539 0.0542 0.0266
0 0.5972 0.682 0.0528 0.025
0 0.2306 0.7508 0.05 0.0297
0 0.2903 0.7625 0.0472 0.0273
0 0.4667 0.7055 0.0417 0.018
0 0.5125 0.6938 0.025 0.0141
0 0.5264 0.7844 0.0347 0.025
0 0.6611 0.7039 0.0444 0.0227
0 0.7431 0.7148 0.0444 0.0336
0 0.7708 0.7406 0.05 0.0219
0 0.7875 0.693 0.0486 0.018
0 0.5597 0.4914 0.025 0.0195
0 0.6167 0.5125 0.0375 0.025
0 0.1333 0.6109 0.0389 0.025
0 0.125 0.5633 0.0319 0.0234
0 0.1153 0.2852 0.0611 0.0336
0 0.5569 0.5438 0.0389 0.018
0 0.6139 0.5508 0.0417 0.0258
0 0.0903 0.568 0.0528 0.0328
0 0.0236 0.7539 0.0389 0.0312
0 0.4764 0.7805 0.0208 0.0203
0 0.0708 0.2711 0.0375 0.0328
0 0.1208 0.593 0.0278 0.0148
0 0.0889 0.5984 0.0264 0.0164
0 0.0667 0.75 0.0514 0.0305
0 0.0569 0.607 0.0306 0.018
0 0.3014 0.7953 0.0333 0.0172
0 0.5264 0.6633 0.0361 0.0148
0 0.0111 0.5984 0.0181 0.0211
0 0.0681 0.7867 0.0514 0.0328
0 0.1069 0.7891 0.0264 0.0172
0 0.5389 0.7242 0.0458 0.0242
