0 0.6736 0.0281 0.0403 0.0312
0 0.6361 0.1391 0.0514 0.0266
0 0.575 0.1594 0.0486 0.0219
0 0.5806 0.1867 0.0528 0.0328
0 0.6236 0.1625 0.0542 0.0281
0 0.6347 0.1797 0.0528 0.0273
0 0.6042 0.2133 0.0417 0.0172
0 0.6306 0.2375 0.0458 0.0305
0 0.5903 0.2492 0.0403 0.0234
0 0.5236 0.2578 0.0472 0.0258
0 0.5458 0.232 0.0361 0.018
0 0.7681 0.1406 0.0319 0.0289
0 0.6111 0.3664 0.0556 0.0305
0 0.5583 0.3883 0.05 0.0305
0 0.5431 0.3688 0.0389 0.0164
0 0.5222 0.4258 0.0542 0.025
0 0.7194 0.3391 0.0444 0.0211
0 0.6958 0.4148 0.0514 0.0266
0 0.8 0.3883 0.0333 0.0211
0 0.7972 0.3383 0.0472 0.0242
0 0.8431 0.3461 0.0625 0.0227
0 0.7833 0.4477 0.0514 0.032
0 0.8292 0.4492 0.0403 0.0273
0 0.4333 0.4977 0.0417 0.025
0 0.4778 0.5008 0.0417 0.0273
0 0.7028 0.4875 0.0417 0.0234
0 0.8333 0.1906 0.0472 0.025
0 0.7347 0.5305 0.0569 0.0297
0 0.0764 0.5523 0.0528 0.0266
0 0.0708 0.5828 0.0528 0.0328
0 0.0236 0.5805 0.0417 0.0195
0 0.4514 0.6305 0.0708 0.0344
0 0.4847 0.6578 0.0611 0.0289
0 0.3944 0.3344 0.0278 0.0289
0 0.8 0.4641 0.0444 0.0203
0 0.1069 0.5875 0.0042 0.0016
0 0.1 0.5977 0.025 0.0203
0 0.7319 0.2672 0.0528 0.0188
0 0.7486 0.3062 0.025 0.0156
0 0.5583 0.5891 0.05 0.0227
0 0.7375 0.1086 0.0431 0.0211
0 0.5167 0.5148 0.05 0.0203
0 0.9597 0.7109 0.0347 0.0211
0 0.4083 0.6625 0.0403 0.0156
0 0.7903 0.5758 0.0236 0.0164
