0 0.1125 0.0703 0.025 0.018
0 0.1264 0.0914 0.0375 0.0219
0 0.1083 0.1023 0.0208 0.0188
0 0.1583 0.0969 0.0208 0.0211
0 0.1653 0.0852 0.0181 0.0172
0 0.1292 0.1367 0.0375 0.0195
0 0.1444 0.2023 0.0361 0.0148
0 0.0944 0.2336 0.0278 0.0164
0 0.0722 0.3188 0.0333 0.0141
0 0.0694 0.2875 0.0347 0.0172
0 0.1403 0.6672 0.0458 0.0289
0 0.2 0.7094 0.0375 0.0211
0 0.4778 0.7312 0.0708 0.032
0 0.2931 0.5914 0.0361 0.0195
0 0.2028 0.0531 0.0389 0.0242
0 0.2417 0.0555 0.0347 0.025
0 0.2486 0.0758 0.0319 0.0172
0 0.2361 0.1031 0.0347 0.0258
0 0.2806 0.0859 0.0278 0.0188
0 0.2722 0.1117 0.0375 0.0203
0 0.2903 0.1094 0.0181 0.0148
0 0.2514 0.1234 0.0417 0.0148
0 0.25 0.1383 0.0306 0.0125
0 0.325 0.1312 0.0139 0.0133
0 0.3 0.1477 0.0292 0.0141
0 0.2528 0.1922 0.0292 0.0164
0 0.2972 0.182 0.0278 0.0109
0 0.2583 0.2094 0.0194 0.0117
0 0.2806 0.2133 0.0264 0.0133
0 0.3139 0.2352 0.0514 0.025
0 0.2486 0.3344 0.0486 0.0289
0 0.2764 0.357 0.0444 0.0242
0 0.3375 0.375 0.0333 0.0203
0 0.3875 0.4812 0.0597 0.0305
0 0.3583 0.5367 0.0278 0.0164
0 0.4819 0.5906 0.0681 0.0328
0 0.3931 0.5391 0.0125 0.0148
0 0.3083 0.2977 0.0347 0.0242
0 0.3722 0.2906 0.0375 0.0227
0 0.4028 0.2891 0.0306 0.0227
0 0.3944 0.2367 0.0194 0.0109
0 0.4347 0.2562 0.05 0.025
0 0.4542 0.2273 0.0472 0.025
0 0.3736 0.068 0.0319 0.0156
0 0.4125 0.075 0.0347 0.0195
0 0.4681 0.1039 0.0306 0.0141
0 0.4347 0.1367 0.0333 0.0203
0 0.4222 0.1664 0.0292 0.0188
0 0.4694 0.1844 0.0222 0.0188
0 0.5292 0.2156 0.0333 0.0188
0 0.6569 0.2141 0.0347 0.0125
0 0.5556 0.2938 0.025 0.0109
0 0.5222 0.4422 0.0306 0.0234
0 0.5833 0.5852 0.0264 0.0211
0 0.6708 0.5945 0.0472 0.0281
0 0.7097 0.6555 0.0306 0.0156
0 0.7347 0.6859 0.0181 0.0117
0 0.8319 0.6578 0.0125 0.0086
0 0.8625 0.6594 0.0319 0.0156
0 0.9472 0.6516 0.0333 0.018
0 0.8681 0.5953 0.0167 0.0211
0 0.4944 0.118 0.0181 0.0172
0 0.5097 0.093 0.0208 0.0117
0 0.5472 0.1203 0.0458 0.025
0 0.5833 0.0711 0.0417 0.0234
0 0.5681 0.0969 0.0333 0.0242
0 0.625 0.0328 0.0264 0.0188
0 0.6875 0.0602 0.0264 0.018
0 0.6264 0.0633 0.0528 0.0281
0 0.6042 0.093 0.025 0.0164
0 0.6167 0.1008 0.0333 0.0273
0 0.65 0.1031 0.0514 0.0336
0 0.75 0.0805 0.0153 0.0156
0 0.7472 0.1 0.0319 0.0211
0 0.7625 0.1359 0.0278 0.0266
0 0.6 0.1773 0.0375 0.0211
0 0.5736 0.1859 0.0375 0.0258
0 0.7486 0.2336 0.0306 0.0148
0 0.8292 0.2117 0.0528 0.0336
0 0.9111 0.1734 0.025 0.0141
0 0.9889 0.1898 0.0167 0.0156
0 0.8417 0.2734 0.0542 0.0352
0 0.9375 0.2305 0.0319 0.0227
0 0.9722 0.2336 0.0306 0.0195
0 0.9667 0.2594 0.0347 0.0156
0 0.9347 0.3445 0.0569 0.032
0 0.9611 0.3602 0.0306 0.0172
0 0.9569 0.4469 0.0333 0.0141
0 0.9514 0.3977 0.0236 0.0156
0 0.7889 0.4203 0.0319 0.0188
0 0.7306 0.4109 0.0458 0.0305
0 0.7458 0.3742 0.0333 0.0234
0 0.775 0.3711 0.0347 0.0211
0 0.7944 0.3234 0.0292 0.0117
0 0.6417 0.1352 0.0347 0.0297
0 0.6278 0.2898 0.0181 0.0133
0 0.0153 0.3703 0.0278 0.0156
0 0.5708 0.4227 0.0639 0.0352
0 0.6917 0.35 0.0528 0.0156
0 0.9625 0.7375 0.0278 0.0211
