0 0.7694 0.107 0.0583 0.0344
0 0.7569 0.1352 0.0528 0.0258
0 0.7903 0.1703 0.0597 0.0336
0 0.6833 0.1617 0.0403 0.0289
0 0.7083 0.1648 0.025 0.0273
0 0.6917 0.2062 0.0583 0.0391
0 0.8514 0.2289 0.05 0.032
0 0.8056 0.2312 0.0403 0.0266
0 0.675 0.2609 0.0597 0.0289
0 0.6917 0.2414 0.0403 0.0219
0 0.7236 0.2703 0.0583 0.0336
0 0.8319 0.3031 0.0597 0.025
0 0.925 0.3266 0.0653 0.0336
0 0.7542 0.332 0.0389 0.018
0 0.5014 0.3375 0.0625 0.0305
0 0.4264 0.357 0.0597 0.0281
0 0.9375 0.357 0.0639 0.0258
0 0.8264 0.3516 0.0625 0.0273
0 0.8639 0.3781 0.0694 0.0406
0 0.9 0.3844 0.0347 0.0344
0 0.7917 0.4695 0.0597 0.0258
0 0.8917 0.4586 0.0417 0.0242
0 0.9681 0.4578 0.0542 0.0273
0 0.8431 0.4898 0.0597 0.0305
0 0.7306 0.5156 0.0694 0.032
0 0.8917 0.5289 0.0403 0.0211
0 0.9806 0.5141 0.0347 0.0094
0 0.75 0.6203 0.0583 0.0297
0 0.675 0.6023 0.0639 0.025
0 0.5556 0.5031 0.0389 0.0258
0 0.0569 0.5039 0.0681 0.0375
0 0.1597 0.6812 0.0583 0.0289
0 0.7833 0.6906 0.0472 0.0203
0 0.8708 0.6023 0.0583 0.0234
0 0.8389 0.5586 0.0597 0.0312
0 0.4958 0.607 0.0472 0.025
0 0.5181 0.6719 0.0472 0.0234
0 0.6111 0.7523 0.0333 0.0242
0 0.2681 0.7648 0.0556 0.0273
0 0.3681 0.7664 0.0514 0.0281
0 0.4625 0.7953 0.0486 0.0273
0 0.5236 0.8078 0.0361 0.0227
0 0.7806 0.8508 0.0417 0.0266
0 0.8278 0.8422 0.0431 0.0312
0 0.1278 0.7445 0.0556 0.0219
0 0.0319 0.7648 0.0625 0.0305
0 0.0833 0.7859 0.0528 0.0242
0 0.1028 0.7289 0.0542 0.0258
0 0.3347 0.8859 0.0514 0.0258
0 0.2903 0.9156 0.0639 0.0312
0 0.2083 0.9031 0.0472 0.0219
0 0.7431 0.2914 0.0236 0.0203
0 0.0722 0.7148 0.0431 0.025
0 0.0417 0.6992 0.0389 0.0141
0 0.15 0.7969 0.0347 0.0219
0 0.4194 0.7602 0.0306 0.0289
0 0.7764 0.2703 0.0375 0.025
