0 0.0931 0.0758 0.0542 0.0312
0 0.4389 0.05 0.0792 0.0516
0 0.4889 0.068 0.0681 0.0453
0 0.6986 0.0289 0.0736 0.0406
0 0.6736 0.0883 0.0667 0.0336
0 0.575 0.1016 0.0681 0.0414
0 0.525 0.1383 0.0681 0.0484
0 0.5625 0.1406 0.0278 0.0375
0 0.9292 0.1664 0.0597 0.0312
0 0.9153 0.1172 0.0472 0.0258
0 0.9528 0.025 0.0681 0.0438
0 0.9708 0.0742 0.0556 0.0383
0 0.9653 0.0938 0.0611 0.0258
0 0.9125 0.1891 0.0486 0.0352
0 0.9736 0.2406 0.05 0.0352
0 0.8444 0.2742 0.0444 0.0289
0 0.8611 0.2781 0.0389 0.0281
0 0.4458 0.1125 0.0597 0.0398
0 0.3639 0.0859 0.0569 0.0258
0 0.3819 0.1797 0.05 0.0273
0 0.3458 0.1945 0.0458 0.0367
0 0.2889 0.1969 0.0472 0.0406
0 0.225 0.2148 0.0639 0.0352
0 0.1667 0.2273 0.0597 0.0305
0 0.1597 0.2461 0.0417 0.0195
0 0.3806 0.3367 0.0417 0.025
0 0.7236 0.318 0.0764 0.0539
0 0.7903 0.3297 0.0597 0.0305
0 0.9861 0.4562 0.025 0.0445
0 0.9306 0.4039 0.0347 0.0203
0 0.8444 0.1938 0.0417 0.0219
0 0.8889 0.0453 0.0264 0.0148
0 0.0403 0.1016 0.0486 0.0305
0 0.0194 0.0805 0.0278 0.0273
0 0.35 0.0219 0.0319 0.025
0 0.3111 0.1359 0.0597 0.0188
0 0.4208 0.1391 0.0528 0.0281
0 0.4806 0.1891 0.0611 0.0289
0 0.3375 0.1617 0.0486 0.0297
0 0.2764 0.0805 0.0444 0.0141
0 0.1292 0.0469 0.0306 0.0141
0 0.5236 0.4391 0.0556 0.0297
0 0.9347 0.2781 0.0375 0.0195
0 0.9542 0.2664 0.0292 0.0188
0 0.5431 0.2273 0.0569 0.0281
0 0.3361 0.0414 0.0375 0.0172
0 0.0153 0.1469 0.0278 0.018
0 0.1389 0.1734 0.0681 0.032
0 0.1083 0.3039 0.0458 0.0211
0 0.1236 0.3133 0.0264 0.0141
0 0.1514 0.3938 0.0347 0.0211
0 0.2458 0.4234 0.0389 0.0188
0 0.025 0.3227 0.0347 0.0195
0 0.0375 0.2945 0.0431 0.0141
0 0.0903 0.2734 0.0403 0.0297
0 0.0819 0.3406 0.0194 0.0117
0 0.0833 0.3531 0.0222 0.0125
0 0.2278 0.4555 0.0403 0.0156
0 0.2417 0.4828 0.0431 0.0258
0 0.3486 0.5133 0.0458 0.0227
0 0.5958 0.5844 0.0514 0.0273
0 0.7208 0.568 0.0611 0.0289
0 0.8444 0.6594 0.0708 0.0398
0 0.9861 0.6523 0.0222 0.0375
0 0.8222 0.6984 0.0583 0.0359
0 0.9847 0.7297 0.0264 0.0289
0 0.2736 0.6836 0.0556 0.032
0 0.325 0.6367 0.0431 0.0266
0 0.4042 0.5898 0.0306 0.018
0 0.7833 0.6961 0.0375 0.0297
0 0.0278 0.6797 0.0431 0.0211
0 0.4694 0.468 0.0292 0.0188
0 0.9944 0.0516 0.0083 0.0172
