0 0.0167 0.2141 0.0333 0.0234
0 0.0778 0.2016 0.0375 0.018
0 0.0486 0.2406 0.0167 0.0156
0 0.1 0.2352 0.0236 0.018
0 0.0125 0.2828 0.0264 0.0164
0 0.0625 0.2938 0.0222 0.0141
0 0.0847 0.293 0.0278 0.0141
0 0.15 0.2766 0.0278 0.0125
0 0.1667 0.2523 0.0264 0.0203
0 0.0375 0.3906 0.0167 0.0109
0 0.0764 0.3953 0.0181 0.0109
0 0.0986 0.4031 0.0153 0.0094
0 0.0097 0.4492 0.0139 0.0102
0 0.0431 0.657 0.0264 0.0141
0 0.0792 0.6461 0.0472 0.0273
0 0.0917 0.6195 0.0444 0.0211
0 0.1264 0.6969 0.0458 0.025
0 0.05 0.5703 0.0417 0.0242
0 0.0944 0.5438 0.0264 0.007
0 0.1778 0.6539 0.0292 0.0211
0 0.2139 0.6562 0.0139 0.0156
0 0.1944 0.6242 0.0278 0.018
0 0.3389 0.6539 0.0153 0.0148
0 0.2264 0.6086 0.0236 0.0148
0 0.1653 0.5789 0.0486 0.0273
0 0.1111 0.5086 0.0375 0.0211
0 0.1764 0.5125 0.0417 0.0227
0 0.2319 0.5531 0.0333 0.0195
0 0.3056 0.593 0.0292 0.0164
0 0.2153 0.443 0.0208 0.0125
0 0.2514 0.4875 0.0306 0.0234
0 0.2903 0.518 0.0458 0.025
0 0.3167 0.5281 0.0153 0.0094
0 0.3431 0.5039 0.0208 0.0102
0 0.4097 0.5469 0.0319 0.0211
0 0.3903 0.5383 0.0236 0.0125
0 0.4861 0.5438 0.0278 0.0172
0 0.5181 0.5383 0.0264 0.018
0 0.5431 0.5312 0.0236 0.0133
0 0.4542 0.4766 0.0417 0.0211
0 0.2028 0.2836 0.0292 0.0141
0 0.2181 0.2375 0.0347 0.0234
0 0.2167 0.2523 0.0292 0.0125
0 0.2125 0.2625 0.0222 0.0109
0 0.2458 0.2688 0.0306 0.018
0 0.2708 0.2609 0.0236 0.0203
0 0.2792 0.2375 0.0236 0.0156
0 0.3139 0.2203 0.0333 0.0219
0 0.3306 0.2312 0.0139 0.0117
0 0.2861 0.3359 0.0139 0.0125
0 0.3222 0.3266 0.0403 0.0211
0 0.35 0.3227 0.0194 0.0141
0 0.3681 0.3461 0.0222 0.0148
0 0.3875 0.3531 0.0264 0.0094
0 0.4042 0.3805 0.0194 0.0109
0 0.4542 0.3375 0.0292 0.0148
0 0.4556 0.3508 0.0222 0.0125
0 0.4639 0.3633 0.0222 0.0133
0 0.4833 0.3641 0.0153 0.0141
0 0.5056 0.3641 0.0153 0.0141
0 0.6361 0.5961 0.0264 0.0156
0 0.6389 0.5289 0.0278 0.0148
0 0.6111 0.5312 0.0292 0.0156
0 0.6167 0.5617 0.0222 0.0141
0 0.4861 0.2586 0.0611 0.0367
0 0.5056 0.3188 0.0542 0.0281
0 0.5347 0.2867 0.0597 0.0367
0 0.6069 0.3703 0.0583 0.0367
0 0.7361 0.5562 0.0292 0.0109
0 0.9333 0.5844 0.0292 0.0211
0 0.8736 0.5352 0.0583 0.0359
0 0.9097 0.5562 0.05 0.0273
0 0.7097 0.4305 0.0347 0.0195
0 0.7819 0.4414 0.0444 0.0242
0 0.7944 0.4609 0.0417 0.0242
0 0.6917 0.3242 0.0306 0.018
0 0.8389 0.4219 0.0278 0.0211
0 0.8319 0.4438 0.025 0.0141
0 0.8736 0.4352 0.0597 0.0305
0 0.9569 0.4523 0.0583 0.0312
0 0.9264 0.0961 0.0361 0.0227
0 0.9569 0.1008 0.0292 0.0227
0 0.9847 0.0984 0.0194 0.0141
0 0.9611 0.3492 0.0431 0.0211
0 0.9792 0.3922 0.0361 0.0219
0 0.2472 0.2438 0.0278 0.0156
0 0.3292 0.3 0.0194 0.0141
0 0.4875 0.3312 0.0333 0.0148
0 0.5153 0.3375 0.0222 0.0125
0 0.4931 0.3438 0.0222 0.0102
0 0.2264 0.5078 0.0181 0.0141
0 0.8792 0.3938 0.0361 0.0094
0 0.925 0.3836 0.0194 0.0094
0 0.7278 0.3641 0.0347 0.025
0 0.7333 0.3062 0.0319 0.0148
0 0.2611 0.4242 0.0222 0.0102
0 0.6972 0.5148 0.0292 0.0125
0 0.8417 0.5461 0.0236 0.0164
0 0.8833 0.5625 0.0264 0.0164
