0 0.2042 0.5164 0.0417 0.025
0 0.1708 0.507 0.0319 0.018
0 0.1264 0.5125 0.0375 0.0203
0 0.25 0.4867 0.0444 0.0188
0 0.3417 0.4625 0.0389 0.0164
0 0.2986 0.3953 0.0375 0.0273
0 0.2903 0.3461 0.0389 0.0227
0 0.4222 0.3742 0.0306 0.0164
0 0.3667 0.4219 0.025 0.0141
0 0.5653 0.5 0.0444 0.025
0 0.8764 0.5867 0.0333 0.0211
0 0.8014 0.5281 0.0403 0.0148
0 0.8708 0.5258 0.0403 0.018
0 0.925 0.4875 0.0375 0.0195
0 0.6375 0.3508 0.0333 0.0172
0 0.6264 0.3156 0.0319 0.0195
0 0.7236 0.3008 0.0222 0.0156
0 0.3458 0.3211 0.0417 0.0234
0 0.4597 0.3344 0.0292 0.018
0 0.4653 0.2633 0.0319 0.0258
0 0.3 0.1641 0.0403 0.0211
0 0.2111 0.1984 0.0403 0.0219
0 0.1333 0.1195 0.0264 0.0188
0 0.0792 0.1594 0.0361 0.0203
0 0.0986 0.2031 0.0236 0.0188
0 0.1389 0.15 0.0306 0.0156
0 0.4083 0.1406 0.0306 0.0227
0 0.4375 0.1641 0.0347 0.0219
0 0.4431 0.1906 0.0347 0.0211
0 0.3361 0.218 0.0375 0.0117
0 0.2917 0.2109 0.0361 0.0195
0 0.2722 0.1375 0.0278 0.0172
0 0.2389 0.1133 0.0264 0.0148
0 0.3736 0.15 0.0347 0.0219
0 0.8667 0.4961 0.0292 0.018
0 0.6319 0.4078 0.0306 0.0109
0 0.5972 0.2273 0.0208 0.0188
0 0.3375 0.1977 0.0361 0.0141
0 0.3292 0.1836 0.0375 0.018
0 0.0569 0.2367 0.025 0.0141
0 0.0556 0.1727 0.0375 0.0125
0 0.0806 0.2875 0.0278 0.0164
0 0.25 0.0977 0.0236 0.0141
0 0.1528 0.2062 0.025 0.0211
0 0.6167 0.2055 0.0292 0.0188
0 0.2222 0.1242 0.0306 0.0148
0 0.2292 0.1812 0.0361 0.0219
0 0.25 0.168 0.0306 0.0203
0 0.2528 0.1852 0.0181 0.0164
0 0.1917 0.1562 0.0208 0.0086
0 0.125 0.1883 0.0292 0.0133
0 0.0472 0.2852 0.0306 0.0188
0 0.1944 0.2961 0.0264 0.0148
0 0.2208 0.3609 0.0264 0.0195
0 0.3528 0.3594 0.0292 0.0203
0 0.2889 0.2836 0.0264 0.0219
0 0.4903 0.2094 0.0278 0.0172
0 0.5347 0.2055 0.0292 0.0242
0 0.4653 0.2062 0.0319 0.018
0 0.5333 0.2398 0.0153 0.0164
0 0.5361 0.2914 0.0194 0.0117
0 0.5806 0.3102 0.0319 0.0172
0 0.5847 0.2539 0.0278 0.0188
0 0.6847 0.2609 0.0181 0.0141
0 0.2889 0.4289 0.0264 0.0141
0 0.0944 0.4289 0.0236 0.0188
0 0.0375 0.418 0.0278 0.018
0 0.8681 0.5672 0.0194 0.0164
0 0.7903 0.5719 0.0139 0.0125
0 0.8486 0.5867 0.0194 0.0133
0 0.9917 0.493 0.0125 0.018
0 0.9903 0.457 0.0153 0.0117
0 0.9514 0.4953 0.0417 0.0211
0 0.6264 0.5062 0.0208 0.0125
0 0.175 0.2 0.0292 0.018
0 0.1958 0.1859 0.0236 0.0117
0 0.1708 0.1695 0.0278 0.0102
