0 0.0694 0.0383 0.0431 0.0211
0 0.0597 0.0625 0.0292 0.0211
0 0.0764 0.0828 0.0333 0.0195
0 0.1153 0.0836 0.0361 0.0211
0 0.1236 0.0484 0.0375 0.0227
0 0.1083 0.0109 0.0361 0.0164
0 0.175 0.0422 0.0389 0.0234
0 0.1861 0.0094 0.0306 0.0172
0 0.2236 0.007 0.0375 0.0117
0 0.3222 0.0836 0.0889 0.0555
0 0.2819 0.1305 0.0819 0.0484
0 0.1417 0.1391 0.0736 0.0469
0 0.1458 0.1742 0.0708 0.0367
0 0.0611 0.2305 0.0778 0.0469
0 0.0125 0.2336 0.0222 0.0391
0 0.2778 0.1648 0.0806 0.0375
0 0.3278 0.1742 0.0472 0.0234
0 0.3806 0.2117 0.0444 0.0305
0 0.4556 0.2141 0.0431 0.0297
0 0.4167 0.2172 0.0389 0.025
0 0.4333 0.2367 0.0389 0.0266
0 0.4764 0.2367 0.0361 0.0258
0 0.2472 0.25 0.0306 0.0125
0 0.3875 0.2477 0.0417 0.0258
0 0.3639 0.2398 0.0333 0.0188
0 0.4111 0.2633 0.0458 0.025
0 0.3153 0.2875 0.0458 0.0289
0 0.1056 0.3219 0.0597 0.0367
0 0.1806 0.3141 0.0458 0.0234
0 0.2153 0.3211 0.0236 0.0172
0 0.2444 0.3234 0.0403 0.0219
0 0.3542 0.3258 0.0417 0.0203
0 0.5236 0.2938 0.0542 0.0336
0 0.5625 0.2625 0.0306 0.0094
0 0.4542 0.3852 0.0597 0.0266
0 0.5917 0.3375 0.0667 0.032
0 0.5903 0.2992 0.0569 0.0367
0 0.6375 0.3141 0.0458 0.0336
0 0.6528 0.2859 0.0556 0.032
0 0.6569 0.2648 0.0319 0.025
0 0.6097 0.2625 0.0375 0.0281
0 0.6833 0.2359 0.0528 0.032
0 0.7764 0.2766 0.0542 0.0352
0 0.7292 0.3008 0.0569 0.032
0 0.6944 0.3391 0.0556 0.0297
0 0.6 0.3805 0.0375 0.0219
0 0.6403 0.3828 0.0361 0.0242
0 0.7083 0.3922 0.0486 0.0227
0 0.7347 0.3766 0.0389 0.0156
0 0.7389 0.3578 0.0375 0.0164
0 0.7931 0.3062 0.0375 0.0258
0 0.8694 0.275 0.0306 0.0188
0 0.9028 0.2484 0.0375 0.0141
0 0.9306 0.2727 0.0542 0.032
0 0.8403 0.3156 0.0528 0.0305
0 0.9125 0.3328 0.0319 0.0211
0 0.9514 0.3375 0.0347 0.018
0 0.9333 0.3859 0.0389 0.0227
0 0.9778 0.4227 0.0403 0.0227
0 0.3319 0.4555 0.0528 0.0289
0 0.1417 0.4414 0.0542 0.0211
0 0.0181 0.4094 0.0347 0.0133
0 0.1431 0.4969 0.0375 0.0203
0 0.3875 0.4719 0.0486 0.0273
0 0.4181 0.4727 0.0222 0.0266
0 0.4903 0.4766 0.025 0.0195
0 0.4194 0.5031 0.0417 0.0203
0 0.525 0.4789 0.0347 0.0156
0 0.5667 0.4727 0.0375 0.0203
0 0.9486 0.5055 0.0444 0.0242
0 0.9125 0.5305 0.0236 0.0117
0 0.5611 0.5352 0.025 0.0125
0 0.55 0.5844 0.0389 0.018
0 0.3847 0.582 0.0417 0.0203
0 0.1292 0.6086 0.0278 0.0172
0 0.1861 0.5719 0.0361 0.018
0 0.0208 0.5727 0.0375 0.0219
0 0.1681 0.5 0.025 0.0172
0 0.0194 0.6008 0.0403 0.0227
0 0.1028 0.6078 0.0306 0.0234
0 0.9681 0.5602 0.0486 0.0242
0 0.9847 0.7961 0.0278 0.0266
0 0.9653 0.8133 0.0431 0.0266
0 0.9458 0.8375 0.05 0.0352
0 0.9292 0.8609 0.05 0.0242
0 0.9764 0.6914 0.0306 0.007
0 0.9847 0.7406 0.0125 0.0094
