0 0.5819 0.5758 0.0375 0.0195
0 0.3806 0.4547 0.0236 0.0117
0 0.9042 0.507 0.0292 0.0211
0 0.5819 0.5195 0.025 0.0203
0 0.6264 0.5 0.0403 0.0195
0 0.8361 0.3781 0.0444 0.0211
0 0.8556 0.35 0.0347 0.025
0 0.8139 0.3492 0.0389 0.0203
0 0.8111 0.3633 0.0306 0.0117
0 0.6569 0.3516 0.0264 0.0164
0 0.6903 0.3289 0.0333 0.0234
0 0.7667 0.3195 0.0375 0.018
0 0.7208 0.3461 0.0361 0.0148
0 0.7472 0.3672 0.0292 0.0148
0 0.8264 0.3047 0.0375 0.0172
0 0.5903 0.2023 0.0417 0.0219
0 0.6042 0.2672 0.0333 0.0227
0 0.5014 0.275 0.0389 0.025
0 0.5222 0.2945 0.0403 0.0234
0 0.4889 0.2945 0.0264 0.0156
0 0.7347 0.2211 0.0306 0.0211
0 0.3819 0.3344 0.0361 0.0211
0 0.2972 0.3523 0.0278 0.0141
0 0.1931 0.332 0.0333 0.0172
0 0.0542 0.3688 0.0194 0.0148
0 0.0569 0.3539 0.0194 0.0133
0 0.1069 0.3461 0.0292 0.0141
0 0.5056 0.4305 0.0389 0.0141
0 0.6097 0.3453 0.0222 0.018
0 0.9403 0.4492 0.0306 0.0148
0 0.4514 0.1633 0.0389 0.0148
0 0.275 0.3523 0.0222 0.0102
0 0.2292 0.3969 0.0278 0.0141
0 0.3639 0.3828 0.025 0.018
0 0.0139 0.3695 0.0222 0.0102
0 0.3361 0.5266 0.0194 0.0211
0 0.3389 0.4602 0.0194 0.0102
0 0.5236 0.4562 0.0222 0.0141
0 0.5986 0.4188 0.025 0.0156
0 0.5597 0.5609 0.0292 0.0172
0 0.5444 0.5188 0.0292 0.0117
0 0.5597 0.5117 0.0236 0.0117
0 0.5819 0.5867 0.0417 0.0125
0 0.9111 0.4023 0.025 0.0125
0 0.9694 0.3812 0.0319 0.018
0 0.9375 0.407 0.0208 0.0117
0 0.7514 0.3469 0.0333 0.0125
