0 0.5403 0.0852 0.0417 0.0258
0 0.4847 0.1109 0.0389 0.0219
0 0.4972 0.1625 0.0444 0.0188
0 0.5194 0.1789 0.0264 0.0172
0 0.5889 0.1875 0.0444 0.0195
0 0.4069 0.1883 0.0472 0.0234
0 0.3847 0.2203 0.0403 0.0258
0 0.4236 0.2195 0.0333 0.0211
0 0.4458 0.1953 0.0306 0.0219
0 0.4403 0.2414 0.0319 0.0164
0 0.5194 0.2445 0.0319 0.0203
0 0.5361 0.2859 0.0403 0.0219
0 0.5236 0.3047 0.0375 0.0195
0 0.5861 0.3125 0.0375 0.0219
0 0.6444 0.3102 0.0444 0.0289
0 0.5556 0.2758 0.0278 0.0156
0 0.3611 0.282 0.0417 0.0242
0 0.3861 0.3062 0.0542 0.0203
0 0.4403 0.2789 0.0208 0.0109
0 0.475 0.3234 0.0292 0.0164
0 0.4847 0.3461 0.0194 0.0203
0 0.3639 0.3914 0.0417 0.025
0 0.4375 0.3656 0.0222 0.0148
0 0.4597 0.3828 0.0278 0.0195
0 0.5264 0.3773 0.0486 0.025
0 0.6806 0.343 0.0444 0.025
0 0.5917 0.3844 0.0347 0.0203
0 0.5069 0.3953 0.0514 0.0273
0 0.6903 0.4656 0.0458 0.025
0 0.3056 0.4398 0.0417 0.0148
0 0.2917 0.4695 0.0333 0.0211
0 0.3389 0.4883 0.0417 0.025
0 0.5125 0.5477 0.0278 0.0164
0 0.6208 0.55 0.0333 0.0172
0 0.7083 0.5297 0.0347 0.0133
0 0.7472 0.5375 0.0292 0.018
0 0.2736 0.5047 0.0431 0.0188
0 0.1194 0.5367 0.0389 0.0211
0 0.3778 0.5797 0.0389 0.0195
0 0.2278 0.6586 0.0389 0.0203
0 0.5681 0.6539 0.0347 0.018
0 0.6097 0.718 0.0486 0.0281
0 0.2778 0.6953 0.0403 0.0242
0 0.1292 0.7922 0.0444 0.0258
0 0.0472 0.7656 0.0347 0.0156
0 0.6194 0.7656 0.0375 0.0172
0 0.7167 0.7797 0.0472 0.0281
0 0.4167 0.243 0.0444 0.0203
0 0.4667 0.2273 0.0347 0.0312
0 0.4569 0.2969 0.0153 0.0117
0 0.5417 0.3953 0.0236 0.0148
0 0.3111 0.5305 0.0278 0.0156
0 0.2306 0.5672 0.0458 0.0164
0 0.1736 0.6602 0.025 0.0195
0 0.2986 0.7039 0.0306 0.0156
0 0.9639 0.5594 0.0403 0.0172
0 0.6806 0.3945 0.0208 0.0125
0 0.8528 0.6516 0.0236 0.0102
0 0.1056 0.9258 0.0278 0.0148
0 0.6792 0.9594 0.0583 0.0406
0 0.4264 0.6203 0.0431 0.0188
0 0.3903 0.4852 0.0361 0.0156
0 0.3681 0.4711 0.0333 0.0195
0 0.4667 0.5359 0.0403 0.0203
0 0.5667 0.5094 0.0194 0.0172
0 0.875 0.8055 0.0208 0.0133
0 0.6708 0.8617 0.0472 0.032
0 0.8444 0.6055 0.0222 0.0117
