0 0.4528 0.0453 0.0667 0.0391
0 0.5167 0.0578 0.0597 0.0281
0 0.3542 0.0602 0.0667 0.0359
0 0.4319 0.1117 0.0597 0.0461
0 0.4903 0.1117 0.0625 0.0391
0 0.5375 0.1039 0.0375 0.0391
0 0.6931 0.2078 0.0542 0.0297
0 0.7597 0.2266 0.0528 0.0328
0 0.3611 0.1672 0.0264 0.0258
0 0.2833 0.1961 0.0472 0.0367
0 0.2236 0.1891 0.0653 0.0328
0 0.3083 0.2266 0.0431 0.0211
0 0.0292 0.4039 0.0444 0.0328
0 0.1972 0.4562 0.0583 0.0312
0 0.3847 0.5062 0.0681 0.0398
0 0.5958 0.4734 0.0417 0.0414
0 0.6611 0.4914 0.0764 0.0344
0 0.275 0.5078 0.0569 0.0219
0 0.5806 0.5219 0.0778 0.0367
0 0.4708 0.543 0.0639 0.0281
0 0.4125 0.5805 0.0833 0.0547
0 0.4889 0.5719 0.0569 0.0328
0 0.4847 0.6188 0.0361 0.0289
0 0.3986 0.6422 0.0278 0.0242
0 0.1903 0.5133 0.0597 0.0211
0 0.2389 0.6289 0.0361 0.0203
0 0.3083 0.1141 0.0236 0.018
0 0.4958 0.3711 0.0403 0.0203
0 0.2194 0.568 0.0278 0.0328
0 0.7264 0.7375 0.0653 0.025
0 0.7 0.7219 0.0319 0.0273
0 0.9181 0.7766 0.0736 0.0359
0 0.3903 0.2148 0.0306 0.032
0 0.0083 0.3797 0.0167 0.0195
0 0.7764 0.7312 0.0361 0.0141
0 0.8722 0.7688 0.0472 0.0227
0 0.9903 0.6117 0.0139 0.0219
