0 0.5722 0.1406 0.0431 0.0312
0 0.5194 0.1602 0.0278 0.0148
0 0.4486 0.2336 0.0431 0.0195
0 0.5264 0.2078 0.0375 0.0203
0 0.6125 0.2336 0.0306 0.0156
0 0.4875 0.2438 0.0292 0.0109
0 0.4278 0.2602 0.0361 0.0156
0 0.4597 0.2656 0.0292 0.0258
0 0.0569 0.325 0.0444 0.0227
0 0.0139 0.3594 0.0264 0.0219
0 0.4181 0.3477 0.0514 0.0227
0 0.3917 0.3266 0.0292 0.0203
0 0.0611 0.3383 0.0278 0.0094
0 0.4694 0.3203 0.0361 0.0164
0 0.4556 0.2867 0.0222 0.0172
0 0.4861 0.2836 0.0361 0.0141
0 0.5056 0.2656 0.0167 0.0211
0 0.5528 0.2883 0.0236 0.0133
0 0.5861 0.3156 0.025 0.0133
0 0.5611 0.3258 0.0403 0.0219
0 0.5528 0.3453 0.0375 0.0172
0 0.5264 0.3594 0.0361 0.0125
0 0.6042 0.3508 0.0347 0.0219
0 0.6611 0.3469 0.0486 0.0289
0 0.3986 0.4273 0.0444 0.0266
0 0.4667 0.4039 0.0222 0.0109
0 0.5306 0.3773 0.0403 0.0156
0 0.6958 0.3797 0.0458 0.025
0 0.4889 0.4188 0.0375 0.018
0 0.5486 0.4141 0.0472 0.0242
0 0.5292 0.4297 0.0389 0.0227
0 0.575 0.4297 0.0208 0.0125
0 0.6222 0.4156 0.0319 0.0148
0 0.7083 0.4961 0.0444 0.0242
0 0.3722 0.5164 0.0431 0.0266
0 0.3444 0.4711 0.0361 0.018
0 0.3236 0.4992 0.0431 0.0227
0 0.4042 0.5016 0.0319 0.018
0 0.4264 0.5125 0.0375 0.0148
0 0.1778 0.5641 0.0458 0.0211
0 0.3097 0.5359 0.0458 0.0203
0 0.2764 0.5539 0.0292 0.0148
0 0.3639 0.5539 0.0208 0.0227
0 0.4014 0.6062 0.0306 0.0211
0 0.4931 0.5648 0.0347 0.0234
0 0.4931 0.5844 0.0306 0.0141
0 0.5347 0.575 0.0333 0.0125
0 0.6431 0.5773 0.0292 0.0172
0 0.7264 0.5578 0.0542 0.0289
0 0.9875 0.5633 0.0208 0.0211
0 0.9708 0.5867 0.0333 0.0133
0 0.9458 0.6312 0.0472 0.0172
0 0.8569 0.6766 0.0194 0.0133
0 0.7208 0.5969 0.0236 0.0148
0 0.4458 0.6445 0.0361 0.0203
0 0.3681 0.6477 0.0278 0.0133
0 0.2569 0.6766 0.0403 0.0156
0 0.4528 0.5812 0.025 0.0133
0 0.5847 0.6773 0.0375 0.0156
0 0.3097 0.7156 0.0389 0.0234
0 0.3333 0.7203 0.0236 0.0117
0 0.2611 0.7195 0.0319 0.0141
0 0.0903 0.7719 0.0389 0.0195
0 0.1569 0.8031 0.0472 0.0258
0 0.6014 0.7367 0.0458 0.0227
0 0.5389 0.7883 0.0264 0.0125
0 0.6028 0.782 0.0208 0.0078
0 0.8597 0.8281 0.0222 0.0125
0 0.7653 0.8844 0.0278 0.0141
0 0.6417 0.8883 0.0569 0.0414
0 0.6153 0.968 0.0625 0.0391
