0 0.2139 0.1992 0.05 0.0305
0 0.3792 0.1828 0.0167 0.0164
0 0.4069 0.182 0.0264 0.0266
0 0.1931 0.2734 0.0556 0.0352
0 0.4111 0.2219 0.05 0.0242
0 0.9722 0.1664 0.0444 0.0234
0 0.9306 0.2094 0.0486 0.0289
0 0.1431 0.2961 0.0472 0.0227
0 0.8389 0.2633 0.0375 0.032
0 0.8667 0.3695 0.0569 0.032
0 0.9361 0.3375 0.0625 0.0297
0 0.5514 0.5289 0.0625 0.0328
0 0.8167 0.4172 0.0458 0.0227
0 0.825 0.4352 0.0444 0.0227
0 0.8681 0.4227 0.0583 0.0273
0 0.8653 0.3992 0.0597 0.0281
0 0.9306 0.4055 0.025 0.0266
0 0.9583 0.4406 0.0486 0.0211
0 0.8736 0.4414 0.0653 0.018
0 0.2347 0.5297 0.0375 0.018
0 0.8347 0.6102 0.0583 0.0336
0 0.9208 0.5844 0.0444 0.0273
0 0.9611 0.5961 0.0528 0.025
0 0.8389 0.5195 0.0417 0.0367
0 0.9042 0.5281 0.0431 0.0312
0 0.9361 0.5305 0.0389 0.0266
0 0.9819 0.5164 0.0319 0.0258
0 0.8861 0.5578 0.0181 0.0211
0 0.9722 0.7195 0.0514 0.0391
0 0.9528 0.8586 0.0569 0.0234
0 0.8389 0.3641 0.025 0.0203
0 0.6958 0.7188 0.0278 0.0203
0 0.725 0.7422 0.0514 0.0289
0 0.7556 0.8219 0.0181 0.0203
0 0.1833 0.8555 0.0194 0.0188
0 0.9597 0.9039 0.025 0.0266
0 0.8264 0.957 0.0417 0.0289
0 0.6972 0.9797 0.0528 0.0344
