0 0.0583 0.2484 0.0306 0.0172
0 0.0431 0.3156 0.0514 0.0266
0 0.0472 0.5953 0.0278 0.0148
0 0.1583 0.5062 0.0444 0.0234
0 0.1333 0.5508 0.0458 0.0227
0 0.1556 0.575 0.0292 0.0172
0 0.1792 0.5945 0.0278 0.0164
0 0.2069 0.5641 0.0444 0.0234
0 0.0792 0.2164 0.0319 0.0133
0 0.1125 0.2258 0.0306 0.0188
0 0.1319 0.2648 0.0347 0.0086
0 0.1361 0.2477 0.0264 0.0109
0 0.1556 0.2195 0.0375 0.0203
0 0.1819 0.2453 0.0347 0.0203
0 0.1889 0.2227 0.0292 0.0227
0 0.2181 0.2328 0.0292 0.0133
0 0.2097 0.1805 0.0194 0.0156
0 0.2861 0.2297 0.0375 0.018
0 0.3444 0.2414 0.0264 0.0172
0 0.2417 0.2984 0.0319 0.0164
0 0.2264 0.3672 0.0292 0.0156
0 0.2861 0.3461 0.0167 0.0102
0 0.3236 0.35 0.0236 0.007
0 0.3389 0.3602 0.0153 0.0102
0 0.2639 0.4078 0.0236 0.0133
0 0.25 0.5883 0.0278 0.0156
0 0.2986 0.6211 0.0278 0.0141
0 0.2861 0.5594 0.0458 0.0258
0 0.3486 0.5312 0.0486 0.0227
0 0.4 0.5812 0.0389 0.0219
0 0.3889 0.6086 0.0458 0.0305
0 0.3917 0.3852 0.0208 0.0117
0 0.4069 0.4125 0.0306 0.0141
0 0.4014 0.4656 0.0431 0.0227
0 0.4653 0.4727 0.0403 0.0234
0 0.4708 0.5398 0.05 0.0289
0 0.4361 0.6641 0.0431 0.0219
0 0.4958 0.6211 0.0417 0.025
0 0.5861 0.6195 0.0153 0.0125
0 0.5653 0.5555 0.0264 0.0172
0 0.5347 0.5133 0.0306 0.0219
0 0.2889 0.1562 0.0361 0.018
0 0.3639 0.1406 0.0361 0.0195
0 0.3194 0.1844 0.0208 0.0211
0 0.3833 0.1766 0.0208 0.025
0 0.4125 0.2234 0.0236 0.0125
0 0.4764 0.2289 0.0319 0.018
0 0.4403 0.1953 0.0361 0.0227
0 0.4931 0.1797 0.0347 0.0234
0 0.4889 0.1961 0.0306 0.0156
0 0.475 0.2039 0.0222 0.0133
0 0.5222 0.1844 0.0306 0.0164
0 0.5167 0.2141 0.0361 0.018
0 0.5486 0.2023 0.0292 0.0195
0 0.5611 0.1758 0.0264 0.0172
0 0.6014 0.1555 0.0347 0.0203
0 0.6333 0.1625 0.0417 0.0148
0 0.6639 0.1891 0.025 0.0109
0 0.625 0.2414 0.025 0.0078
0 0.6208 0.2695 0.0389 0.0234
0 0.6472 0.2633 0.0222 0.0188
0 0.6222 0.2953 0.0264 0.018
0 0.6431 0.3031 0.0236 0.0148
0 0.6597 0.332 0.0236 0.0102
0 0.7222 0.2852 0.0264 0.0117
0 0.7194 0.2984 0.0236 0.0133
0 0.7292 0.3141 0.0236 0.0156
0 0.7528 0.3125 0.0208 0.0156
0 0.7667 0.3141 0.0181 0.0133
0 0.8056 0.2984 0.0194 0.0102
0 0.5639 0.4398 0.0319 0.0266
0 0.6125 0.475 0.0472 0.0258
0 0.6583 0.5 0.0347 0.0164
0 0.7306 0.5055 0.0375 0.0258
0 0.7986 0.5 0.0333 0.0172
0 0.8236 0.4945 0.0278 0.0172
0 0.7875 0.4289 0.0403 0.0188
0 0.8667 0.1766 0.0708 0.043
0 0.9347 0.2055 0.0681 0.0414
0 0.875 0.2453 0.0681 0.0344
0 0.9069 0.268 0.0458 0.0258
0 0.7986 0.2727 0.0403 0.0195
0 0.8417 0.2727 0.0458 0.0266
0 0.9847 0.3047 0.0264 0.0422
0 0.9139 0.4906 0.0319 0.0203
0 0.9472 0.4883 0.0306 0.0164
0 0.8986 0.5133 0.0181 0.0109
0 0.9167 0.5219 0.0264 0.0141
0 0.9333 0.5617 0.0333 0.0141
0 0.2417 0.6602 0.0194 0.0148
0 0.0778 0.3305 0.0389 0.0141
0 0.125 0.3523 0.0278 0.0219
0 0.1028 0.3453 0.0306 0.0211
0 0.7597 0.2328 0.0292 0.0227
0 0.7944 0.2406 0.0347 0.0164
0 0.825 0.2328 0.025 0.0094
0 0.9889 0.2766 0.0194 0.0125
0 0.9514 0.2711 0.0444 0.0125
0 0.7611 0.2906 0.0278 0.0156
0 0.6875 0.2617 0.0222 0.0125
0 0.7125 0.2523 0.0181 0.007
0 0.6694 0.2398 0.0306 0.0203
0 0.1806 0.3742 0.0306 0.0117
0 0.4319 0.4094 0.0236 0.0188
0 0.5167 0.3812 0.0222 0.0133
0 0.5389 0.382 0.0167 0.0148
0 0.5556 0.3703 0.0306 0.0133
0 0.5694 0.4672 0.0125 0.0203
0 0.5319 0.4703 0.0278 0.0125
0 0.5514 0.4883 0.0236 0.0086
0 0.2028 0.543 0.0431 0.0188
0 0.0986 0.6219 0.0472 0.0188
0 0.5056 0.5883 0.0167 0.0219
0 0.8556 0.4406 0.0236 0.0094
0 0.0403 0.5305 0.0167 0.0078
0 0.3736 0.5031 0.0292 0.0117
0 0.5597 0.5188 0.0236 0.0117
