0 0.9042 0.7523 0.0403 0.0234
0 0.1264 0.6906 0.0444 0.0203
0 0.1694 0.7094 0.0444 0.0281
0 0.2319 0.7172 0.0333 0.0188
0 0.2708 0.7164 0.0333 0.0172
0 0.2792 0.6461 0.0444 0.0227
0 0.1931 0.5508 0.0389 0.0242
0 0.2333 0.5562 0.0375 0.018
0 0.5097 0.5359 0.0306 0.0234
0 0.575 0.5109 0.0347 0.0195
0 0.5153 0.507 0.0486 0.0273
0 0.5667 0.4562 0.0222 0.018
0 0.3389 0.4492 0.0347 0.0211
0 0.3694 0.4281 0.0514 0.0297
0 0.4903 0.4008 0.0417 0.0203
0 0.5736 0.407 0.0472 0.0281
0 0.5542 0.3711 0.0278 0.0141
0 0.1875 0.3938 0.0306 0.0188
0 0.6125 0.3836 0.0264 0.0219
0 0.6042 0.3602 0.0375 0.0195
0 0.5292 0.3352 0.0306 0.0188
0 0.5597 0.3367 0.0306 0.0203
0 0.5486 0.3141 0.0292 0.018
0 0.3236 0.325 0.0264 0.0164
0 0.3778 0.3172 0.0333 0.0219
0 0.4111 0.3016 0.0417 0.0227
0 0.3778 0.2531 0.0556 0.0312
0 0.3694 0.225 0.0403 0.0156
0 0.4083 0.2086 0.0486 0.0234
0 0.4139 0.232 0.0403 0.0211
0 0.6264 0.257 0.0375 0.0266
0 0.5319 0.2141 0.0389 0.0117
0 0.9875 0.1305 0.0222 0.025
0 0.4417 0.1023 0.0431 0.0273
0 0.3958 0.282 0.0625 0.0156
0 0.6083 0.5469 0.0236 0.0148
0 0.2917 0.3023 0.0292 0.0125
0 0.4222 0.3133 0.0333 0.0156
0 0.3208 0.4258 0.0292 0.0094
0 0.4028 0.0398 0.0444 0.025
0 0.2986 0.4797 0.0625 0.018
0 0.5667 0.5273 0.0181 0.0133
0 0.5167 0.5875 0.0167 0.018
0 0.6958 0.6023 0.0347 0.0125
0 0.7278 0.7883 0.025 0.0242
