0 0.7708 0.6484 0.0347 0.0109
0 0.9194 0.5789 0.0403 0.0211
0 0.9514 0.5164 0.0194 0.0164
0 0.8986 0.5266 0.0306 0.0078
0 0.9736 0.4953 0.0417 0.0219
0 0.95 0.4773 0.0347 0.0133
0 0.9111 0.4867 0.0458 0.018
0 0.3722 0.4852 0.0514 0.0195
0 0.2972 0.4539 0.0208 0.007
0 0.9875 0.4258 0.0181 0.0148
0 0.8403 0.4266 0.0292 0.0148
0 0.9319 0.4102 0.0333 0.0125
0 0.9306 0.4266 0.0306 0.0164
0 0.9042 0.4289 0.0222 0.0102
0 0.9528 0.3656 0.0611 0.025
0 0.9125 0.3477 0.0472 0.0227
0 0.9389 0.2703 0.0514 0.0266
0 0.9736 0.2789 0.0333 0.0227
0 0.9806 0.2992 0.0292 0.0297
0 0.9097 0.2273 0.0458 0.025
0 0.3917 0.2602 0.0389 0.0242
0 0.4292 0.2688 0.0417 0.0195
0 0.9764 0.1805 0.0292 0.0219
0 0.9917 0.1797 0.0111 0.0289
0 0.3708 0.1922 0.0278 0.0234
0 0.1889 0.1766 0.0417 0.0234
0 0.2028 0.1289 0.0458 0.0273
0 0.1528 0.1172 0.0333 0.0195
0 0.1542 0.1438 0.0486 0.0227
0 0.1917 0.1461 0.0347 0.0172
0 0.1292 0.7047 0.0333 0.0258
0 0.0278 0.7297 0.0222 0.0141
