0 0.4694 0.1555 0.0403 0.0258
0 0.4986 0.1406 0.0389 0.0195
0 0.6361 0.2852 0.0458 0.025
0 0.65 0.3 0.0472 0.0258
0 0.6458 0.3508 0.0319 0.0141
0 0.6806 0.4547 0.0389 0.0156
0 0.7847 0.4711 0.0458 0.0242
0 0.5361 0.5172 0.0528 0.0266
0 0.6486 0.5188 0.0431 0.025
0 0.7153 0.5 0.0292 0.0227
0 0.7236 0.5492 0.0472 0.0258
0 0.6444 0.6375 0.0472 0.0211
0 0.5014 0.6273 0.05 0.0258
0 0.3583 0.6156 0.0528 0.0266
0 0.3708 0.5875 0.0264 0.0109
0 0.3806 0.5477 0.0486 0.0297
0 0.2681 0.468 0.0306 0.0164
0 0.2403 0.4539 0.0333 0.018
0 0.0597 0.5008 0.0444 0.0258
0 0.6167 0.5312 0.0333 0.0195
