0 0.5361 0.1953 0.0431 0.0234
0 0.3167 0.3516 0.0278 0.0203
0 0.3472 0.425 0.0486 0.0281
0 0.3528 0.4547 0.0403 0.0211
0 0.525 0.4477 0.0417 0.0195
0 0.1972 0.4375 0.0278 0.018
0 0.2958 0.5398 0.0389 0.0172
0 0.3278 0.5414 0.0375 0.0133
0 0.0972 0.5344 0.0472 0.0164
0 0.3222 0.5953 0.0306 0.0188
0 0.2847 0.6117 0.0444 0.025
0 0.3042 0.6508 0.0472 0.0258
0 0.5681 0.4281 0.0306 0.018
0 0.7347 0.4242 0.0444 0.0266
0 0.6806 0.3898 0.0361 0.0211
0 0.6333 0.3906 0.0194 0.0164
0 0.6417 0.6766 0.0181 0.0156
0 0.8139 0.6648 0.025 0.0188
0 0.925 0.5586 0.0292 0.0109
0 0.9514 0.6539 0.0389 0.018
0 0.9 0.6633 0.0306 0.018
0 0.65 0.4047 0.0417 0.0195
0 0.3528 0.3555 0.0389 0.018
0 0.8847 0.6312 0.0333 0.0133
0 0.9556 0.6797 0.0236 0.0203
0 0.9264 0.6781 0.0153 0.0117
0 0.5139 0.7328 0.0417 0.0117
0 0.1361 0.4914 0.0236 0.0141
0 0.1292 0.5211 0.0264 0.0148
