0 0.3944 0.0844 0.0556 0.0367
0 0.4125 0.0523 0.0417 0.0203
0 0.4708 0.0531 0.0347 0.0305
0 0.4653 0.0852 0.0389 0.0312
0 0.2778 0.1195 0.0444 0.0195
0 0.4417 0.1164 0.0292 0.0141
0 0.2972 0.157 0.0542 0.0391
0 0.4972 0.1633 0.0542 0.0234
0 0.3181 0.1961 0.0542 0.0281
0 0.3139 0.2164 0.0458 0.0227
0 0.275 0.2258 0.0597 0.0266
0 0.3986 0.2484 0.05 0.0219
0 0.2083 0.1766 0.0417 0.0078
0 0.9333 0.2281 0.0472 0.0242
0 0.9417 0.2492 0.0444 0.025
0 0.9778 0.2562 0.0403 0.018
0 0.5125 0.268 0.0431 0.0336
0 0.5514 0.2773 0.05 0.032
0 0.0222 0.4531 0.0431 0.0281
0 0.1139 0.3844 0.0569 0.0273
0 0.3778 0.3812 0.0417 0.0273
0 0.4194 0.3859 0.0431 0.0242
0 0.1778 0.4312 0.0444 0.0281
0 0.2875 0.4102 0.0125 0.0188
0 0.2347 0.4359 0.025 0.0203
0 0.2694 0.4438 0.0444 0.0234
0 0.2431 0.4672 0.0403 0.0211
0 0.2792 0.4711 0.0375 0.0164
0 0.3569 0.4758 0.0125 0.0195
0 0.3056 0.4914 0.025 0.0164
0 0.3139 0.5219 0.0514 0.0281
0 0.3708 0.4406 0.0417 0.0211
0 0.4069 0.4594 0.0528 0.0305
0 0.9431 0.3797 0.0542 0.0273
0 0.9778 0.3992 0.0417 0.0312
0 0.4444 0.4664 0.0458 0.025
0 0.4389 0.4828 0.0333 0.0156
0 0.4764 0.4719 0.05 0.0266
0 0.5681 0.4805 0.0389 0.0203
0 0.5944 0.4703 0.0389 0.0188
0 0.6694 0.5242 0.0306 0.0141
0 0.3958 0.5883 0.0514 0.0297
0 0.3556 0.5992 0.0583 0.0297
0 0.2611 0.5547 0.05 0.0273
0 0.2486 0.575 0.0319 0.0211
0 0.2708 0.5742 0.0181 0.0172
0 0.2958 0.5531 0.0264 0.032
0 0.4486 0.7164 0.0583 0.0336
0 0.4792 0.7734 0.0625 0.0266
0 0.1764 0.6312 0.0486 0.0258
0 0.0486 0.6227 0.0278 0.0102
0 0.4361 0.5727 0.0278 0.0102
0 0.2792 0.6805 0.0333 0.0164
