0 0.3431 0.1758 0.0444 0.0234
0 0.1361 0.3367 0.0333 0.0219
0 0.1736 0.3414 0.0347 0.0172
0 0.1694 0.4125 0.0431 0.025
0 0.1833 0.4438 0.0403 0.0203
0 0.3611 0.4344 0.0389 0.0211
0 0.4 0.4156 0.0181 0.0086
0 0.1431 0.6406 0.0486 0.0258
0 0.1528 0.5859 0.0306 0.0164
0 0.4583 0.3766 0.025 0.0188
0 0.5097 0.3727 0.0333 0.0188
0 0.4903 0.3883 0.0264 0.0156
0 0.5569 0.4062 0.0444 0.025
0 0.7472 0.5328 0.0125 0.0094
0 0.8986 0.5055 0.0181 0.0125
0 0.6417 0.6336 0.0208 0.0148
0 0.3653 0.5812 0.0083 0.0078
0 0.6611 0.5961 0.0167 0.0078
0 0.9819 0.5148 0.0125 0.0086
0 0.9569 0.2266 0.0139 0.0125
0 0.975 0.2398 0.0125 0.0055
0 0.6542 0.2477 0.0083 0.0055
0 0.6514 0.3008 0.0264 0.0078
0 0.6708 0.2867 0.0167 0.007
0 0.8583 0.3102 0.0083 0.0047
0 0.8167 0.2891 0.0111 0.007
0 0.8042 0.282 0.0083 0.0047
0 0.8181 0.2367 0.0097 0.0055
0 0.8139 0.25 0.0111 0.0078
0 0.8139 0.2719 0.0083 0.0047
0 0.85 0.3016 0.0069 0.0047
0 0.7861 0.6211 0.0264 0.0102
0 0.0181 0.432 0.0125 0.0094
0 0.0819 0.4328 0.0319 0.0266
0 0.9764 0.2703 0.025 0.0141
0 0.9819 0.2812 0.0264 0.0078
0 0.1264 0.5281 0.0375 0.0195
0 0.1556 0.532 0.0361 0.0148
0 0.1792 0.5258 0.0153 0.0102
0 0.1194 0.6039 0.0556 0.0227
0 0.4764 0.6562 0.0208 0.0164
0 0.7139 0.6055 0.0375 0.0164
0 0.9903 0.632 0.0153 0.0109
0 0.95 0.5727 0.0375 0.0172
0 0.9875 0.5602 0.0194 0.0156
