0 0.3639 0.1281 0.0444 0.025
0 0.3819 0.1086 0.0347 0.0195
0 0.4694 0.1086 0.0333 0.0164
0 0.5542 0.2531 0.0389 0.0258
0 0.5722 0.2695 0.0444 0.0266
0 0.4806 0.4117 0.0389 0.0266
0 0.6264 0.4492 0.0486 0.0289
0 0.6208 0.4812 0.0278 0.018
0 0.5403 0.4977 0.0417 0.0242
0 0.5125 0.5117 0.0319 0.0172
0 0.6222 0.5273 0.0486 0.0273
0 0.425 0.4977 0.0556 0.0312
0 0.3972 0.5086 0.0292 0.0125
0 0.3889 0.6102 0.0472 0.025
0 0.5333 0.6195 0.0444 0.0219
0 0.2139 0.5969 0.0528 0.0266
0 0.2292 0.5656 0.0292 0.0219
0 0.2472 0.5258 0.0319 0.0289
0 0.5583 0.3172 0.0278 0.0078
0 0.1347 0.4344 0.025 0.0188
0 0.1611 0.4453 0.0153 0.0195
0 0.5347 0.4289 0.0292 0.0211
0 0.5764 0.4273 0.0236 0.0203
0 0.5319 0.2664 0.0278 0.0164
