0 0.6931 0.1914 0.0472 0.0258
0 0.6097 0.2117 0.0375 0.0273
0 0.5667 0.2781 0.0458 0.032
0 0.5958 0.2742 0.0222 0.0242
0 0.5889 0.3188 0.0458 0.0297
0 0.5097 0.3211 0.0375 0.025
0 0.6931 0.3219 0.0444 0.0242
0 0.5278 0.3531 0.0361 0.0219
0 0.6611 0.3484 0.0403 0.0195
0 0.6417 0.4078 0.0528 0.0289
0 0.6458 0.4344 0.0431 0.0234
0 0.5125 0.3852 0.0514 0.0242
0 0.4611 0.4008 0.0444 0.0266
0 0.4875 0.4172 0.0306 0.0148
0 0.5736 0.4617 0.0403 0.0242
0 0.6889 0.482 0.0431 0.0188
0 0.4486 0.4867 0.05 0.0258
0 0.575 0.5297 0.0403 0.0211
0 0.4611 0.4586 0.0389 0.0172
0 0.5347 0.4969 0.0431 0.0211
0 0.5958 0.5711 0.0444 0.0273
0 0.6806 0.625 0.0306 0.0172
0 0.5431 0.4719 0.0417 0.0125
0 0.5694 0.7266 0.0597 0.0312
0 0.5361 0.7562 0.0486 0.0289
0 0.6514 0.4898 0.0306 0.0211
0 0.6347 0.232 0.0153 0.0172
0 0.6778 0.2719 0.0375 0.0172
0 0.6042 0.368 0.0278 0.0188
0 0.5083 0.5023 0.0222 0.0227
0 0.7417 0.4477 0.0403 0.0266
0 0.7167 0.5102 0.0528 0.0164
0 0.5833 0.5508 0.0347 0.0195
0 0.5708 0.5906 0.0264 0.0102
0 0.7653 0.5469 0.0333 0.0125
0 0.8542 0.5375 0.0417 0.0203
0 0.8361 0.5555 0.0208 0.018
0 0.8389 0.5789 0.0292 0.025
0 0.7917 0.5719 0.025 0.0156
0 0.7708 0.6086 0.0347 0.0172
0 0.9361 0.632 0.0389 0.018
0 0.7639 0.8383 0.0611 0.0336
0 0.7444 0.7695 0.0403 0.0203
0 0.5306 0.6859 0.0306 0.0227
0 0.6236 0.6133 0.0347 0.0164
0 0.5861 0.6227 0.0278 0.0133
0 0.85 0.6438 0.0306 0.0133
0 0.7972 0.6297 0.0333 0.0109
0 0.9667 0.5953 0.0347 0.025
0 0.2792 0.5453 0.0278 0.0125
