0 0.05 0.7242 0.0694 0.0219
0 0.4333 0.6406 0.025 0.0156
0 0.4569 0.6445 0.0222 0.0156
0 0.4597 0.6266 0.0403 0.018
0 0.5403 0.6539 0.0417 0.0188
0 0.5319 0.5945 0.0431 0.0164
0 0.6111 0.582 0.0375 0.025
0 0.6014 0.4578 0.0431 0.0266
0 0.5722 0.4656 0.0403 0.0211
0 0.6556 0.4391 0.0194 0.0117
0 0.7014 0.4469 0.0194 0.0156
0 0.6361 0.5094 0.0194 0.018
0 0.6986 0.5453 0.0306 0.0211
0 0.7458 0.5297 0.0278 0.0156
0 0.7625 0.5289 0.0194 0.0148
0 0.7375 0.5672 0.0458 0.0211
0 0.6431 0.5844 0.0236 0.0125
0 0.6181 0.6078 0.0403 0.0219
0 0.625 0.625 0.0333 0.0148
0 0.6917 0.6297 0.0375 0.0234
0 0.725 0.6234 0.0486 0.0266
0 0.8153 0.6555 0.0458 0.0125
0 0.7153 0.6492 0.0361 0.0211
0 0.4083 0.6688 0.0319 0.0188
0 0.4292 0.6562 0.0361 0.0164
0 0.1069 0.675 0.025 0.018
0 0.0222 0.6961 0.0417 0.0312
