0 0.0208 0.0859 0.0403 0.0227
0 0.0583 0.0875 0.0347 0.0219
0 0.0667 0.1055 0.0347 0.0133
0 0.1056 0.1133 0.0222 0.0164
0 0.0556 0.132 0.0333 0.0211
0 0.0917 0.1414 0.0375 0.0195
0 0.1139 0.1375 0.0222 0.0148
0 0.0736 0.1531 0.0361 0.0156
0 0.0792 0.1664 0.0264 0.0109
0 0.1542 0.1562 0.0361 0.0164
0 0.1319 0.1734 0.0139 0.0141
0 0.1028 0.2141 0.0347 0.0117
0 0.0931 0.257 0.0472 0.0234
0 0.0778 0.3172 0.0319 0.0227
0 0.0222 0.3516 0.0417 0.0266
0 0.05 0.3727 0.0417 0.0242
0 0.2264 0.1047 0.0347 0.0227
0 0.2792 0.1305 0.0292 0.0156
0 0.25 0.1609 0.0292 0.0164
0 0.2347 0.1898 0.0319 0.018
0 0.2792 0.207 0.0236 0.0148
0 0.2181 0.2508 0.0486 0.018
0 0.2028 0.2773 0.0444 0.0242
0 0.1514 0.3109 0.0319 0.0227
0 0.1056 0.2953 0.0208 0.0109
0 0.1167 0.3883 0.0417 0.0234
0 0.0167 0.4914 0.0111 0.0086
0 0.1125 0.4875 0.0333 0.0234
0 0.0972 0.5391 0.0236 0.0125
0 0.0833 0.5938 0.0278 0.0203
0 0.0139 0.7117 0.0264 0.0227
0 0.1875 0.7148 0.0708 0.0367
0 0.2014 0.5852 0.0597 0.0336
0 0.325 0.5805 0.0292 0.0203
0 0.4069 0.5883 0.0514 0.0266
0 0.5167 0.6547 0.0319 0.0148
0 0.5556 0.6812 0.0264 0.0172
0 0.3208 0.15 0.0389 0.0258
0 0.3778 0.0984 0.05 0.025
0 0.3431 0.1055 0.0222 0.0211
0 0.3958 0.1352 0.0444 0.0289
0 0.3639 0.1336 0.0222 0.0234
0 0.3306 0.2383 0.0319 0.0164
0 0.2611 0.2445 0.0097 0.0125
0 0.2944 0.2641 0.0306 0.0141
0 0.3903 0.2055 0.0139 0.0125
0 0.3639 0.2078 0.0236 0.0188
0 0.4403 0.2414 0.0319 0.0211
0 0.3 0.4242 0.0389 0.0227
0 0.2597 0.4531 0.0333 0.0188
0 0.2833 0.5023 0.0167 0.0172
0 0.6333 0.6523 0.0167 0.0156
0 0.6569 0.6547 0.0292 0.0141
0 0.6528 0.5938 0.0347 0.0172
0 0.8056 0.682 0.0347 0.0148
0 0.8014 0.6641 0.0361 0.0156
0 0.4333 0.0938 0.0306 0.0188
0 0.4917 0.1312 0.0375 0.0242
0 0.5056 0.1141 0.0222 0.018
0 0.5042 0.1438 0.0278 0.0203
0 0.5194 0.1641 0.0403 0.0258
0 0.5528 0.2375 0.0444 0.0297
0 0.5708 0.293 0.0514 0.0289
0 0.5181 0.3398 0.0444 0.0125
0 0.4889 0.3805 0.0333 0.0211
0 0.4569 0.3852 0.0347 0.0211
0 0.4389 0.4203 0.0444 0.0297
0 0.5236 0.4289 0.0361 0.0211
0 0.6653 0.357 0.05 0.0273
0 0.6944 0.3734 0.0347 0.0133
0 0.7236 0.4094 0.0319 0.0133
0 0.7458 0.4523 0.0264 0.0148
0 0.7944 0.6375 0.0319 0.0195
0 0.8736 0.6289 0.0542 0.0266
0 0.9819 0.6234 0.0319 0.0305
0 0.9792 0.6773 0.0236 0.0141
0 0.9361 0.5539 0.0236 0.0148
0 0.775 0.5547 0.0333 0.0242
0 0.8125 0.5633 0.0542 0.0234
0 0.9833 0.1648 0.0306 0.025
0 0.9875 0.2023 0.0194 0.0188
0 0.8736 0.1859 0.0417 0.0219
0 0.7528 0.2133 0.0236 0.0195
0 0.9361 0.2547 0.0278 0.0133
0 0.8681 0.2625 0.0389 0.0172
0 0.6972 0.2531 0.0375 0.0227
0 0.7319 0.257 0.0292 0.0219
0 0.7583 0.2664 0.0292 0.0148
0 0.725 0.2781 0.0306 0.0125
0 0.6681 0.2828 0.0264 0.0078
0 0.7944 0.3375 0.0333 0.0172
0 0.8139 0.4273 0.025 0.0094
0 0.8306 0.4344 0.0208 0.0141
0 0.8292 0.4555 0.0306 0.0141
0 0.8889 0.4438 0.0278 0.0141
0 0.8625 0.4516 0.0306 0.0203
0 0.9833 0.4242 0.0264 0.0148
0 0.9069 0.4719 0.0333 0.0102
0 0.7903 0.6125 0.0278 0.0242
0 0.8222 0.5992 0.025 0.0117
0 0.3306 0.1289 0.0319 0.0234
0 0.2264 0.2281 0.025 0.0109
0 0.8986 0.2156 0.025 0.0148
0 0.3375 0.4344 0.0306 0.0219
0 0.3819 0.4414 0.05 0.0219
0 0.1278 0.5422 0.0319 0.025
0 0.1556 0.5945 0.0375 0.0328
0 0.7431 0.7281 0.0264 0.018
0 0.9875 0.518 0.0208 0.0188
0 0.9917 0.4812 0.0139 0.0133
0 0.8861 0.407 0.0236 0.0125
0 0.8792 0.418 0.0181 0.0102
0 0.7667 0.3938 0.0292 0.0133
0 0.4458 0.3641 0.025 0.0148
0 0.375 0.3086 0.0222 0.0133
0 0.3806 0.1609 0.0333 0.0242
