0 0.4431 0.018 0.0556 0.032
0 0.4042 0.0234 0.0569 0.0391
0 0.3875 0.0516 0.0403 0.0305
0 0.3889 0.1078 0.0583 0.0344
0 0.4472 0.1117 0.0486 0.0266
0 0.5083 0.0953 0.0403 0.0289
0 0.5097 0.1508 0.0556 0.0289
0 0.4417 0.1539 0.0444 0.0336
0 0.4917 0.168 0.0264 0.0359
0 0.4333 0.1695 0.0444 0.025
0 0.3847 0.1695 0.0556 0.025
0 0.3958 0.2 0.0417 0.0227
0 0.6875 0.2312 0.0597 0.0281
0 0.7403 0.2453 0.0458 0.0234
0 0.3611 0.2836 0.0361 0.0234
0 0.2542 0.243 0.0306 0.0148
0 0.4194 0.3438 0.0431 0.025
0 0.2236 0.4055 0.0278 0.0125
0 0.0333 0.4141 0.0528 0.0234
0 0.0486 0.4352 0.0569 0.0312
0 0.1917 0.4781 0.0431 0.0234
0 0.3056 0.5195 0.0556 0.032
0 0.5347 0.5047 0.0597 0.0266
0 0.4917 0.4961 0.0458 0.0156
0 0.4542 0.5352 0.0431 0.0242
0 0.3417 0.5547 0.0458 0.032
0 0.3625 0.5773 0.05 0.025
0 0.3153 0.5883 0.0556 0.0422
0 0.2278 0.5789 0.0292 0.0195
0 0.6542 0.5391 0.0389 0.0188
0 0.6931 0.5727 0.0306 0.0164
0 0.5667 0.4141 0.0375 0.032
0 0.7 0.4906 0.0444 0.0164
0 0.0819 0.6836 0.0431 0.0219
0 0.4347 0.6523 0.0361 0.018
0 0.6722 0.7461 0.0542 0.0359
0 0.8403 0.8039 0.0556 0.0336
0 0.3806 0.0031 0.0306 0.007
0 0.3236 0.2438 0.0208 0.0281
0 0.4125 0.2805 0.0472 0.0398
0 0.0111 0.4586 0.0167 0.0109
0 0.7139 0.4523 0.0347 0.0188
0 0.9819 0.6445 0.0319 0.0289
