0 0.2417 0.0523 0.0264 0.0141
0 0.2903 0.0977 0.0486 0.0328
0 0.2431 0.1164 0.0236 0.025
0 0.1931 0.0844 0.0347 0.0242
0 0.3972 0.1062 0.0319 0.0195
0 0.4194 0.1039 0.0222 0.0227
0 0.3625 0.0852 0.0181 0.0109
0 0.1542 0.1328 0.0361 0.025
0 0.175 0.2312 0.0431 0.0227
0 0.1264 0.2062 0.025 0.0141
0 0.2514 0.207 0.0306 0.0242
0 0.1708 0.2945 0.0486 0.0211
0 0.1 0.3586 0.0569 0.0344
0 0.0958 0.3281 0.0306 0.025
0 0.0833 0.3883 0.0486 0.0258
0 0.0444 0.3852 0.0278 0.0164
0 0.3264 0.193 0.0347 0.0219
0 0.4236 0.1977 0.0389 0.0242
0 0.4014 0.2867 0.0361 0.0203
0 0.5167 0.2273 0.0389 0.0234
0 0.5028 0.3406 0.0458 0.0281
0 0.5569 0.3086 0.0333 0.0227
0 0.5889 0.3773 0.0389 0.0273
0 0.6069 0.3312 0.0431 0.0172
0 0.5889 0.3258 0.0264 0.0109
0 0.6847 0.2961 0.0333 0.0125
0 0.5556 0.4727 0.0375 0.0211
0 0.5278 0.4383 0.0472 0.0211
0 0.5722 0.4273 0.0403 0.0195
0 0.2125 0.3188 0.0264 0.0188
0 0.1542 0.2797 0.025 0.0164
0 0.2014 0.2414 0.0264 0.0141
0 0.1278 0.2203 0.0319 0.0164
0 0.1222 0.4641 0.0306 0.0125
0 0.4319 0.632 0.0361 0.0172
0 0.4306 0.6453 0.0375 0.0164
0 0.5431 0.4922 0.0389 0.0164
0 0.5764 0.5711 0.0347 0.0164
0 0.2097 0.5797 0.0292 0.0195
0 0.3722 0.5844 0.0403 0.0125
0 0.2903 0.5922 0.0181 0.0156
0 0.0431 0.4164 0.0333 0.007
0 0.7278 0.5883 0.0431 0.0227
0 0.6778 0.4844 0.05 0.0258
0 0.8792 0.5273 0.0514 0.025
0 0.8958 0.5445 0.0458 0.0188
0 0.8125 0.55 0.0347 0.018
0 0.7764 0.5516 0.0333 0.0148
0 0.7528 0.3555 0.0486 0.0242
0 0.7139 0.332 0.0236 0.0117
0 0.3653 0.6172 0.0194 0.0102
0 0.3694 0.6047 0.0181 0.007
0 0.8847 0.0203 0.0514 0.0328
0 0.9056 0.0133 0.0417 0.0258
0 0.9903 0.0242 0.0167 0.0273
0 0.9806 0.05 0.0347 0.0281
0 0.9403 0.5398 0.0181 0.0164
0 0.9097 0.4406 0.0181 0.0094
0 0.7 0.5227 0.0292 0.0141
0 0.5819 0.7734 0.0278 0.025
0 0.5681 0.7062 0.0306 0.0242
0 0.1819 0.007 0.0264 0.0125
0 0.4472 0.3008 0.0306 0.0141
0 0.3889 0.3797 0.0306 0.0141
0 0.9847 0.45 0.0264 0.0156
