0 0.0569 0.0578 0.0403 0.0266
0 0.0208 0.0594 0.0333 0.0227
0 0.0278 0.0141 0.0472 0.0273
0 0.0806 0.025 0.0444 0.0258
0 0.1069 0.0445 0.0375 0.0266
0 0.1472 0.1625 0.0486 0.025
0 0.1833 0.1633 0.0306 0.0219
0 0.55 0.0695 0.0417 0.0344
0 0.6306 0.0781 0.0528 0.0312
0 0.6222 0.1023 0.0431 0.0242
0 0.6931 0.1328 0.0375 0.0336
0 0.7181 0.2289 0.0375 0.0258
0 0.7111 0.2508 0.0472 0.0234
0 0.1833 0.2477 0.0403 0.0227
0 0.1 0.2445 0.0361 0.0188
0 0.1056 0.2234 0.0375 0.0156
0 0.0736 0.2461 0.0222 0.0102
0 0.0819 0.2633 0.0278 0.0227
0 0.0333 0.2562 0.0167 0.0227
0 0.2736 0.3453 0.0194 0.0188
0 0.8361 0.393 0.025 0.0305
0 0.8444 0.457 0.0444 0.0305
0 0.8889 0.457 0.0431 0.0281
0 0.2333 0.375 0.0444 0.0266
0 0.3208 0.407 0.0417 0.0258
0 0.2597 0.4602 0.0403 0.0203
0 0.3042 0.4523 0.0306 0.0172
0 0.2833 0.4938 0.0417 0.0211
0 0.4 0.5039 0.0361 0.018
0 0.5792 0.543 0.0431 0.0234
0 0.6028 0.5578 0.0361 0.0164
0 0.6681 0.5523 0.0153 0.0219
0 0.7736 0.5797 0.0472 0.0297
0 0.7597 0.7727 0.0681 0.0398
0 0.9736 0.6336 0.0403 0.025
0 0.9792 0.743 0.0264 0.0195
0 0.1653 0.6398 0.0389 0.0195
0 0.3278 0.5844 0.0292 0.018
0 0.0694 0.6242 0.0306 0.0219
0 0.0778 0.5961 0.0375 0.0164
0 0.1708 0.6555 0.0375 0.0172
0 0.7833 0.757 0.0403 0.0188
0 0.25 0.268 0.0306 0.0141
0 0.1597 0.3273 0.0292 0.0227
0 0.5306 0.0797 0.0264 0.0273
0 0.2542 0.4328 0.0208 0.0148
0 0.9444 0.7742 0.0264 0.025
0 0.5792 0.5672 0.0333 0.0203
0 0.4944 0.6094 0.0361 0.0109
0 0.6472 0.457 0.0125 0.0234
0 0.7042 0.4672 0.0444 0.018
