0 0.4736 0.3094 0.0528 0.0242
0 0.4264 0.3281 0.0361 0.0141
0 0.4681 0.3391 0.0611 0.0281
0 0.5347 0.3445 0.0528 0.0211
0 0.3889 0.393 0.0528 0.032
0 0.3806 0.4672 0.0403 0.0234
0 0.3625 0.5 0.0611 0.0297
0 0.6361 0.5984 0.0542 0.0336
0 0.4736 0.6055 0.0514 0.0234
0 0.5931 0.6703 0.0542 0.0312
0 0.4403 0.6789 0.0514 0.0289
0 0.6653 0.7289 0.0472 0.0273
0 0.3861 0.7594 0.0569 0.0352
0 0.2389 0.793 0.0597 0.0305
0 0.1931 0.9031 0.0514 0.0281
0 0.5806 0.9719 0.0347 0.0258
0 0.5903 0.8422 0.0472 0.0297
0 0.625 0.868 0.0389 0.0227
0 0.6736 0.875 0.0528 0.0242
0 0.5542 0.782 0.0458 0.0352
0 0.4806 0.8195 0.0431 0.0211
0 0.5653 0.8633 0.0181 0.0203
0 0.7028 0.6039 0.0403 0.0211
0 0.7444 0.6133 0.0403 0.0219
0 0.4583 0.6367 0.0389 0.0258
0 0.5083 0.65 0.0389 0.0188
0 0.675 0.675 0.0417 0.0234
0 0.6222 0.6961 0.0389 0.0258
0 0.4819 0.7023 0.0458 0.0258
0 0.6 0.7961 0.0597 0.032
0 0.0194 0.9312 0.0361 0.0266
0 0.9597 0.9477 0.0472 0.0273
0 0.7333 0.8945 0.0389 0.0188
0 0.4542 0.7922 0.0667 0.0328
0 0.4042 0.8234 0.0292 0.0203
