0 0.5361 0.0203 0.0694 0.0398
0 0.5125 0.0281 0.0431 0.0336
0 0.4444 0.1352 0.0542 0.0336
0 0.6194 0.1805 0.0722 0.043
0 0.5569 0.2109 0.0639 0.043
0 0.0292 0.1508 0.0569 0.0281
0 0.4194 0.1828 0.0611 0.0281
0 0.5778 0.2992 0.0528 0.0398
0 0.5625 0.2508 0.0292 0.0117
0 0.6278 0.2211 0.0556 0.0227
0 0.6431 0.2984 0.0444 0.025
0 0.6944 0.3094 0.0514 0.0383
0 0.7389 0.2836 0.05 0.0203
0 0.8875 0.4 0.0611 0.0281
0 0.3542 0.3289 0.0347 0.0102
0 0.3514 0.35 0.0389 0.018
0 0.3292 0.3641 0.0542 0.0273
0 0.3167 0.3906 0.05 0.0273
0 0.3153 0.4195 0.0625 0.0359
0 0.3903 0.3758 0.0319 0.0312
0 0.4056 0.4039 0.0514 0.0297
0 0.4417 0.4109 0.0417 0.0297
0 0.2931 0.4797 0.0236 0.0211
0 0.3583 0.4953 0.0639 0.0328
0 0.4389 0.507 0.0375 0.0219
0 0.4931 0.4992 0.0528 0.0242
0 0.4639 0.5273 0.0556 0.0297
0 0.7139 0.5094 0.0458 0.0344
0 0.3764 0.5812 0.0347 0.0195
0 0.3667 0.6945 0.0667 0.0352
0 0.5 0.6328 0.0389 0.0156
0 0.2014 0.9219 0.0583 0.0367
0 0.1208 0.9133 0.0389 0.0195
0 0.6278 0.2703 0.0417 0.0258
0 0.4903 0.6602 0.0458 0.0258
0 0.7236 0.6211 0.0292 0.0219
0 0.7986 0.5805 0.0528 0.0336
0 0.1 0.9656 0.0333 0.0219
0 0.0069 0.4984 0.0125 0.0297
