0 0.2639 0.5164 0.0097 0.0062
0 0.1889 0.5781 0.0264 0.0094
0 0.0389 0.632 0.0319 0.0094
0 0.2111 0.6227 0.025 0.0062
0 0.3069 0.6094 0.0125 0.0133
0 0.3625 0.6297 0.0181 0.0133
0 0.1611 0.6922 0.0111 0.0109
0 0.3486 0.6602 0.0264 0.0203
0 0.4778 0.6312 0.0264 0.0172
0 0.5458 0.6047 0.0264 0.018
0 0.5833 0.5898 0.0097 0.0102
0 0.4583 0.5758 0.0194 0.0141
0 0.4931 0.5359 0.0181 0.0117
0 0.4833 0.5133 0.0292 0.0172
0 0.5125 0.5109 0.0153 0.0039
0 0.5736 0.4836 0.0097 0.0047
0 0.4944 0.4867 0.0153 0.0094
0 0.8125 0.6117 0.0167 0.0055
0 0.8319 0.6219 0.0278 0.0148
0 0.7861 0.6141 0.0097 0.007
0 0.7833 0.6461 0.0181 0.0109
0 0.8083 0.6508 0.0181 0.0062
0 0.8458 0.6391 0.0125 0.0094
0 0.9208 0.6594 0.0153 0.0094
0 0.9694 0.6852 0.0125 0.0102
0 0.8944 0.5531 0.0139 0.0117
0 0.5958 0.4242 0.0153 0.0125
0 0.5653 0.3836 0.0139 0.0055
0 0.6153 0.3609 0.0181 0.0125
0 0.6819 0.3656 0.0333 0.0172
0 0.7556 0.3547 0.0278 0.0133
0 0.8708 0.3492 0.0153 0.0102
0 0.4958 0.3641 0.0236 0.0172
0 0.5264 0.3195 0.0208 0.0141
0 0.9014 0.3109 0.0167 0.007
0 0.8625 0.2195 0.0125 0.0086
0 0.8042 0.2156 0.0153 0.0172
0 0.8208 0.243 0.0139 0.0109
0 0.7889 0.2445 0.0264 0.0148
0 0.7833 0.1898 0.025 0.0141
0 0.7639 0.2273 0.0264 0.0148
0 0.7208 0.1695 0.0139 0.0078
0 0.6917 0.1758 0.0181 0.0195
0 0.6583 0.1531 0.0236 0.0125
0 0.6708 0.2023 0.0111 0.0117
0 0.7056 0.2141 0.0292 0.0148
0 0.6736 0.2188 0.0111 0.0125
0 0.6181 0.2266 0.0222 0.0188
0 0.6042 0.2086 0.0125 0.0086
0 0.5917 0.225 0.0222 0.0156
0 0.7236 0.2531 0.0083 0.0086
0 0.4139 0.3344 0.0222 0.0172
0 0.3764 0.3422 0.0222 0.0117
0 0.3986 0.3484 0.0278 0.0141
0 0.3778 0.325 0.0264 0.0188
0 0.5819 0.3227 0.0208 0.0109
0 0.5986 0.3172 0.0181 0.0141
0 0.5403 0.4102 0.0278 0.0188
0 0.625 0.4219 0.0222 0.0125
0 0.6736 0.3836 0.0236 0.018
0 0.6681 0.4234 0.0194 0.0102
0 0.4722 0.4773 0.0278 0.0125
0 0.0542 0.6594 0.0417 0.0258
0 0.2861 0.6656 0.0208 0.0133
0 0.3014 0.6695 0.0167 0.0117
0 0.1361 0.6555 0.0167 0.018
0 0.525 0.5938 0.0306 0.0125
0 0.4667 0.5578 0.0222 0.0125
0 0.8056 0.5312 0.0444 0.018
0 0.7167 0.5477 0.0333 0.0203
0 0.7792 0.5609 0.0222 0.0141
0 0.9819 0.5906 0.0236 0.0148
0 0.9069 0.6852 0.0278 0.0172
0 0.9278 0.6828 0.0181 0.0164
0 0.9278 0.6906 0.0278 0.0102
0 0.8389 0.7055 0.0208 0.0148
