0 0.0861 0.6102 0.0333 0.0195
0 0.0931 0.6297 0.0264 0.0297
0 0.0792 0.6391 0.0347 0.0219
0 0.2347 0.6398 0.0292 0.025
0 0.2694 0.6469 0.0389 0.0156
0 0.2792 0.5 0.0361 0.0242
0 0.0278 0.4047 0.0403 0.0188
0 0.0764 0.3578 0.0375 0.0266
0 0.5708 0.6297 0.0486 0.025
0 0.5444 0.5922 0.0444 0.025
0 0.5181 0.6062 0.0264 0.0109
0 0.7056 0.6766 0.0403 0.0227
0 0.3639 0.6141 0.0292 0.0117
0 0.2292 0.4906 0.0208 0.0203
0 0.1931 0.657 0.0139 0.0234
0 0.3875 0.6172 0.0125 0.0117
0 0.6347 0.6742 0.025 0.0141
