0 0.1806 0.2227 0.0472 0.0273
0 0.2028 0.2414 0.0514 0.0289
0 0.1569 0.2453 0.0431 0.0242
0 0.1833 0.3031 0.0486 0.0219
0 0.0819 0.4031 0.05 0.032
0 0.0556 0.4094 0.0222 0.0211
0 0.1444 0.4172 0.0458 0.0188
0 0.2361 0.4406 0.0569 0.0305
0 0.0278 0.493 0.0556 0.0305
0 0.0153 0.4984 0.0319 0.0258
0 0.1542 0.4945 0.0514 0.0273
0 0.1403 0.5102 0.0472 0.0172
0 0.2347 0.5289 0.0486 0.0281
0 0.2361 0.4766 0.025 0.0234
0 0.8972 0.4898 0.0375 0.0211
0 0.1528 0.6227 0.0514 0.0227
0 0.0625 0.0688 0.0333 0.0227
0 0.8569 0.5102 0.0472 0.0188
0 0.2056 0.418 0.0153 0.0117
0 0.0056 0.6219 0.0111 0.0188
