0 0.0306 0.05 0.0306 0.0125
0 0.0736 0.0508 0.0472 0.0211
0 0.0833 0.0875 0.0486 0.0297
0 0.0792 0.0664 0.0181 0.0109
0 0.0597 0.0852 0.0292 0.025
0 0.0417 0.093 0.0264 0.0164
0 0.0222 0.1359 0.0292 0.0156
0 0.0083 0.175 0.0153 0.0125
0 0.0583 0.1531 0.0222 0.0148
0 0.0403 0.1922 0.0208 0.0141
0 0.0986 0.1836 0.0333 0.0141
0 0.0736 0.2102 0.025 0.0125
0 0.2222 0.1906 0.0458 0.0281
0 0.1431 0.0523 0.0306 0.0172
0 0.1639 0.0656 0.0236 0.0156
0 0.2292 0.0711 0.0278 0.025
0 0.2 0.0719 0.0319 0.0102
0 0.2069 0.0898 0.0389 0.025
0 0.2333 0.0969 0.025 0.0227
0 0.2472 0.118 0.0375 0.025
0 0.0458 0.3617 0.0431 0.0281
0 0.0778 0.3305 0.0472 0.0258
0 0.1069 0.3297 0.025 0.018
0 0.1611 0.3883 0.0417 0.0273
0 0.1931 0.3758 0.0486 0.0227
0 0.0389 0.5219 0.0472 0.0242
0 0.1444 0.4695 0.0333 0.0141
0 0.275 0.3539 0.0319 0.0156
0 0.1778 0.2953 0.0417 0.0258
0 0.2403 0.2484 0.0514 0.025
0 0.3333 0.2391 0.0278 0.0164
0 0.3431 0.3117 0.0486 0.0266
0 0.3806 0.3273 0.0319 0.0141
0 0.4028 0.3508 0.0278 0.0195
0 0.2778 0.5945 0.0278 0.0133
0 0.3167 0.6227 0.0306 0.0164
0 0.4139 0.6 0.0306 0.0164
0 0.4278 0.5562 0.0444 0.0227
0 0.4389 0.5797 0.0347 0.0195
0 0.4556 0.5109 0.05 0.0227
0 0.4347 0.5008 0.0194 0.0141
0 0.4792 0.5453 0.0181 0.0133
0 0.5014 0.5734 0.0472 0.0242
0 0.4764 0.6695 0.0181 0.0133
0 0.5389 0.6297 0.0292 0.0172
0 0.5292 0.6117 0.0375 0.0156
0 0.4875 0.5953 0.0264 0.0125
0 0.5972 0.5703 0.0514 0.0289
0 0.6778 0.543 0.0361 0.0289
0 0.6611 0.582 0.0222 0.0156
0 0.7542 0.5992 0.0444 0.0258
0 0.7389 0.6312 0.0583 0.032
0 0.7819 0.6875 0.0486 0.0242
0 0.8458 0.643 0.025 0.0219
0 0.8194 0.5578 0.0583 0.032
0 0.7139 0.4742 0.0431 0.0219
0 0.7819 0.4805 0.05 0.0227
0 0.8806 0.5312 0.0375 0.0219
0 0.8736 0.475 0.0264 0.0117
0 0.9375 0.4531 0.05 0.0281
0 0.9417 0.4789 0.0375 0.0188
0 0.9833 0.4922 0.0306 0.0266
0 0.6222 0.4555 0.0236 0.0078
0 0.8625 0.407 0.0264 0.0141
0 0.925 0.4008 0.0278 0.0102
0 0.9333 0.3391 0.0292 0.0156
0 0.4889 0.3664 0.0306 0.0156
0 0.5153 0.4094 0.0208 0.0117
0 0.6278 0.3859 0.0222 0.0109
0 0.3597 0.2078 0.0292 0.0164
0 0.3944 0.2211 0.0264 0.0203
0 0.4403 0.2133 0.0347 0.0203
0 0.4153 0.2461 0.0264 0.0141
0 0.4125 0.2609 0.0306 0.0109
0 0.4681 0.2383 0.0361 0.0195
0 0.4778 0.2133 0.0333 0.0188
0 0.5 0.2273 0.0278 0.0195
0 0.525 0.2969 0.0333 0.0156
0 0.5278 0.3477 0.0222 0.0141
0 0.5653 0.3555 0.0222 0.0117
0 0.6361 0.4156 0.0278 0.0141
0 0.6681 0.4117 0.0306 0.0133
0 0.6931 0.4062 0.0194 0.0141
0 0.6222 0.2391 0.0278 0.0172
0 0.5861 0.225 0.0347 0.0148
0 0.4986 0.1734 0.0181 0.0133
0 0.5986 0.15 0.0375 0.0203
0 0.6264 0.1766 0.0264 0.0172
0 0.6986 0.2203 0.0278 0.0156
0 0.775 0.2266 0.0333 0.0188
0 0.6889 0.1328 0.0403 0.0258
0 0.7 0.1711 0.0403 0.0227
0 0.7458 0.1906 0.0347 0.0219
0 0.7736 0.2031 0.0292 0.0164
0 0.8194 0.2109 0.0403 0.0203
0 0.7986 0.1922 0.0389 0.0148
0 0.8069 0.1734 0.0361 0.0258
0 0.8389 0.182 0.0264 0.018
0 0.8681 0.1977 0.0375 0.0195
0 0.8903 0.1719 0.0375 0.0211
0 0.9361 0.1516 0.0375 0.0227
0 0.9417 0.1711 0.0222 0.018
0 0.9708 0.1602 0.0389 0.0188
0 0.9722 0.2406 0.0278 0.0102
0 0.9681 0.2711 0.0417 0.025
0 0.9931 0.2641 0.0083 0.0211
0 0.7 0.3766 0.0153 0.0086
0 0.7222 0.3812 0.0208 0.0086
0 0.725 0.3727 0.0194 0.0102
0 0.8972 0.5773 0.0181 0.0109
0 0.925 0.5734 0.0153 0.0094
0 0.2111 0.3289 0.0194 0.0086
0 0.1306 0.3055 0.0306 0.0281
0 0.1694 0.1219 0.0319 0.0219
0 0.8931 0.2992 0.025 0.0188
0 0.6403 0.3977 0.0319 0.0109
0 0.5736 0.3648 0.025 0.0125
0 0.6375 0.5125 0.0167 0.0086
0 0.0472 0.382 0.0569 0.0203
