0 0.3375 0.132 0.0417 0.0273
0 0.3556 0.1133 0.0333 0.0188
0 0.4403 0.1141 0.0361 0.018
0 0.5194 0.2609 0.0403 0.025
0 0.5417 0.2766 0.0444 0.0258
0 0.4444 0.4219 0.0486 0.0297
0 0.5014 0.4352 0.0306 0.0102
0 0.5528 0.4383 0.0389 0.0195
0 0.6167 0.4523 0.0458 0.0289
0 0.5861 0.493 0.0278 0.0219
0 0.5792 0.5398 0.0472 0.0273
0 0.5042 0.5078 0.0444 0.0234
0 0.4764 0.5227 0.025 0.0188
0 0.3889 0.5062 0.0486 0.0281
0 0.3611 0.5141 0.0361 0.0172
0 0.4931 0.6312 0.0431 0.0203
0 0.3472 0.6195 0.0514 0.0242
0 0.1694 0.6062 0.0528 0.025
0 0.1875 0.5742 0.0292 0.0242
0 0.2056 0.5375 0.0319 0.0297
0 0.0958 0.4414 0.0306 0.0188
0 0.5 0.2727 0.0319 0.0188
0 0.1181 0.4523 0.025 0.0211
