0 0.5528 0.1766 0.0458 0.0305
0 0.9014 0.3031 0.0319 0.0211
0 0.4792 0.3055 0.0444 0.0211
0 0.5056 0.4133 0.0625 0.0242
0 0.2875 0.4008 0.0389 0.0258
0 0.2306 0.357 0.0611 0.0305
0 0.5042 0.507 0.0542 0.0203
0 0.4875 0.5516 0.0514 0.032
0 0.6264 0.5555 0.0417 0.0156
0 0.7875 0.5781 0.0486 0.0203
0 0.5722 0.6148 0.0264 0.0133
0 0.5111 0.6305 0.0278 0.0211
0 0.0708 0.6094 0.0333 0.0188
0 0.0792 0.6352 0.0264 0.0148
0 0.4361 0.6961 0.0597 0.0305
0 0.6444 0.6898 0.0472 0.0195
0 0.7097 0.6906 0.05 0.0203
0 0.7069 0.6633 0.0333 0.0148
0 0.2319 0.3867 0.0264 0.0281
0 0.2139 0.4156 0.0333 0.0148
0 0.0611 0.4727 0.0264 0.018
0 0.0167 0.3562 0.0333 0.0133
0 0.2278 0.7094 0.0306 0.0219
0 0.7569 0.5844 0.0347 0.0133
