0 0.3986 0.3398 0.0528 0.0234
0 0.3972 0.368 0.0292 0.0258
0 0.4556 0.3742 0.0528 0.0281
0 0.3083 0.4281 0.0486 0.0266
0 0.3028 0.4945 0.0347 0.0234
0 0.2819 0.5297 0.0458 0.0297
0 0.5653 0.6281 0.0542 0.0305
0 0.4097 0.6305 0.0583 0.0273
0 0.5222 0.693 0.0569 0.0219
0 0.5917 0.7594 0.0417 0.0297
0 0.3861 0.7133 0.0611 0.0312
0 0.3097 0.7953 0.0542 0.0344
0 0.1556 0.8367 0.05 0.0297
0 0.4847 0.8094 0.0472 0.0359
0 0.5306 0.8266 0.05 0.0203
0 0.5139 0.8734 0.0403 0.032
0 0.5528 0.9023 0.0292 0.0242
0 0.6028 0.9094 0.0667 0.018
0 0.7056 0.7555 0.0361 0.0164
0 0.4236 0.8547 0.0542 0.0242
0 0.4139 0.832 0.0514 0.0227
0 0.4125 0.732 0.0625 0.0242
0 0.6431 0.7508 0.0306 0.018
0 0.6903 0.6375 0.0389 0.0156
0 0.4444 0.6773 0.0458 0.0188
0 0.3597 0.3539 0.025 0.0133
0 0.6444 0.6305 0.0486 0.0188
0 0.6069 0.7062 0.0403 0.0203
0 0.3972 0.6695 0.0389 0.0203
0 0.5639 0.7203 0.0417 0.0203
0 0.1083 0.95 0.0556 0.0297
0 0.6639 0.9289 0.0319 0.0234
0 0.9014 0.9797 0.0444 0.0266
0 0.9611 0.9812 0.0194 0.018
