0 0.45 0.118 0.0569 0.0281
0 0.4 0.1305 0.0292 0.0156
0 0.4444 0.1523 0.0708 0.0312
0 0.525 0.1562 0.0542 0.025
0 0.3708 0.2133 0.0528 0.0336
0 0.3472 0.2961 0.0319 0.0273
0 0.3222 0.3344 0.0542 0.0344
0 0.6458 0.4414 0.0542 0.0328
0 0.7264 0.4586 0.0347 0.0164
0 0.4417 0.4398 0.0333 0.0148
0 0.4375 0.4805 0.0458 0.0242
0 0.4875 0.4938 0.0292 0.0172
0 0.4375 0.5141 0.0306 0.0219
0 0.4194 0.5242 0.0319 0.025
0 0.6 0.5117 0.0625 0.0336
0 0.6764 0.5711 0.05 0.0344
0 0.375 0.6 0.0639 0.0312
0 0.2194 0.6391 0.0542 0.0273
0 0.5528 0.6188 0.0556 0.0328
0 0.6 0.6328 0.0625 0.025
0 0.6125 0.6586 0.0153 0.0266
0 0.5833 0.6805 0.0403 0.0273
0 0.625 0.7047 0.0375 0.0195
0 0.675 0.7133 0.0597 0.0234
0 0.5653 0.7016 0.0181 0.025
0 0.1792 0.7445 0.0542 0.0305
0 0.4278 0.6406 0.0431 0.0234
0 0.4569 0.6617 0.0472 0.0195
0 0.4361 0.3359 0.0292 0.0141
0 0.3611 0.3383 0.0264 0.0141
0 0.6014 0.2922 0.0347 0.0227
0 0.4625 0.4492 0.0333 0.0117
0 0.4583 0.4781 0.025 0.0164
0 0.4694 0.5461 0.0528 0.0305
0 0.6181 0.5391 0.0528 0.0203
0 0.6667 0.5258 0.0389 0.0203
0 0.6931 0.4469 0.0472 0.0258
0 0.7542 0.4734 0.0319 0.0141
0 0.7708 0.5641 0.0333 0.018
0 0.7292 0.5711 0.0292 0.0172
0 0.0153 0.7789 0.0292 0.025
0 0.3889 0.668 0.0319 0.0172
0 0.6319 0.5906 0.0278 0.0164
0 0.7375 0.7344 0.0375 0.0203
0 0.5903 0.8125 0.0319 0.0328
0 0.6306 0.8227 0.0583 0.0375
0 0.7792 0.8234 0.0403 0.025
0 0.9556 0.7891 0.0514 0.0281
