0 0.8014 0.1102 0.0403 0.0242
0 0.9597 0.1078 0.05 0.0273
0 0.7833 0.1586 0.0417 0.025
0 0.8417 0.1477 0.0375 0.0203
0 0.9097 0.1891 0.0347 0.0258
0 0.8708 0.1945 0.0431 0.032
0 0.9181 0.2258 0.0417 0.0227
0 0.5583 0.2102 0.0375 0.0258
0 0.7486 0.1789 0.0458 0.0234
0 0.8444 0.2203 0.0431 0.0242
0 0.8083 0.2148 0.0264 0.0203
0 0.7792 0.257 0.0333 0.0227
0 0.7069 0.3203 0.0403 0.0227
0 0.6111 0.4875 0.0361 0.0211
0 0.6153 0.4508 0.0458 0.0242
0 0.5639 0.5289 0.0375 0.0258
0 0.5153 0.5031 0.0403 0.0219
0 0.2472 0.4984 0.0375 0.0156
0 0.2528 0.468 0.0403 0.0211
0 0.0792 0.4867 0.0347 0.0203
0 0.9347 0.2539 0.0389 0.0203
0 0.3764 0.4789 0.0333 0.018
0 0.2389 0.3328 0.0292 0.0164
0 0.9139 0.118 0.0403 0.0211
0 0.9667 0.2656 0.0361 0.0219
0 0.5236 0.2102 0.0264 0.0188
0 0.8486 0.175 0.0347 0.0203
0 0.7681 0.4844 0.0431 0.0203
0 0.8069 0.5469 0.0306 0.0195
0 0.5472 0.5078 0.0264 0.0234
0 0.0153 0.343 0.025 0.0172
0 0.6653 0.3188 0.0361 0.0188
0 0.9347 0.0898 0.0431 0.0242
0 0.9903 0.157 0.0167 0.0203
0 0.8083 0.1727 0.0319 0.0203
0 0.7542 0.2133 0.0208 0.0133
0 0.7819 0.2117 0.0125 0.0109
0 0.8125 0.2008 0.0194 0.0148
0 0.9875 0.2031 0.0208 0.0172
0 0.9917 0.1891 0.0125 0.0102
0 0.9722 0.2492 0.0306 0.0195
0 0.9861 0.2344 0.0236 0.0242
0 0.9347 0.2766 0.0333 0.0219
0 0.7889 0.3547 0.0264 0.0188
0 0.9 0.4109 0.0361 0.0219
0 0.9903 0.3758 0.0167 0.0242
0 0.1944 0.3242 0.0222 0.0141
0 0.0639 0.3445 0.0306 0.0148
0 0.6167 0.3117 0.0319 0.0188
0 0.5861 0.3203 0.0306 0.0188
0 0.7778 0.3273 0.0375 0.0242
0 0.7347 0.4555 0.0181 0.0133
0 0.7472 0.4742 0.0417 0.0172
0 0.8306 0.5195 0.0333 0.0133
0 0.8444 0.5594 0.0333 0.0219
0 0.8292 0.5828 0.0264 0.0094
0 0.2306 0.4812 0.0264 0.0172
0 0.2694 0.4781 0.0222 0.0133
0 0.3097 0.4055 0.0278 0.0141
0 0.0542 0.3906 0.0444 0.0203
0 0.0361 0.375 0.0167 0.007
0 0.0264 0.475 0.0319 0.0188
