0 0.1972 0.6125 0.025 0.0195
0 0.2764 0.5 0.0319 0.0141
0 0.1583 0.4602 0.0597 0.0273
0 0.2153 0.4625 0.0486 0.0258
0 0.0194 0.382 0.0403 0.0281
0 0.0056 0.4055 0.0125 0.018
0 0.1403 0.3531 0.0458 0.0188
0 0.2097 0.3578 0.0444 0.0242
0 0.2486 0.3305 0.0542 0.0328
0 0.2847 0.3484 0.0431 0.0156
0 0.2778 0.3148 0.0333 0.0211
0 0.1917 0.2844 0.0542 0.0195
0 0.0264 0.268 0.0417 0.0242
0 0.2042 0.2633 0.0347 0.0172
0 0.2819 0.2031 0.0375 0.025
0 0.8181 0.2 0.0375 0.0258
0 0.8583 0.2109 0.05 0.0297
0 0.8167 0.1258 0.0389 0.0211
0 0.0306 0.2016 0.0625 0.0336
0 0.0403 0.1539 0.0514 0.0258
0 0.0556 0.1734 0.0361 0.0125
0 0.0181 0.1711 0.0306 0.0141
0 0.1875 0.1539 0.0472 0.025
0 0.0833 0.043 0.0486 0.0289
0 0.7208 0.0469 0.05 0.0336
0 0.6819 0.0633 0.0458 0.0242
0 0.6347 0.0672 0.0444 0.025
0 0.2972 0.3945 0.0375 0.0102
0 0.2194 0.482 0.0153 0.0102
0 0.2681 0.2945 0.0306 0.0227
0 0.6444 0.0352 0.0569 0.0188
0 0.7083 0.1031 0.0403 0.032
0 0.1972 0.3047 0.0139 0.0141
0 0.1708 0.4359 0.025 0.0148
0 0.1972 0.5938 0.0236 0.0125
0 0.1472 0.5484 0.0181 0.0125
0 0.4083 0.7312 0.0431 0.0289
0 0.5722 0.6922 0.0417 0.0289
0 0.8583 0.4484 0.0556 0.0281
