0 0.8319 0.068 0.1042 0.068
0 0.9181 0.0758 0.0806 0.0688
0 0.6819 0.0352 0.0444 0.0234
0 0.6361 0.0047 0.0333 0.0102
0 0.5597 0.0188 0.0583 0.0367
0 0.4125 0.0055 0.0611 0.0094
0 0.4028 0.0195 0.0583 0.025
0 0.4514 0.0578 0.0611 0.032
0 0.6014 0.0805 0.0611 0.0375
0 0.5556 0.1016 0.0389 0.0336
0 0.4528 0.0844 0.0417 0.0227
0 0.4069 0.0867 0.025 0.0273
0 0.2958 0.0586 0.0403 0.0148
0 0.2319 0.05 0.0528 0.0336
0 0.1875 0.0688 0.0319 0.0148
0 0.2264 0.0922 0.0514 0.032
0 0.0278 0.093 0.0569 0.0422
0 0.0319 0.1867 0.0542 0.0344
0 0.0347 0.1336 0.0347 0.0195
0 0.1042 0.2359 0.0625 0.0375
0 0.0542 0.243 0.0569 0.0375
0 0.1931 0.2156 0.0694 0.0414
0 0.2847 0.1664 0.0583 0.0312
0 0.3208 0.1258 0.0403 0.0234
0 0.3639 0.0867 0.0583 0.0328
0 0.6236 0.118 0.0569 0.0383
0 0.6694 0.2047 0.0375 0.0164
0 0.7403 0.207 0.0361 0.0258
0 0.8903 0.3 0.0889 0.0508
0 0.5542 0.2734 0.0764 0.0461
0 0.4236 0.232 0.0736 0.0359
0 0.3889 0.1516 0.0389 0.0242
0 0.3486 0.1711 0.0694 0.0344
0 0.3347 0.2422 0.0667 0.0391
0 0.1958 0.2516 0.05 0.0281
0 0.1431 0.2695 0.0347 0.0219
0 0.2625 0.2867 0.0486 0.0312
0 0.4875 0.2969 0.075 0.0406
0 0.4347 0.2891 0.0389 0.0242
0 0.6083 0.3336 0.0875 0.0516
0 0.5542 0.3305 0.0264 0.0133
0 0.7972 0.3148 0.0569 0.0188
0 0.8014 0.2289 0.0361 0.0273
0 0.9417 0.3328 0.0514 0.0258
0 0.9806 0.3367 0.0361 0.0281
0 0.7139 0.3617 0.0764 0.0461
0 0.7347 0.4047 0.0653 0.0414
0 0.5611 0.3773 0.0667 0.0477
0 0.5264 0.5203 0.0653 0.0367
0 0.6389 0.4773 0.0569 0.0312
0 0.6431 0.4352 0.0611 0.0273
0 0.8347 0.4633 0.0667 0.0344
0 0.8778 0.5297 0.0514 0.0289
0 0.9181 0.5367 0.0569 0.0273
0 0.8208 0.5484 0.0431 0.0234
0 0.6903 0.5289 0.0486 0.0297
0 0.7556 0.518 0.0306 0.0227
0 0.6694 0.5477 0.0583 0.0297
0 0.6861 0.5945 0.0333 0.0227
0 0.4931 0.6523 0.0472 0.0289
0 0.4375 0.6578 0.0556 0.0383
0 0.3889 0.5859 0.0556 0.025
0 0.4472 0.5305 0.0458 0.0211
0 0.55 0.4648 0.0333 0.0102
0 0.4111 0.4258 0.0431 0.0188
0 0.4847 0.8562 0.0569 0.0391
0 0.5347 0.8477 0.0556 0.0352
0 0.1931 0.7758 0.0569 0.0344
0 0.0931 0.8078 0.0514 0.0344
0 0.0389 0.8094 0.0764 0.0508
0 0.0708 0.5289 0.0458 0.0242
0 0.1875 0.3062 0.0431 0.0281
0 0.0861 0.0953 0.0458 0.0242
0 0.1347 0.1133 0.0181 0.0156
0 0.2444 0.2164 0.0236 0.0188
