0 0.4431 0.2062 0.025 0.0141
0 0.5042 0.2031 0.0125 0.0102
0 0.4597 0.2562 0.0167 0.0117
0 0.5583 0.2422 0.0208 0.0133
0 0.4944 0.2688 0.0292 0.0156
0 0.4639 0.2742 0.0181 0.0141
0 0.3958 0.2641 0.0125 0.0102
0 0.3944 0.2805 0.0514 0.0164
0 0.5486 0.2805 0.0264 0.0148
0 0.6375 0.2727 0.0167 0.0117
0 0.5736 0.2992 0.025 0.0164
0 0.6014 0.2953 0.0236 0.0125
0 0.6583 0.3516 0.0153 0.0109
0 0.6792 0.3703 0.0194 0.0141
0 0.5208 0.3117 0.0111 0.0125
0 0.3194 0.3758 0.0292 0.0148
0 0.1764 0.3844 0.0194 0.0094
0 0.1792 0.3945 0.0181 0.0102
0 0.1375 0.4039 0.0236 0.0102
0 0.2722 0.4227 0.0264 0.018
0 0.3903 0.4195 0.0208 0.0141
0 0.4819 0.4148 0.0153 0.0109
0 0.3667 0.4422 0.0222 0.0094
0 0.2431 0.5398 0.0125 0.0094
0 0.2597 0.5547 0.0097 0.0086
0 0.2361 0.5828 0.0181 0.0062
0 0.0681 0.7156 0.0347 0.0148
0 0.0472 0.7484 0.0319 0.0227
0 0.4347 0.6188 0.0236 0.0266
0 0.4847 0.6234 0.0278 0.0125
0 0.5069 0.6289 0.0083 0.0109
0 0.5514 0.6008 0.0222 0.0156
0 0.5292 0.6328 0.0181 0.0148
0 0.6833 0.6211 0.0181 0.0141
0 0.5917 0.5695 0.0222 0.0133
0 0.4903 0.5609 0.0139 0.0062
0 0.3306 0.4875 0.0319 0.0102
0 0.3569 0.4797 0.0194 0.0102
0 0.6861 0.4523 0.0194 0.0094
0 0.7458 0.4492 0.0153 0.0078
0 0.6097 0.6953 0.0292 0.0148
0 0.5958 0.6828 0.0181 0.0055
0 0.5667 0.7211 0.0167 0.0141
0 0.5889 0.7266 0.0194 0.0094
0 0.6222 0.7133 0.0181 0.0133
0 0.7708 0.757 0.0167 0.0148
0 0.8347 0.6805 0.025 0.0109
0 0.7889 0.6562 0.0139 0.0094
0 0.8083 0.6305 0.0097 0.007
0 0.9958 0.3938 0.0056 0.0047
0 0.3958 0.3352 0.0139 0.0078
0 0.5403 0.3273 0.0125 0.0102
0 0.3431 0.4664 0.0125 0.0094
0 0.7306 0.4758 0.0125 0.007
0 0.0208 0.693 0.0153 0.0086
0 0.1639 0.4094 0.0319 0.018
0 0.475 0.2875 0.0264 0.0156
0 0.475 0.2336 0.0139 0.0109
0 0.575 0.2656 0.0153 0.0141
0 0.5903 0.275 0.0236 0.0125
0 0.6014 0.4039 0.025 0.0117
0 0.0722 0.575 0.0139 0.0102
0 0.2417 0.6734 0.0389 0.018
0 0.7194 0.7312 0.025 0.0148
0 0.7208 0.7594 0.0361 0.0188
0 0.7125 0.7672 0.0306 0.0117
0 0.6736 0.7766 0.025 0.0164
0 0.8861 0.7688 0.0319 0.0156
0 0.7222 0.7883 0.0333 0.0195
0 0.6542 0.732 0.0361 0.0141
0 0.5958 0.4664 0.0431 0.018
0 0.5819 0.4547 0.0194 0.0164
0 0.5583 0.5141 0.0236 0.0133
0 0.3181 0.5945 0.0167 0.0141
0 0.2597 0.6859 0.0278 0.0117
0 0.3014 0.6625 0.0319 0.0164
