0 0.7917 0.5719 0.0486 0.025
0 0.4722 0.4711 0.0431 0.0227
0 0.4597 0.4883 0.0333 0.0195
0 0.4 0.6555 0.0417 0.0234
0 0.8736 0.3594 0.0458 0.0234
0 0.9639 0.3875 0.0486 0.0266
0 0.8097 0.4031 0.0333 0.018
0 0.1903 0.4453 0.0389 0.0211
0 0.1931 0.4711 0.0347 0.018
0 0.2222 0.475 0.0278 0.0148
0 0.3542 0.3062 0.05 0.0227
0 0.4347 0.2094 0.0472 0.0281
0 0.5875 0.2164 0.0444 0.0289
0 0.6125 0.2344 0.0458 0.0289
0 0.5125 0.2539 0.0292 0.018
0 0.5472 0.257 0.0361 0.025
0 0.5333 0.2773 0.0403 0.0188
0 0.5653 0.2711 0.0347 0.0211
0 0.725 0.1109 0.0417 0.0242
0 0.6861 0.1555 0.0403 0.0242
0 0.7292 0.1562 0.0375 0.0203
0 0.8153 0.1992 0.0458 0.0227
0 0.7556 0.2328 0.0444 0.0234
0 0.8667 0.2414 0.0389 0.025
0 0.8236 0.257 0.0306 0.0219
0 0.8847 0.2977 0.0306 0.018
0 0.9153 0.3516 0.0403 0.0258
0 0.9639 0.343 0.0431 0.0305
0 0.8542 0.2898 0.0431 0.0234
0 0.6389 0.268 0.0431 0.0242
0 0.2847 0.3102 0.0389 0.0266
0 0.5069 0.5383 0.05 0.0234
0 0.4722 0.3688 0.0319 0.0219
0 0.4403 0.3492 0.0528 0.0227
0 0.2264 0.4164 0.0333 0.0148
0 0.4694 0.5758 0.0333 0.0156
0 0.2306 0.3836 0.0319 0.0227
0 0.2444 0.3234 0.0417 0.0172
0 0.5986 0.2523 0.0278 0.0148
0 0.4792 0.1641 0.0319 0.0219
0 0.4667 0.1859 0.0292 0.0273
0 0.4819 0.1891 0.0264 0.0227
0 0.7278 0.2086 0.0153 0.0094
0 0.7542 0.1469 0.0431 0.0203
0 0.8042 0.0766 0.0403 0.0219
0 0.575 0.2562 0.0222 0.0148
0 0.8278 0.2953 0.0264 0.0203
0 0.9903 0.3578 0.0167 0.0164
0 0.8597 0.3414 0.0444 0.0234
0 0.8861 0.3266 0.0347 0.0094
0 0.875 0.3906 0.0417 0.0203
0 0.9306 0.4258 0.0486 0.0156
0 0.2861 0.2953 0.0375 0.0156
0 0.3375 0.3305 0.0417 0.0188
0 0.3861 0.3297 0.0264 0.025
0 0.3208 0.3641 0.0264 0.0195
0 0.2764 0.3703 0.0319 0.0125
0 0.1847 0.3953 0.0264 0.0141
0 0.4958 0.3633 0.0431 0.018
0 0.5361 0.3547 0.0333 0.0148
0 0.4625 0.4375 0.0361 0.0156
0 0.4986 0.4375 0.0389 0.0211
0 0.4014 0.4945 0.0306 0.0156
0 0.0389 0.3961 0.025 0.0117
0 0.0278 0.4117 0.0264 0.018
0 0.0069 0.4008 0.0111 0.0141
0 0.9 0.5203 0.0417 0.0266
0 0.2875 0.6078 0.0222 0.0227
0 0.2792 0.5641 0.0292 0.025
0 0.8111 0.6508 0.0292 0.0062
0 0.8056 0.6773 0.0639 0.0281
0 0.8597 0.6758 0.0486 0.032
0 0.2264 0.4609 0.0306 0.0156
0 0.5639 0.4852 0.0306 0.0117
