0 0.4403 0.0117 0.0583 0.0219
0 0.4819 0.0078 0.0403 0.0141
0 0.4125 0.0312 0.0431 0.0336
0 0.4236 0.0648 0.0542 0.0258
0 0.5583 0.0258 0.0583 0.0414
0 0.6028 0.0375 0.0292 0.0273
0 0.6833 0.0273 0.0611 0.0406
0 0.5014 0.0969 0.0403 0.0273
0 0.425 0.1117 0.0444 0.025
0 0.4819 0.1492 0.0569 0.0289
0 0.6722 0.1117 0.0486 0.0312
0 0.7236 0.175 0.0514 0.025
0 0.7708 0.1789 0.0417 0.0242
0 0.3278 0.1867 0.0667 0.0398
0 0.2708 0.1922 0.0597 0.0406
0 0.0181 0.2094 0.0375 0.0367
0 0.4875 0.1859 0.0403 0.0195
0 0.4972 0.218 0.0431 0.0211
0 0.5486 0.2398 0.0417 0.0227
0 0.7069 0.2086 0.0264 0.0234
0 0.6931 0.2664 0.0514 0.0258
0 0.6861 0.2969 0.0417 0.0258
0 0.6278 0.3 0.0431 0.0352
0 0.5083 0.2891 0.0333 0.0148
0 0.4875 0.2625 0.0514 0.0281
0 0.4625 0.2891 0.0208 0.0188
0 0.4347 0.3 0.0319 0.0195
0 0.3236 0.3297 0.0389 0.0406
0 0.2764 0.3344 0.0667 0.0398
0 0.1389 0.2797 0.0778 0.0383
0 0.175 0.3016 0.0583 0.0211
0 0.1083 0.3094 0.0333 0.025
0 0.3583 0.4117 0.0347 0.0234
0 0.6111 0.3625 0.0333 0.0172
0 0.8042 0.4812 0.0486 0.0266
0 0.8722 0.3859 0.0347 0.0148
0 0.6083 0.4781 0.0194 0.0148
0 0.3653 0.5234 0.0431 0.0297
0 0.5931 0.5805 0.0347 0.0219
0 0.5569 0.5609 0.0319 0.0211
0 0.3903 0.3109 0.0389 0.0188
0 0.7167 0.5164 0.0347 0.0211
0 0.7833 0.4867 0.0333 0.0242
0 0.9569 0.4688 0.0319 0.0188
0 0.7611 0.3203 0.0306 0.0211
0 0.7264 0.3203 0.0208 0.0211
