0 0.6667 0.6086 0.0444 0.0312
0 0.7208 0.6055 0.0361 0.018
0 0.7528 0.6195 0.0528 0.0289
0 0.7958 0.6328 0.0417 0.0266
0 0.7431 0.6633 0.0431 0.0227
0 0.5958 0.6719 0.0333 0.018
0 0.6403 0.7461 0.0361 0.0219
0 0.6778 0.7641 0.0472 0.0211
0 0.7625 0.7625 0.0278 0.0305
0 0.7222 0.8078 0.0361 0.0211
0 0.525 0.8234 0.0472 0.0328
0 0.5958 0.7523 0.0292 0.0164
0 0.8319 0.8797 0.0486 0.0281
0 0.9528 0.9344 0.0417 0.0258
0 0.9264 0.8305 0.0458 0.025
0 0.8486 0.7711 0.0319 0.0148
0 0.1028 0.8703 0.0528 0.0242
0 0.1958 0.8305 0.0625 0.0367
0 0.1792 0.7883 0.0347 0.0188
0 0.25 0.7469 0.0319 0.0141
0 0.0264 0.7656 0.05 0.0328
0 0.0944 0.5828 0.0403 0.0211
0 0.0264 0.6117 0.0472 0.0312
0 0.0278 0.6773 0.05 0.0266
0 0.0819 0.6094 0.0611 0.0203
0 0.1069 0.5391 0.0431 0.0258
0 0.1542 0.5625 0.0583 0.0289
0 0.1833 0.5766 0.0417 0.0273
0 0.2111 0.5953 0.0375 0.0164
0 0.2486 0.5969 0.0375 0.018
