0 0.4597 0.407 0.0444 0.025
0 0.5014 0.4133 0.0458 0.025
0 0.4556 0.3914 0.0306 0.0117
0 0.5431 0.3914 0.0431 0.025
0 0.5931 0.3898 0.0486 0.032
0 0.4639 0.5281 0.0389 0.0242
0 0.5986 0.493 0.0458 0.0203
0 0.7569 0.5344 0.0472 0.0227
0 0.7958 0.5383 0.0403 0.0227
0 0.8347 0.5422 0.0486 0.0273
0 0.8806 0.5406 0.0333 0.025
0 0.8458 0.5188 0.0181 0.0094
0 0.6611 0.5773 0.0458 0.0203
0 0.6319 0.5719 0.0222 0.0078
0 0.4917 0.6344 0.0264 0.0156
0 0.4569 0.6516 0.0167 0.0172
0 0.3792 0.6906 0.0431 0.0242
0 0.3056 0.6812 0.0403 0.0211
0 0.3375 0.6594 0.0111 0.0102
0 0.2833 0.6664 0.0278 0.0125
0 0.2611 0.6797 0.0444 0.0227
0 0.2597 0.6984 0.0403 0.0141
0 0.6597 0.6984 0.0431 0.0195
0 0.6944 0.7125 0.0417 0.0219
0 0.9556 0.6141 0.0306 0.0227
0 0.7208 0.6992 0.0292 0.018
