0 0.0403 0.2148 0.0306 0.0211
0 0.2472 0.325 0.0333 0.0148
0 0.1694 0.3039 0.0306 0.0125
0 0.1375 0.3273 0.0222 0.0117
0 0.2028 0.3438 0.0264 0.0141
0 0.1875 0.3266 0.025 0.0109
0 0.1375 0.2297 0.0236 0.0133
0 0.05 0.4578 0.0389 0.0188
0 0.2361 0.3484 0.0319 0.0172
0 0.2194 0.2922 0.0236 0.0141
0 0.1208 0.3734 0.025 0.0109
0 0.0153 0.4992 0.0222 0.0133
0 0.4528 0.4094 0.0167 0.0117
0 0.1097 0.2633 0.0222 0.0117
0 0.4681 0.3766 0.0264 0.0109
0 0.3278 0.3508 0.0194 0.0094
0 0.0597 0.4703 0.0292 0.0141
0 0.0111 0.4875 0.0236 0.0125
0 0.0292 0.5023 0.0333 0.0203
0 0.2736 0.4031 0.0222 0.0156
0 0.3681 0.4062 0.0222 0.0086
0 0.3153 0.4547 0.0278 0.0102
0 0.4958 0.3805 0.0319 0.0125
