0 0.2875 0.3984 0.0194 0.0078
0 0.3153 0.4047 0.0306 0.0125
0 0.3292 0.3906 0.0222 0.0188
0 0.4167 0.4195 0.025 0.0164
0 0.4486 0.3758 0.025 0.0133
0 0.5194 0.3758 0.0222 0.0125
0 0.3667 0.3359 0.0069 0.0031
0 0.5347 0.4172 0.0167 0.0125
0 0.5986 0.4219 0.0333 0.0195
0 0.4889 0.4406 0.0167 0.007
0 0.5264 0.5195 0.0194 0.0055
0 0.5222 0.4805 0.0306 0.0125
0 0.3931 0.5727 0.025 0.0141
0 0.3542 0.6102 0.0111 0.0094
0 0.1542 0.6195 0.0125 0.007
0 0.0986 0.6359 0.0264 0.0125
0 0.1986 0.6727 0.0139 0.0172
0 0.2514 0.6961 0.0222 0.0156
0 0.2319 0.7289 0.0264 0.0219
0 0.1764 0.7375 0.0222 0.0094
0 0.0264 0.7203 0.0153 0.0109
0 0.3958 0.5984 0.0125 0.0094
0 0.6972 0.5531 0.0097 0.0109
0 0.7736 0.5258 0.0139 0.0086
0 0.6875 0.625 0.0153 0.0133
0 0.7333 0.6758 0.0194 0.0062
0 0.75 0.6859 0.0278 0.0148
0 0.7653 0.7031 0.0153 0.0094
0 0.7042 0.7109 0.0194 0.0117
0 0.8458 0.7258 0.0181 0.0086
0 0.9472 0.6766 0.0236 0.0102
0 0.8986 0.7508 0.0139 0.0117
0 0.7111 0.6789 0.0153 0.0055
0 0.8125 0.6172 0.0111 0.0047
0 0.7083 0.5938 0.0222 0.0148
0 0.8056 0.4555 0.0181 0.0117
0 0.7667 0.4039 0.0139 0.0062
0 0.6472 0.4109 0.0153 0.0086
0 0.6486 0.3141 0.0125 0.0102
0 0.7111 0.3039 0.0222 0.0156
0 0.7389 0.3008 0.0181 0.0117
0 0.7306 0.2773 0.0222 0.0195
0 0.7028 0.25 0.0236 0.0141
0 0.6875 0.2852 0.025 0.0133
0 0.6292 0.2727 0.0264 0.0148
0 0.6 0.2773 0.0083 0.0094
0 0.5917 0.2633 0.0181 0.0117
0 0.5819 0.2125 0.0222 0.0125
0 0.5431 0.2844 0.0194 0.0164
0 0.5181 0.2828 0.0264 0.0156
0 0.5292 0.2672 0.0167 0.0094
0 0.5042 0.5789 0.0167 0.0094
0 0.2986 0.3773 0.0306 0.0234
0 0.6139 0.2352 0.0236 0.0219
0 0.3986 0.5406 0.0375 0.0234
0 0.3625 0.6352 0.0194 0.0234
0 0.4153 0.657 0.0333 0.0148
0 0.4778 0.6539 0.0222 0.0125
0 0.6167 0.6055 0.025 0.0234
0 0.725 0.718 0.025 0.0148
0 0.7625 0.7562 0.0236 0.0164
0 0.7722 0.7711 0.025 0.0156
0 0.8181 0.7594 0.0194 0.0242
0 0.85 0.7508 0.0319 0.0172
0 0.9361 0.7438 0.0278 0.0141
0 0.8347 0.7836 0.0236 0.0125
0 0.8847 0.775 0.0292 0.0109
0 0.7875 0.3609 0.0347 0.0172
0 0.8194 0.3719 0.0194 0.0117
0 0.7708 0.2812 0.0306 0.018
