0 0.3778 0.0961 0.0667 0.0453
0 0.1542 0.2633 0.0611 0.025
0 0.1583 0.2906 0.0528 0.0312
0 0.1833 0.3734 0.0611 0.0336
0 0.2361 0.4398 0.0597 0.0289
0 0.6042 0.4641 0.0556 0.0352
0 0.65 0.4773 0.0625 0.0344
0 0.6917 0.5141 0.0514 0.0242
0 0.9486 0.5398 0.0639 0.0344
0 0.3333 0.6539 0.0528 0.0305
0 0.2417 0.5688 0.0542 0.0289
0 0.3042 0.5383 0.0542 0.0219
0 0.2056 0.5031 0.0764 0.0391
0 0.2458 0.4852 0.0486 0.0344
0 0.2944 0.4797 0.0542 0.0281
0 0.1833 0.4641 0.0556 0.0312
0 0.1222 0.2891 0.0278 0.0164
0 0.6069 0.5469 0.0542 0.0273
0 0.6375 0.5828 0.0889 0.0422
