0 0.8264 0.1297 0.0347 0.0305
0 0.8611 0.1805 0.0319 0.0203
0 0.8069 0.2477 0.0444 0.0305
0 0.8389 0.2906 0.0514 0.0258
0 0.7514 0.293 0.0458 0.0219
0 0.8167 0.3195 0.0375 0.0078
0 0.9861 0.3867 0.0236 0.0227
0 0.9875 0.45 0.0181 0.0273
0 0.9347 0.4141 0.0222 0.0117
0 0.7861 0.4266 0.0236 0.0133
0 0.8917 0.4438 0.0431 0.0195
0 0.7542 0.4914 0.0514 0.0227
0 0.6847 0.5117 0.0542 0.0281
0 0.6375 0.5305 0.0514 0.0273
0 0.7236 0.5867 0.0444 0.0312
0 0.6875 0.6141 0.0444 0.0289
0 0.8583 0.6367 0.0528 0.0312
0 0.6417 0.65 0.0417 0.0219
0 0.6111 0.6672 0.0444 0.0273
0 0.7097 0.7297 0.0319 0.0211
0 0.8444 0.7188 0.0514 0.0258
0 0.7736 0.2477 0.0403 0.0258
0 0.9847 0.7977 0.0278 0.0328
0 0.9708 0.8297 0.0514 0.0305
0 0.6444 0.7984 0.0778 0.0406
0 0.0069 0.218 0.0083 0.0148
0 0.0958 0.3461 0.0417 0.0242
0 0.0681 0.3375 0.0278 0.0195
0 0.0486 0.4867 0.0556 0.0336
0 0.2458 0.4945 0.0472 0.018
0 0.1875 0.5148 0.0194 0.0203
0 0.0194 0.5586 0.0361 0.0312
0 0.1097 0.5812 0.0458 0.0234
0 0.1528 0.5672 0.0389 0.025
0 0.0361 0.6141 0.0389 0.0273
0 0.1944 0.6109 0.0208 0.018
0 0.0986 0.6078 0.0333 0.0164
0 0.0583 0.7492 0.0556 0.0289
0 0.0208 0.7492 0.0222 0.0156
0 0.0056 0.718 0.0083 0.0141
0 0.1111 0.693 0.0514 0.0172
0 0.2306 0.6727 0.0403 0.0227
0 0.7764 0.6922 0.0542 0.0219
0 0.975 0.7016 0.0417 0.0297
0 0.8917 0.3 0.0417 0.018
0 0.1278 0.7727 0.0347 0.0219
0 0.0264 0.8633 0.0431 0.0375
0 0.1111 0.8172 0.0333 0.0297
0 0.3931 0.8156 0.0542 0.0242
0 0.5653 0.5953 0.0264 0.0234
0 0.7833 0.5508 0.0431 0.0289
0 0.9708 0.5633 0.0542 0.0336
0 0.8889 0.4094 0.0319 0.0211
0 0.8778 0.3898 0.0319 0.0172
0 0.8806 0.2102 0.0403 0.0242
0 0.7097 0.6031 0.0417 0.025
