0 0.4667 0.0531 0.0361 0.0273
0 0.4931 0.0656 0.0472 0.0297
0 0.4306 0.0898 0.0431 0.0242
0 0.4708 0.0828 0.0417 0.018
0 0.3833 0.1078 0.025 0.0289
0 0.4514 0.1352 0.0389 0.0281
0 0.4778 0.1375 0.0292 0.0273
0 0.4972 0.1773 0.0389 0.025
0 0.4278 0.1648 0.0361 0.0219
0 0.375 0.1812 0.0486 0.0273
0 0.4333 0.2141 0.05 0.0281
0 0.4681 0.1953 0.0403 0.0258
0 0.5181 0.2242 0.0389 0.0188
0 0.5917 0.2922 0.0375 0.025
0 0.3806 0.2398 0.0292 0.025
0 0.3319 0.2781 0.0403 0.0211
0 0.3139 0.2914 0.0431 0.0133
0 0.4917 0.2531 0.0417 0.0234
0 0.5097 0.3156 0.0486 0.0148
0 0.475 0.3281 0.0347 0.0148
0 0.6625 0.3188 0.0389 0.0195
0 0.6778 0.3336 0.0347 0.0195
0 0.4542 0.3758 0.0472 0.025
0 0.625 0.4234 0.0347 0.025
0 0.6806 0.4391 0.0347 0.0219
0 0.6028 0.4422 0.0458 0.0258
0 0.1861 0.3719 0.0417 0.0164
0 0.3667 0.4422 0.0389 0.025
0 0.3 0.5094 0.0542 0.0312
0 0.2486 0.5008 0.0597 0.0266
0 0.4972 0.4844 0.05 0.0195
0 0.5181 0.5023 0.0472 0.025
0 0.5708 0.5289 0.0278 0.0148
0 0.5194 0.5461 0.0333 0.0258
0 0.4889 0.5703 0.0417 0.0156
0 0.3667 0.557 0.0264 0.0227
0 0.3208 0.575 0.0514 0.0312
0 0.3417 0.5945 0.0403 0.018
0 0.2736 0.6094 0.0333 0.0195
0 0.4819 0.6508 0.0458 0.025
0 0.5306 0.6375 0.0264 0.0172
0 0.4625 0.7289 0.0528 0.0289
0 0.4917 0.7766 0.0417 0.0328
0 0.5486 0.8586 0.0444 0.0328
0 0.2764 0.4695 0.0542 0.0203
0 0.6361 0.4461 0.0292 0.0297
0 0.5069 0.3359 0.0417 0.0188
0 0.4833 0.3562 0.0194 0.0164
0 0.4056 0.1344 0.05 0.0328
0 0.2042 0.575 0.0319 0.0211
0 0.5014 0.6312 0.0333 0.0227
0 0.45 0.6539 0.0194 0.0133
0 0.3833 0.5719 0.0264 0.0195
0 0.3347 0.5281 0.0319 0.0195
0 0.6042 0.8539 0.0486 0.0297
0 0.3889 0.7703 0.0333 0.0242
0 0.5653 0.718 0.0528 0.0312
0 0.9403 0.807 0.0556 0.0211
