0 0.0972 0.1477 0.0389 0.0234
0 0.1208 0.1844 0.0333 0.0195
0 0.0903 0.1984 0.0333 0.018
0 0.0903 0.1734 0.0264 0.0273
0 0.1444 0.2969 0.0417 0.0258
0 0.0528 0.2617 0.0458 0.025
0 0.0903 0.4109 0.0333 0.0227
0 0.1181 0.4586 0.0417 0.025
0 0.3319 0.6773 0.0347 0.0242
0 0.3681 0.6859 0.0431 0.0258
0 0.2889 0.443 0.0431 0.0125
0 0.7819 0.0195 0.0292 0.0195
0 0.7639 0.0117 0.0292 0.0195
0 0.7556 0.0297 0.0417 0.0227
0 0.8417 0.0133 0.0194 0.0211
0 0.8653 0.0391 0.0403 0.0188
0 0.8028 0.0555 0.0389 0.0273
0 0.8389 0.0906 0.0431 0.0266
0 0.7681 0.1062 0.0319 0.0258
0 0.7889 0.1172 0.0403 0.025
0 0.7931 0.1297 0.0375 0.0164
0 0.8958 0.1102 0.0444 0.0234
0 0.8611 0.1242 0.0292 0.0234
0 0.8708 0.15 0.0403 0.025
0 0.825 0.15 0.0278 0.025
0 0.8139 0.1688 0.025 0.0219
0 0.7778 0.1719 0.0417 0.0258
0 0.7389 0.1555 0.0194 0.0188
0 0.8014 0.1977 0.0208 0.0211
0 0.6833 0.207 0.0361 0.0258
0 0.6028 0.2484 0.0472 0.0289
0 0.8764 0.2227 0.0347 0.0242
0 0.9014 0.2258 0.0278 0.0195
0 0.7278 0.243 0.0319 0.0156
0 0.6625 0.3586 0.0458 0.0227
0 0.5889 0.3648 0.0306 0.0219
0 0.7111 0.3172 0.0208 0.0156
0 0.6681 0.4633 0.0458 0.0258
0 0.7 0.4609 0.0208 0.0164
0 0.7306 0.4156 0.0264 0.0156
0 0.875 0.4031 0.0181 0.0148
0 0.8056 0.4711 0.0417 0.0273
0 0.9375 0.35 0.0417 0.025
0 0.7681 0.2539 0.0278 0.0148
0 0.9167 0.5047 0.05 0.0227
0 0.9472 0.4156 0.0236 0.0234
0 0.9306 0.4406 0.0306 0.0141
0 0.8847 0.4555 0.0194 0.0141
0 0.8903 0.4789 0.0278 0.0172
0 0.9375 0.5836 0.0444 0.0266
0 0.9431 0.6195 0.0306 0.0133
0 0.8694 0.6289 0.0236 0.0203
0 0.8903 0.6906 0.0389 0.0273
0 0.9333 0.6859 0.0444 0.0258
0 0.6792 0.6172 0.0361 0.0211
0 0.7097 0.6109 0.0319 0.0195
0 0.025 0.4117 0.0333 0.0164
0 0.7417 0.2164 0.0236 0.0148
0 0.7528 0.1734 0.0347 0.0211
0 0.8444 0.4766 0.0486 0.0242
0 0.9833 0.5219 0.0292 0.0172
0 0.7764 0.625 0.0472 0.0188
0 0.6681 0.5719 0.0375 0.0148
0 0.6472 0.6594 0.0208 0.0156
0 0.7986 0.075 0.0194 0.0141
0 0.8417 0.0602 0.0389 0.0266
0 0.8264 0.2523 0.0111 0.0211
0 0.6181 0.3711 0.0153 0.0156
0 0.9861 0.3844 0.0236 0.0234
0 0.9917 0.4039 0.0125 0.0148
0 0.9264 0.3727 0.0625 0.0203
0 0.9597 0.3844 0.0389 0.0273
0 0.7069 0.518 0.0194 0.0141
