0 0.275 0.2016 0.0347 0.0227
0 0.1597 0.1758 0.0292 0.0219
0 0.2 0.2844 0.0319 0.0203
0 0.1736 0.2656 0.025 0.0219
0 0.1736 0.282 0.0194 0.0164
0 0.0986 0.3195 0.025 0.0172
0 0.425 0.3102 0.0361 0.0188
0 0.3403 0.3297 0.0222 0.0156
0 0.5014 0.3344 0.0306 0.0219
0 0.4917 0.3609 0.0306 0.0203
0 0.4569 0.3336 0.025 0.018
0 0.4347 0.3516 0.0292 0.0148
0 0.3958 0.3188 0.0264 0.0156
0 0.5569 0.4766 0.0306 0.0188
0 0.2472 0.5312 0.0278 0.0203
0 0.3917 0.2211 0.0236 0.0125
0 0.1806 0.4812 0.0292 0.0211
0 0.1375 0.4305 0.0236 0.0141
0 0.1611 0.4305 0.0194 0.0125
0 0.1069 0.3625 0.0236 0.0172
0 0.4194 0.3328 0.0264 0.0156
0 0.6014 0.3664 0.025 0.0164
0 0.7069 0.3938 0.025 0.0141
0 0.4819 0.2938 0.0264 0.0133
0 0.0778 0.2586 0.0222 0.0094
0 0.0625 0.3219 0.0278 0.0133
0 0.0569 0.3359 0.0139 0.0125
0 0.3764 0.3891 0.0264 0.0117
0 0.2514 0.1945 0.0222 0.0211
0 0.3194 0.2578 0.0403 0.0172
0 0.1347 0.1648 0.0181 0.007
0 0.4847 0.3305 0.0153 0.0117
0 0.2306 0.5188 0.0208 0.0172
0 0.2569 0.5367 0.0306 0.0203
0 0.2681 0.4852 0.0333 0.0203
0 0.2694 0.4633 0.0306 0.018
0 0.2736 0.4961 0.0167 0.0156
0 0.4708 0.4617 0.0264 0.0133
0 0.7194 0.4555 0.0361 0.0148
0 0.3417 0.3562 0.025 0.0102
