0 0.5944 0.0688 0.0569 0.0391
0 0.4889 0.1523 0.0583 0.0273
0 0.5153 0.1742 0.0583 0.0305
0 0.5542 0.1789 0.0472 0.0375
0 0.6056 0.1742 0.0653 0.0406
0 0.5681 0.2008 0.0375 0.0195
0 0.6333 0.3047 0.0819 0.0305
0 0.6431 0.3242 0.0639 0.018
0 0.6903 0.3266 0.0458 0.025
0 0.7042 0.3508 0.0611 0.0266
0 0.6278 0.3484 0.0597 0.0203
0 0.5903 0.3727 0.0736 0.0406
0 0.5 0.3984 0.0611 0.0305
0 0.4861 0.4242 0.0694 0.0344
0 0.55 0.4297 0.0278 0.0211
0 0.5333 0.4609 0.0542 0.0234
0 0.7375 0.4492 0.0694 0.0242
0 0.5556 0.5094 0.0528 0.0367
0 0.6167 0.5086 0.0722 0.043
0 0.6792 0.5297 0.0708 0.032
0 0.7569 0.518 0.0792 0.0352
0 0.4056 0.5812 0.0778 0.032
0 0.6097 0.6016 0.0694 0.0398
0 0.4403 0.6273 0.0667 0.0297
0 0.5806 0.6484 0.0861 0.0406
0 0.4833 0.6219 0.0306 0.0141
0 0.6833 0.6227 0.0708 0.0375
0 0.6333 0.6367 0.0417 0.0281
0 0.7056 0.65 0.0542 0.0273
0 0.7569 0.6562 0.0458 0.0391
0 0.6764 0.7062 0.0667 0.0453
0 0.5514 0.6805 0.0625 0.0344
0 0.6278 0.6953 0.0431 0.0438
0 0.6972 0.8125 0.0667 0.0477
0 0.325 0.9008 0.0667 0.0414
0 0.4764 0.8836 0.0472 0.032
0 0.1139 0.8836 0.0847 0.0305
0 0.3097 0.7859 0.0833 0.0281
0 0.8083 0.5977 0.0667 0.0312
