0 0.4681 0.0836 0.0431 0.0227
0 0.5333 0.0742 0.0528 0.0305
0 0.6236 0.1148 0.0528 0.0258
0 0.5347 0.1078 0.0597 0.0297
0 0.4861 0.1672 0.0569 0.0344
0 0.425 0.2539 0.0403 0.032
0 0.3944 0.2883 0.0514 0.0305
0 0.425 0.2883 0.0319 0.0297
0 0.3792 0.2977 0.0458 0.0258
0 0.6069 0.2156 0.0139 0.0117
0 0.6319 0.2422 0.0306 0.0195
0 0.1556 0.7414 0.0542 0.025
0 0.2917 0.7047 0.0486 0.0281
0 0.3444 0.5906 0.0514 0.0273
0 0.4875 0.5609 0.0639 0.0328
0 0.4181 0.5367 0.0222 0.0125
0 0.6569 0.575 0.0569 0.0328
0 0.6958 0.5914 0.0389 0.0281
0 0.7417 0.6102 0.0361 0.0227
0 0.6986 0.6344 0.0444 0.0289
0 0.7486 0.6547 0.0417 0.018
0 0.7958 0.6586 0.0583 0.025
0 0.6708 0.6492 0.0278 0.0336
0 0.4889 0.6227 0.0347 0.0141
0 0.5569 0.6211 0.0444 0.0172
0 0.6958 0.7539 0.0444 0.0234
0 0.7319 0.7711 0.0458 0.0297
0 0.8514 0.682 0.0403 0.0148
0 0.8861 0.7703 0.0458 0.0344
0 0.8111 0.5273 0.0458 0.0312
0 0.5014 0.482 0.0542 0.0227
0 0.5458 0.5016 0.0542 0.0281
0 0.5792 0.5203 0.0389 0.025
0 0.7222 0.5461 0.0333 0.0109
0 0.7194 0.4711 0.0653 0.032
0 0.6917 0.493 0.0528 0.0227
0 0.5139 0.4406 0.0417 0.025
0 0.5417 0.4531 0.0403 0.0242
0 0.4903 0.4383 0.0194 0.0227
0 0.4625 0.4422 0.0347 0.0211
0 0.5 0.4031 0.025 0.0148
0 0.9639 0.7164 0.0486 0.0172
0 0.9875 0.7195 0.0222 0.0188
0 0.7639 0.4008 0.0583 0.0328
0 0.5292 0.4039 0.0181 0.0078
0 0.4181 0.4727 0.0417 0.0148
0 0.4375 0.4609 0.0208 0.0219
0 0.65 0.1523 0.0222 0.0141
0 0.6778 0.2539 0.0208 0.0195
0 0.8778 0.5219 0.0417 0.0242
0 0.6764 0.307 0.0153 0.0094
0 0.4528 0.1477 0.0333 0.0102
