0 0.3153 0.6812 0.025 0.0195
0 0.2764 0.6289 0.0125 0.0156
0 0.1667 0.5961 0.0208 0.0125
0 0.4569 0.5305 0.0278 0.0141
0 0.4653 0.5555 0.0208 0.0102
0 0.4389 0.5766 0.0139 0.0094
0 0.5625 0.4398 0.0139 0.0133
0 0.5917 0.4375 0.0222 0.0102
0 0.5431 0.4008 0.0139 0.0062
0 0.5917 0.3758 0.0208 0.0133
0 0.6542 0.3805 0.0306 0.0188
0 0.5722 0.3336 0.0194 0.0109
0 0.5014 0.3367 0.025 0.0141
0 0.475 0.3789 0.0306 0.0164
0 0.3889 0.3484 0.0222 0.0164
0 0.3458 0.3594 0.0167 0.007
0 0.3736 0.3648 0.0278 0.0125
0 0.7222 0.3695 0.0347 0.0156
0 0.8361 0.3594 0.0194 0.0094
0 0.8819 0.3258 0.0125 0.0078
0 0.8597 0.4133 0.0139 0.0125
0 0.6764 0.5625 0.025 0.0219
0 0.7458 0.5789 0.025 0.0125
0 0.8708 0.5711 0.0139 0.007
0 0.7889 0.6289 0.0181 0.0047
0 0.8069 0.6383 0.025 0.0133
0 0.7625 0.6641 0.0222 0.0109
0 0.7833 0.668 0.0153 0.0047
0 0.8222 0.657 0.0111 0.0102
0 0.8889 0.7039 0.0208 0.0094
0 0.9097 0.7055 0.0208 0.0117
0 0.95 0.7016 0.0125 0.0102
0 0.9417 0.7258 0.0111 0.0102
0 0.9833 0.6938 0.0125 0.0086
0 0.8694 0.7094 0.0139 0.018
0 0.9903 0.6305 0.0153 0.0117
0 0.7667 0.2594 0.0278 0.0172
0 0.7917 0.2578 0.0236 0.0078
0 0.7861 0.2344 0.0389 0.0367
0 0.7417 0.2422 0.0278 0.0164
0 0.6986 0.2703 0.0097 0.0102
0 0.7569 0.2047 0.0264 0.0164
0 0.6819 0.2289 0.025 0.0133
0 0.6431 0.2195 0.0181 0.0117
0 0.65 0.2344 0.0153 0.0125
0 0.6347 0.1672 0.025 0.0109
0 0.6653 0.1914 0.0208 0.0195
0 0.5792 0.2242 0.0125 0.0086
0 0.5681 0.2398 0.025 0.0156
0 0.5958 0.2414 0.0222 0.0164
0 0.8361 0.232 0.0083 0.0117
0 0.6944 0.1844 0.0153 0.0125
0 0.3556 0.3406 0.0264 0.0148
0 0.5153 0.4242 0.0264 0.0164
0 0.8431 0.3195 0.0306 0.0141
0 0.6514 0.2508 0.0194 0.0156
0 0.4556 0.4992 0.0444 0.0266
0 0.0139 0.6531 0.0278 0.0148
0 0.0208 0.6789 0.0361 0.0227
0 0.0986 0.6688 0.025 0.0156
0 0.1833 0.6414 0.025 0.0109
0 0.2306 0.5805 0.0125 0.0141
0 0.2583 0.6867 0.0208 0.0094
0 0.3306 0.6516 0.0292 0.0211
0 0.4319 0.5938 0.0236 0.0195
0 0.4889 0.6125 0.0319 0.0148
0 0.5542 0.607 0.0236 0.0172
0 0.5111 0.6234 0.0347 0.0188
0 0.5694 0.5414 0.0194 0.0211
0 0.7736 0.5477 0.0417 0.018
0 0.8153 0.7102 0.0278 0.0133
0 0.8278 0.7242 0.0319 0.0164
0 0.9806 0.7461 0.0361 0.0133
0 0.9 0.6781 0.0194 0.0125
