0 0.4986 0.1008 0.0583 0.0336
0 0.4569 0.0961 0.0472 0.0312
0 0.4917 0.1203 0.0583 0.0211
0 0.4542 0.1891 0.0611 0.0398
0 0.4208 0.1953 0.0542 0.0375
0 0.3403 0.2828 0.0486 0.0227
0 0.5319 0.3375 0.0528 0.0359
0 0.3194 0.3234 0.0611 0.0305
0 0.4736 0.3594 0.0625 0.0359
0 0.3167 0.4438 0.0556 0.0305
0 0.4806 0.4031 0.0431 0.0266
0 0.4792 0.4281 0.0431 0.0219
0 0.525 0.4484 0.0417 0.0273
0 0.5833 0.45 0.0486 0.0312
0 0.6264 0.4328 0.0542 0.0242
0 0.5528 0.4398 0.0306 0.0164
0 0.7306 0.532 0.0486 0.0289
0 0.2403 0.4977 0.05 0.025
0 0.3694 0.5422 0.0458 0.0258
0 0.2986 0.507 0.0514 0.0312
0 0.3153 0.4672 0.0292 0.0148
0 0.2514 0.4703 0.0597 0.0305
0 0.2361 0.5211 0.0569 0.0273
0 0.2389 0.5469 0.0597 0.0297
0 0.275 0.625 0.0597 0.0367
0 0.3528 0.6305 0.0597 0.0281
0 0.3444 0.6797 0.05 0.0273
0 0.3042 0.6523 0.0542 0.0305
0 0.2236 0.618 0.0417 0.0266
0 0.3542 0.825 0.0611 0.0398
0 0.3 0.8227 0.0542 0.0469
0 0.1417 0.8492 0.0778 0.0344
0 0.1097 0.8242 0.0611 0.0273
0 0.3556 0.8711 0.0431 0.0258
0 0.1847 0.8742 0.0639 0.0273
0 0.3347 0.8891 0.0417 0.0242
0 0.2361 0.9328 0.0528 0.0203
0 0.25 0.7102 0.0583 0.0383
0 0.5986 0.7633 0.0417 0.0203
0 0.6194 0.6953 0.0319 0.0242
0 0.0319 0.8219 0.0486 0.0312
0 0.1083 0.9414 0.0458 0.0234
0 0.2889 0.7188 0.0292 0.018
