0 0.4333 0.1898 0.0528 0.0281
0 0.5125 0.1773 0.0208 0.0203
0 0.5917 0.1883 0.0514 0.0312
0 0.6236 0.1977 0.05 0.0297
0 0.4292 0.2484 0.0583 0.0258
0 0.5361 0.2938 0.05 0.0352
0 0.6056 0.382 0.0333 0.0172
0 0.3583 0.4078 0.0514 0.0258
0 0.5347 0.4211 0.0569 0.0297
0 0.3208 0.5609 0.0514 0.0211
0 0.5569 0.5258 0.0306 0.0133
0 0.6875 0.4852 0.0347 0.0211
0 0.7056 0.5312 0.025 0.0203
0 0.2861 0.6609 0.0292 0.0141
0 0.3444 0.693 0.0278 0.0148
0 0.0444 0.2883 0.0431 0.0258
0 0.0819 0.3016 0.0431 0.0219
0 0.6597 0.3969 0.0486 0.0188
0 0.0958 0.7484 0.0431 0.0312
0 0.5333 0.6984 0.0472 0.0266
0 0.5708 0.6086 0.025 0.018
0 0.4333 0.3008 0.0444 0.0195
0 0.4958 0.3242 0.0444 0.0242
0 0.4944 0.3562 0.0403 0.0195
0 0.15 0.4703 0.0167 0.0172
0 0.3806 0.3773 0.0236 0.0195
0 0.5542 0.4719 0.0292 0.0188
0 0.5653 0.3766 0.0194 0.0086
0 0.7417 0.4805 0.0278 0.0188
0 0.5139 0.5789 0.0542 0.0359
0 0.3 0.7922 0.0208 0.0141
0 0.3444 0.6422 0.0208 0.0281
0 0.4 0.6656 0.0389 0.0156
0 0.4417 0.6914 0.0306 0.0242
