0 0.1306 0.0047 0.0444 0.0078
0 0.2014 0.0469 0.0431 0.0227
0 0.2208 0.0414 0.0181 0.0133
0 0.1472 0.0734 0.0431 0.0289
0 0.1153 0.0758 0.0319 0.0234
0 0.2 0.0867 0.0431 0.0219
0 0.2403 0.0789 0.0417 0.0203
0 0.1236 0.1242 0.0458 0.0336
0 0.2292 0.1211 0.0639 0.0266
0 0.3111 0.1406 0.0486 0.0203
0 0.0778 0.2031 0.0458 0.0281
0 0.0722 0.232 0.0431 0.0297
0 0.2778 0.1844 0.0514 0.0273
0 0.3514 0.1656 0.0486 0.0242
0 0.4903 0.1844 0.0403 0.025
0 0.0764 0.2812 0.0569 0.0336
0 0.1222 0.3086 0.0208 0.0219
0 0.275 0.3188 0.0333 0.0258
0 0.2583 0.307 0.0111 0.0102
0 0.3236 0.2906 0.0292 0.0172
0 0.3417 0.2719 0.0292 0.0188
0 0.3264 0.2047 0.0389 0.0234
0 0.2861 0.2195 0.0278 0.0117
0 0.2944 0.2055 0.0347 0.0234
0 0.4153 0.2203 0.0361 0.0227
0 0.225 0.3609 0.0528 0.0297
0 0.2736 0.3445 0.0306 0.0211
0 0.3111 0.3258 0.0472 0.025
0 0.3458 0.3148 0.0319 0.0164
0 0.3694 0.3375 0.0208 0.0164
0 0.3292 0.393 0.0458 0.0289
0 0.3472 0.4047 0.025 0.018
0 0.1111 0.4094 0.0389 0.0156
0 0.025 0.4109 0.0472 0.0305
0 0.0583 0.4656 0.0486 0.0203
0 0.0486 0.4531 0.0458 0.0141
0 0.0153 0.5133 0.0319 0.0203
0 0.2056 0.5375 0.0306 0.0281
0 0.3722 0.4172 0.0222 0.0195
0 0.3917 0.4258 0.025 0.0195
0 0.4444 0.4469 0.0556 0.0305
0 0.0319 0.6195 0.0556 0.0273
0 0.0528 0.6656 0.0458 0.0305
0 0.1931 0.6094 0.0417 0.0242
0 0.1458 0.6133 0.0097 0.0125
0 0.4111 0.5812 0.0403 0.0211
0 0.4417 0.5312 0.0514 0.0359
0 0.4389 0.5039 0.0611 0.0328
0 0.4111 0.607 0.0583 0.0305
0 0.3847 0.6516 0.0444 0.0312
0 0.4083 0.6281 0.0444 0.0258
0 0.5528 0.6195 0.0403 0.0266
0 0.4847 0.6898 0.0625 0.0367
0 0.4319 0.6812 0.0333 0.0188
0 0.5444 0.6922 0.025 0.0281
0 0.5875 0.675 0.0181 0.0133
0 0.5792 0.7109 0.0347 0.025
0 0.5486 0.7156 0.0347 0.0188
0 0.5639 0.5656 0.0375 0.0195
0 0.6556 0.5742 0.0361 0.0172
0 0.9458 0.125 0.0486 0.0297
0 0.9903 0.1031 0.0167 0.0133
0 0.9653 0.1562 0.0472 0.0188
0 0.9833 0.1375 0.025 0.0094
0 0.8875 0.1844 0.0347 0.0219
0 0.875 0.1977 0.0278 0.0117
0 0.9139 0.2 0.0472 0.0203
0 0.9292 0.1867 0.0458 0.0258
0 0.9472 0.2164 0.05 0.0227
0 0.8236 0.2188 0.0347 0.0172
0 0.9403 0.2734 0.0194 0.0133
0 0.8 0.2562 0.0333 0.0133
0 0.7819 0.2695 0.0264 0.0109
0 0.7542 0.3117 0.0319 0.0094
0 0.7778 0.3602 0.0319 0.0211
0 0.7917 0.375 0.0361 0.0188
0 0.8264 0.3766 0.0333 0.0133
0 0.8875 0.3047 0.0306 0.0172
0 0.7903 0.2992 0.0333 0.0148
0 0.9708 0.3258 0.0486 0.025
0 0.9722 0.3461 0.0458 0.0156
0 0.9181 0.5234 0.0431 0.0172
0 0.7778 0.4953 0.0486 0.0203
0 0.6847 0.4758 0.0306 0.025
0 0.6431 0.4828 0.0417 0.0234
0 0.6208 0.4906 0.0361 0.0219
0 0.7056 0.5008 0.05 0.0234
0 0.7014 0.5266 0.0417 0.0242
0 0.6014 0.55 0.0403 0.0172
0 0.7444 0.5531 0.0236 0.0148
0 0.8111 0.5406 0.0361 0.0156
0 0.7431 0.5898 0.0375 0.0195
0 0.6986 0.6125 0.0403 0.0203
0 0.8458 0.5992 0.0153 0.0156
0 0.8028 0.5625 0.0181 0.0109
