0 0.4514 0.1523 0.0528 0.0289
0 0.3944 0.1703 0.0528 0.0227
0 0.3917 0.1438 0.0319 0.0219
0 0.4278 0.2008 0.0417 0.0219
0 0.0528 0.2445 0.0347 0.0219
0 0.1361 0.2891 0.0361 0.0234
0 0.0569 0.3641 0.0403 0.0234
0 0.0486 0.4094 0.0486 0.0242
0 0.0694 0.3398 0.0333 0.0117
0 0.1264 0.3703 0.025 0.0156
0 0.1375 0.3859 0.0319 0.0211
0 0.1236 0.4086 0.0361 0.0203
0 0.1556 0.3992 0.0264 0.0086
0 0.1528 0.425 0.0375 0.0195
0 0.1569 0.4672 0.0403 0.0203
0 0.0736 0.543 0.0167 0.0141
0 0.1111 0.5609 0.0292 0.0156
0 0.1903 0.6945 0.0236 0.0227
0 0.1528 0.7086 0.0153 0.0148
0 0.6014 0.2227 0.0292 0.0203
0 0.6194 0.2938 0.0361 0.025
0 0.6569 0.3 0.0431 0.0234
0 0.6125 0.5281 0.0472 0.0242
0 0.0736 0.4227 0.0167 0.0125
0 0.9847 0.7227 0.0208 0.0188
0 0.3583 0.757 0.0458 0.0297
0 0.2028 0.7867 0.0389 0.025
0 0.2556 0.7773 0.0111 0.0109
0 0.3236 0.7023 0.0278 0.0086
0 0.4389 0.1727 0.0389 0.0164
0 0.0375 0.2133 0.0222 0.0125
0 0.0056 0.2758 0.0125 0.0094
0 0.0931 0.3922 0.0306 0.0195
0 0.0125 0.4242 0.0236 0.0188
0 0.1236 0.4758 0.0319 0.0195
0 0.0514 0.5461 0.0208 0.0133
0 0.0306 0.5266 0.0528 0.0281
0 0.0306 0.5453 0.0236 0.0141
0 0.0194 0.5578 0.0347 0.0125
0 0.0125 0.643 0.0208 0.0094
0 0.1778 0.7883 0.0278 0.0211
