0 0.2278 0.0172 0.0528 0.0266
0 0.3125 0.0422 0.0597 0.0422
0 0.225 0.1156 0.0528 0.0359
0 0.1014 0.1203 0.0528 0.0344
0 0.1125 0.1508 0.0347 0.0164
0 0.0708 0.1758 0.0208 0.0195
0 0.1681 0.1602 0.0222 0.0125
0 0.2125 0.1719 0.0333 0.0117
0 0.1236 0.1914 0.0194 0.0117
0 0.0764 0.207 0.0542 0.0328
0 0.2625 0.2469 0.0306 0.0273
0 0.0597 0.2383 0.0486 0.0305
0 0.0903 0.2867 0.0417 0.0211
0 0.1167 0.3039 0.0333 0.0195
0 0.0417 0.3352 0.0292 0.0172
0 0.1028 0.4031 0.0236 0.0109
0 0.0556 0.4547 0.0361 0.0242
0 0.1333 0.4406 0.0472 0.0266
0 0.2708 0.4188 0.0528 0.032
0 0.2597 0.3641 0.05 0.032
0 0.2861 0.3383 0.0292 0.0109
0 0.3444 0.4266 0.0486 0.0281
0 0.2806 0.4383 0.0597 0.0195
0 0.3222 0.4758 0.0625 0.0289
0 0.2444 0.4703 0.0417 0.0203
0 0.0792 0.493 0.0347 0.0211
0 0.9292 0.4781 0.0347 0.0172
0 0.9931 0.5531 0.0097 0.0195
0 0.9347 0.6141 0.0264 0.0148
0 0.3347 0.5609 0.0472 0.0305
0 0.3778 0.5602 0.0417 0.0289
0 0.025 0.525 0.0278 0.032
0 0.1194 0.5484 0.05 0.0289
0 0.1722 0.5414 0.0292 0.0234
0 0.1389 0.593 0.0333 0.0148
0 0.1431 0.6117 0.0431 0.0211
0 0.2903 0.582 0.0417 0.0164
0 0.4222 0.5562 0.0403 0.0172
0 0.5042 0.5234 0.0347 0.0227
0 0.4722 0.5102 0.0528 0.0266
0 0.3597 0.6078 0.0361 0.0297
0 0.2208 0.7008 0.0431 0.0281
0 0.3889 0.7094 0.0556 0.0297
0 0.3917 0.6258 0.0528 0.0227
0 0.5333 0.5445 0.0389 0.0172
0 0.5653 0.5469 0.0319 0.0172
0 0.3667 0.7781 0.0403 0.032
0 0.4736 0.8102 0.0417 0.0227
0 0.5333 0.7789 0.0389 0.0203
0 0.5625 0.7742 0.0208 0.0109
0 0.5306 0.7352 0.0333 0.0172
0 0.8556 0.7641 0.05 0.0273
0 0.9403 0.6953 0.0486 0.0227
0 0.9875 0.6891 0.0194 0.0195
