0 0.5139 0.2711 0.0556 0.032
0 0.2444 0.4836 0.0528 0.0305
0 0.2917 0.557 0.05 0.0305
0 0.5292 0.5086 0.0472 0.0305
0 0.5917 0.4602 0.0264 0.0133
0 0.6347 0.5242 0.0347 0.0266
0 0.6069 0.5172 0.0444 0.0289
0 0.7694 0.5383 0.0375 0.0219
0 0.8444 0.525 0.0458 0.0273
0 0.8111 0.5281 0.0278 0.0133
0 0.7903 0.5445 0.0389 0.0219
0 0.8236 0.5445 0.0264 0.018
0 0.6236 0.5602 0.0319 0.0234
0 0.4528 0.6023 0.0375 0.0258
0 0.4444 0.6109 0.0333 0.0188
0 0.5556 0.6953 0.0514 0.0289
0 0.5167 0.7258 0.05 0.0219
0 0.5694 0.7195 0.0472 0.0266
0 0.7042 0.5914 0.0542 0.0258
0 0.7792 0.6047 0.05 0.018
0 0.7319 0.6203 0.0542 0.0305
0 0.8208 0.6227 0.0542 0.0242
0 0.9056 0.6109 0.0514 0.0203
0 0.7667 0.6578 0.0472 0.0375
0 0.5972 0.6844 0.0472 0.0242
0 0.4875 0.4266 0.0208 0.0086
0 0.1528 0.6266 0.0264 0.0203
0 0.1917 0.6305 0.025 0.0094
0 0.1903 0.7453 0.0486 0.0297
0 0.5222 0.668 0.0361 0.0266
0 0.7736 0.7031 0.0514 0.0211
0 0.5194 0.8211 0.0472 0.025
0 0.5069 0.4648 0.0431 0.0242
