0 0.1861 0.1367 0.0444 0.025
0 0.2069 0.1617 0.0486 0.0242
0 0.1028 0.2375 0.0472 0.0219
0 0.1681 0.2695 0.0472 0.0273
0 0.1514 0.2859 0.0278 0.0156
0 0.0958 0.3031 0.0444 0.0227
0 0.0347 0.2898 0.0472 0.0227
0 0.1347 0.3289 0.0278 0.0109
0 0.2111 0.307 0.0458 0.0211
0 0.2292 0.2266 0.0319 0.0195
0 0.25 0.1938 0.0444 0.0203
0 0.2903 0.2008 0.0389 0.0211
0 0.3278 0.2008 0.0403 0.0266
0 0.3083 0.2219 0.0375 0.0258
0 0.3458 0.2203 0.0389 0.0227
0 0.2597 0.2297 0.0431 0.0273
0 0.2861 0.2469 0.0569 0.0227
0 0.3278 0.275 0.0458 0.0328
0 0.3792 0.2828 0.0528 0.0344
0 0.3986 0.2406 0.0347 0.0125
0 0.5097 0.2227 0.0542 0.0297
0 0.4444 0.2719 0.0556 0.0289
0 0.5319 0.2883 0.0611 0.0336
0 0.5986 0.2648 0.0528 0.0336
0 0.4222 0.2977 0.05 0.0336
0 0.3778 0.3211 0.0583 0.0336
0 0.4236 0.3188 0.0361 0.0141
0 0.4319 0.3336 0.0458 0.0266
0 0.4944 0.3234 0.05 0.0305
0 0.6139 0.2938 0.0208 0.0141
0 0.6597 0.3062 0.0472 0.0328
0 0.7014 0.2648 0.0236 0.0203
0 0.7569 0.2648 0.0542 0.032
0 0.8042 0.2422 0.0375 0.0219
0 0.7611 0.3062 0.0389 0.0203
0 0.8125 0.3289 0.0306 0.0219
0 0.8458 0.3352 0.0347 0.0219
0 0.8556 0.3453 0.0375 0.0125
0 0.5875 0.3383 0.0417 0.0203
0 0.6306 0.3656 0.0306 0.018
0 0.6639 0.3703 0.0361 0.0172
0 0.8361 0.382 0.0403 0.0234
0 0.8736 0.4211 0.0431 0.0227
0 0.8375 0.5023 0.0417 0.0227
0 0.9361 0.5008 0.0375 0.0172
0 0.5611 0.3828 0.0361 0.0234
0 0.4903 0.3703 0.0417 0.0273
0 0.4542 0.368 0.0319 0.0227
0 0.2681 0.3633 0.0403 0.0297
0 0.35 0.3898 0.0472 0.0242
0 0.4361 0.3844 0.0319 0.0141
0 0.1333 0.4328 0.0597 0.0312
0 0.1958 0.4484 0.0472 0.0273
0 0.8181 0.5297 0.025 0.0141
0 0.8514 0.557 0.0403 0.0258
0 0.9375 0.5625 0.0458 0.0227
0 0.9278 0.5781 0.0431 0.0234
0 0.4569 0.4625 0.0389 0.0211
0 0.3722 0.4625 0.0556 0.0156
0 0.3028 0.4906 0.0403 0.0227
0 0.4153 0.5242 0.0403 0.0227
0 0.0583 0.5477 0.0333 0.0227
0 0.0847 0.5523 0.0194 0.0164
0 0.1569 0.55 0.0347 0.0273
0 0.3181 0.6281 0.0306 0.0156
0 0.3417 0.6391 0.0347 0.0156
0 0.4153 0.5695 0.0431 0.0172
0 0.9708 0.6594 0.0403 0.0203
0 0.7847 0.6836 0.0389 0.0086
0 0.7889 0.7375 0.0306 0.0227
0 0.7653 0.7836 0.0458 0.0289
0 0.7403 0.8023 0.0472 0.0297
0 0.7194 0.8266 0.0542 0.032
0 0.7 0.8461 0.0431 0.0289
0 0.0222 0.0633 0.0431 0.05
0 0.0722 0.0328 0.0431 0.0195
0 0.1542 0.0117 0.0403 0.0188
0 0.2819 0.6234 0.0236 0.0117
