0 0.3167 0.3562 0.0319 0.0172
0 0.3458 0.3586 0.0403 0.0148
0 0.1333 0.4906 0.0264 0.0211
0 0.1306 0.5219 0.0222 0.0117
0 0.2875 0.5453 0.0319 0.0125
0 0.3222 0.5484 0.0403 0.0172
0 0.325 0.6039 0.0458 0.0273
0 0.2819 0.618 0.0583 0.0266
0 0.3028 0.6539 0.0431 0.025
0 0.3431 0.4289 0.0472 0.025
0 0.3514 0.4578 0.0403 0.0195
0 0.5236 0.4523 0.0417 0.0227
0 0.5333 0.1969 0.0458 0.0281
0 0.9236 0.5609 0.0278 0.0117
0 0.7319 0.4273 0.0417 0.0289
0 0.6778 0.3953 0.0333 0.0219
0 0.6222 0.3953 0.0292 0.0109
0 0.5667 0.4312 0.0278 0.0211
0 0.6583 0.407 0.0208 0.0141
0 0.0931 0.5383 0.0333 0.0156
0 0.8111 0.668 0.0347 0.0164
0 0.9972 0.3383 0.0014 0.0062
0 0.2556 0.4484 0.0292 0.0258
0 0.1944 0.4445 0.0236 0.0133
0 0.5153 0.7352 0.0472 0.0148
0 0.6417 0.6797 0.0167 0.0188
0 0.6931 0.6141 0.0181 0.0227
0 0.9069 0.6672 0.0417 0.0195
0 0.95 0.6586 0.0347 0.0141
0 0.8833 0.632 0.0403 0.0133
0 0.8319 0.6219 0.0208 0.0133
0 0.9542 0.6789 0.025 0.0211
