0 0.5597 0.3 0.0542 0.0297
0 0.4958 0.2625 0.0528 0.0227
0 0.4542 0.2766 0.0292 0.0125
0 0.4889 0.2953 0.0611 0.0305
0 0.4125 0.3477 0.0528 0.0312
0 0.3944 0.4227 0.025 0.0297
0 0.375 0.457 0.0556 0.032
0 0.6597 0.5625 0.0667 0.0398
0 0.7278 0.5648 0.0472 0.0266
0 0.4972 0.5625 0.0528 0.0258
0 0.6194 0.6289 0.0639 0.0336
0 0.4736 0.6375 0.0569 0.0305
0 0.6861 0.6883 0.0472 0.0336
0 0.4097 0.7117 0.0528 0.0383
0 0.2597 0.7453 0.0542 0.0391
0 0.2153 0.857 0.0611 0.0312
0 0.4958 0.7734 0.0472 0.0227
0 0.5792 0.7336 0.0444 0.0359
0 0.6042 0.7953 0.0389 0.0328
0 0.6944 0.8297 0.0556 0.0172
0 0.65 0.8203 0.0403 0.0141
0 0.7986 0.6852 0.0444 0.0273
0 0.5028 0.6609 0.0542 0.0258
0 0.4792 0.5938 0.0556 0.025
0 0.5333 0.6062 0.0528 0.0266
0 0.7694 0.5727 0.0389 0.0203
0 0.6903 0.6375 0.0486 0.0289
0 0.7306 0.6844 0.0472 0.025
0 0.4236 0.7773 0.0278 0.0195
0 0.475 0.7461 0.0597 0.0289
0 0.6236 0.7523 0.0597 0.0305
0 0.6542 0.7039 0.0181 0.0133
0 0.6444 0.7273 0.0264 0.0117
0 0.5917 0.818 0.025 0.0211
0 0.7597 0.8484 0.025 0.0203
0 0.9722 0.9031 0.0514 0.0305
0 0.0375 0.8789 0.05 0.0227
0 0.625 0.4203 0.0319 0.0234
