0 0.3097 0.0453 0.0458 0.0281
0 0.3236 0.0133 0.0306 0.0195
0 0.3722 0.0281 0.0472 0.0242
0 0.3667 0.0594 0.0375 0.0219
0 0.3472 0.0773 0.0208 0.0195
0 0.3972 0.0758 0.0417 0.0273
0 0.3847 0.1195 0.0319 0.0273
0 0.375 0.1398 0.0319 0.0203
0 0.3611 0.1531 0.0389 0.0211
0 0.4153 0.1453 0.0292 0.0258
0 0.4347 0.0984 0.0333 0.0195
0 0.4194 0.1148 0.0389 0.025
0 0.4861 0.1203 0.0278 0.0211
0 0.6153 0.1359 0.0681 0.0367
0 0.4958 0.1016 0.0319 0.0156
0 0.4861 0.0789 0.0431 0.0242
0 0.3792 0.2852 0.0333 0.0203
0 0.4903 0.2695 0.0389 0.0203
0 0.5097 0.0375 0.0431 0.0328
0 0.475 0.0148 0.0472 0.0242
0 0.5222 0.0102 0.0472 0.0172
0 0.4486 0.0078 0.05 0.0148
0 0.5375 0.0469 0.0403 0.0312
0 0.675 0.043 0.0694 0.0398
0 0.6403 0.0148 0.0722 0.0289
0 0.6944 0.0211 0.0319 0.0094
0 0.7681 0.0352 0.0528 0.0125
0 0.5333 0.1867 0.0319 0.0281
0 0.5042 0.2344 0.0236 0.0141
0 0.5486 0.2203 0.0333 0.0172
0 0.5889 0.2305 0.0347 0.032
0 0.6208 0.168 0.0583 0.0234
0 0.8042 0.0914 0.0625 0.0352
0 0.9653 0.0734 0.0556 0.0297
0 0.6819 0.2094 0.0486 0.0328
0 0.6458 0.2406 0.0472 0.0234
0 0.7042 0.2555 0.0583 0.0289
0 0.7375 0.2164 0.0556 0.0352
0 0.7806 0.1859 0.0472 0.0375
0 0.8208 0.1742 0.0514 0.032
0 0.9528 0.2914 0.0556 0.0258
0 0.9014 0.1562 0.0681 0.0383
0 0.9639 0.1383 0.0667 0.0414
0 0.9139 0.1867 0.0417 0.0359
0 0.4819 0.3148 0.0333 0.0164
0 0.5583 0.3617 0.0375 0.0219
0 0.3417 0.3422 0.0306 0.0195
0 0.7444 0.4633 0.0444 0.025
0 0.7236 0.4352 0.0486 0.0266
0 0.3361 0.4578 0.0403 0.0227
0 0.225 0.3438 0.025 0.0125
0 0.4458 0.3039 0.0306 0.0141
0 0.2958 0.4023 0.0264 0.0156
0 0.3736 0.4031 0.0347 0.0195
0 0.1028 0.3648 0.0264 0.0148
0 0.1208 0.3711 0.0264 0.0172
0 0.075 0.3859 0.0278 0.0148
0 0.1792 0.4438 0.0347 0.0141
0 0.2736 0.3203 0.0278 0.0141
0 0.2278 0.3922 0.025 0.018
0 0.3847 0.4266 0.0375 0.0219
0 0.3708 0.4539 0.0292 0.0211
0 0.0278 0.5211 0.05 0.0273
0 0.0319 0.5398 0.0319 0.0133
0 0.2639 0.4008 0.0361 0.0133
0 0.6958 0.3953 0.0375 0.018
0 0.2306 0.5023 0.0306 0.0164
0 0.2611 0.4445 0.0167 0.0164
0 0.2556 0.5172 0.0264 0.0164
0 0.0153 0.7156 0.0319 0.0305
0 0.1181 0.6117 0.0292 0.0242
0 0.0528 0.7 0.0583 0.0273
0 0.0917 0.6852 0.0403 0.025
0 0.1833 0.6703 0.0417 0.0195
0 0.2319 0.7094 0.0514 0.025
0 0.3181 0.6742 0.0292 0.0188
0 0.3889 0.6086 0.0194 0.0227
0 0.3542 0.6859 0.0458 0.0258
0 0.3792 0.7 0.0431 0.0164
0 0.5167 0.6828 0.0375 0.025
0 0.8347 0.6945 0.0556 0.0328
0 0.8792 0.6406 0.0667 0.0219
0 0.9153 0.5023 0.0389 0.025
0 0.9347 0.4992 0.0486 0.0258
