0 0.4708 0.2148 0.0472 0.0305
0 0.4083 0.3336 0.0472 0.0203
0 0.1542 0.3859 0.0472 0.0219
0 0.8125 0.3375 0.0333 0.0188
0 0.1653 0.4117 0.0236 0.0211
0 0.2208 0.4281 0.0431 0.0227
0 0.4292 0.4391 0.0611 0.0258
0 0.4153 0.5273 0.0292 0.0133
0 0.4097 0.5781 0.0458 0.0281
0 0.55 0.5789 0.0333 0.0102
0 0.7125 0.6055 0.0417 0.0188
0 0.6847 0.6094 0.0444 0.0086
0 0.4917 0.643 0.0306 0.0109
0 0.4319 0.6539 0.0347 0.0164
0 0.0153 0.6359 0.0306 0.0211
0 0.0167 0.6602 0.0319 0.0195
0 0.3569 0.725 0.0556 0.0312
0 0.5653 0.7125 0.0542 0.0148
0 0.7403 0.4289 0.0319 0.0219
0 0.1417 0.443 0.05 0.0148
0 0.8472 0.557 0.0347 0.0234
0 0.625 0.7023 0.05 0.0398
