0 0.5431 0.1836 0.0431 0.0234
0 0.4625 0.2039 0.0361 0.0273
0 0.3833 0.2055 0.0181 0.0094
0 0.4153 0.2258 0.0181 0.0133
0 0.4333 0.2203 0.0167 0.0086
0 0.5319 0.2594 0.0417 0.0211
0 0.4611 0.2656 0.0389 0.0258
0 0.4278 0.2703 0.0417 0.0273
0 0.4389 0.3094 0.0542 0.0305
0 0.55 0.3109 0.0417 0.0273
0 0.3736 0.3125 0.0389 0.0266
0 0.3972 0.3461 0.0403 0.0242
0 0.5194 0.3383 0.0319 0.018
0 0.4333 0.3484 0.0222 0.0117
0 0.5028 0.3953 0.0569 0.0289
0 0.3722 0.3766 0.05 0.0258
0 0.3264 0.3898 0.0458 0.0219
0 0.5042 0.4227 0.0361 0.0234
0 0.6083 0.4344 0.0417 0.0273
0 0.4361 0.45 0.0431 0.025
0 0.3458 0.4078 0.0236 0.018
0 0.3236 0.4492 0.0472 0.0188
0 0.5444 0.468 0.0431 0.0242
0 0.5069 0.4758 0.0292 0.0203
0 0.3986 0.4812 0.0444 0.0203
0 0.3097 0.4766 0.0417 0.0281
0 0.4333 0.5156 0.0403 0.0227
0 0.4431 0.5359 0.0306 0.0195
0 0.4514 0.557 0.0319 0.0203
0 0.7181 0.5219 0.0403 0.0219
0 0.6917 0.5078 0.0361 0.0172
0 0.7028 0.5625 0.0347 0.0188
0 0.6556 0.5492 0.0236 0.0203
0 0.6306 0.5312 0.0333 0.0148
0 0.5389 0.6094 0.0417 0.0211
0 0.4778 0.5953 0.0319 0.0117
0 0.6903 0.6164 0.0333 0.0133
0 0.8125 0.6148 0.0375 0.0242
0 0.4 0.7078 0.0431 0.0297
0 0.6361 0.5891 0.0389 0.0164
0 0.4819 0.3891 0.0361 0.018
0 0.3708 0.4867 0.0194 0.0188
0 0.2292 0.4961 0.0278 0.0156
0 0.4153 0.7375 0.0208 0.0219
0 0.5097 0.7039 0.0181 0.0094
0 0.6 0.7469 0.0403 0.0172
0 0.5986 0.8156 0.0486 0.0359
0 0.6528 0.6414 0.0194 0.0164
0 0.5889 0.4977 0.025 0.0164
