0 0.3542 0.0672 0.0472 0.0305
0 0.4236 0.0758 0.05 0.0258
0 0.4194 0.0984 0.0444 0.0211
0 0.4847 0.1195 0.0458 0.0148
0 0.4958 0.2148 0.0431 0.0234
0 0.4944 0.2375 0.0444 0.0211
0 0.9472 0.2352 0.0361 0.0219
0 0.975 0.2375 0.0403 0.0258
0 0.9875 0.3398 0.0208 0.0258
0 0.625 0.4305 0.0389 0.0281
0 0.6639 0.4305 0.0417 0.0211
0 0.7236 0.4945 0.0444 0.0234
0 0.8597 0.4297 0.0333 0.0211
0 0.8986 0.4398 0.0375 0.0203
0 0.8903 0.4867 0.0486 0.0219
0 0.8306 0.4789 0.0542 0.0289
0 0.875 0.468 0.0417 0.0219
0 0.7819 0.5484 0.0208 0.0156
0 0.7569 0.4961 0.0264 0.0195
0 0.6611 0.5953 0.0292 0.0203
0 0.6833 0.5953 0.0333 0.0219
0 0.6319 0.6172 0.0319 0.0234
0 0.5417 0.5453 0.0375 0.0258
0 0.4042 0.5195 0.0347 0.0148
0 0.3819 0.5086 0.0389 0.0148
0 0.6125 0.3742 0.0347 0.0234
0 0.4278 0.707 0.0611 0.0328
0 0.4639 0.6953 0.0306 0.0141
0 0.8014 0.732 0.0306 0.025
0 0.1625 0.3812 0.0431 0.0266
0 0.1417 0.4195 0.0444 0.0219
0 0.2181 0.4695 0.0389 0.0164
0 0.1181 0.457 0.0333 0.0195
0 0.1056 0.4297 0.0444 0.0234
0 0.0736 0.3484 0.0444 0.0203
0 0.0667 0.2312 0.0403 0.0234
0 0.0097 0.2258 0.0167 0.0211
0 0.0431 0.1539 0.0333 0.0234
0 0.0806 0.1531 0.0361 0.0188
0 0.1153 0.3227 0.0194 0.0141
0 0.0097 0.2102 0.0208 0.0156
0 0.8889 0.5125 0.0278 0.018
0 0.925 0.4867 0.0222 0.0164
0 0.95 0.4359 0.0278 0.0164
0 0.9931 0.1617 0.0097 0.0273
