0 0.1361 0.193 0.05 0.0227
0 0.175 0.2281 0.0486 0.0234
0 0.0917 0.268 0.0708 0.0328
0 0.1667 0.3109 0.0528 0.025
0 0.0681 0.3078 0.0694 0.032
0 0.3764 0.4047 0.0514 0.0258
0 0.3167 0.3805 0.0319 0.0141
0 0.1528 0.4391 0.0528 0.0266
0 0.45 0.525 0.0458 0.0297
0 0.5417 0.5492 0.0486 0.0289
0 0.225 0.5961 0.05 0.0336
0 0.3361 0.4391 0.0375 0.0258
0 0.25 0.4164 0.0528 0.0289
0 0.05 0.6797 0.0597 0.0297
0 0.0194 0.6273 0.0347 0.0359
0 0.1222 0.7258 0.0444 0.0266
0 0.2569 0.85 0.0514 0.032
0 0.2514 0.8867 0.0542 0.0328
0 0.4542 0.7422 0.0486 0.0312
0 0.2986 0.7461 0.0542 0.0242
0 0.4764 0.7945 0.0333 0.0289
0 0.4472 0.782 0.0375 0.0258
0 0.8264 0.9008 0.0417 0.0203
0 0.4125 0.5016 0.0514 0.0227
0 0.2 0.4734 0.0333 0.0195
0 0.9667 0.3578 0.0542 0.0172
0 0.9722 0.3914 0.0458 0.0297
0 0.9819 0.4734 0.0319 0.0281
0 0.9347 0.532 0.0361 0.0273
0 0.9097 0.5836 0.0458 0.0227
0 0.9472 0.6867 0.0486 0.0242
0 0.875 0.6242 0.0333 0.0133
0 0.9264 0.6172 0.0194 0.0188
0 0.3958 0.5781 0.0375 0.0227
0 0.4556 0.5852 0.0347 0.018
0 0.0347 0.4492 0.0278 0.0219
0 0.0819 0.4484 0.0181 0.0164
0 0.0806 0.525 0.0139 0.0156
0 0.0264 0.5148 0.0236 0.0125
0 0.0083 0.557 0.0181 0.0164
0 0.2722 0.4844 0.0403 0.0305
0 0.3167 0.4664 0.0333 0.0164
0 0.3972 0.45 0.0236 0.0242
0 0.0181 0.6508 0.0347 0.0297
0 0.0347 0.7695 0.0653 0.0266
0 0.5486 0.7867 0.0417 0.0211
0 0.5306 0.8109 0.0486 0.025
0 0.6417 0.8453 0.0361 0.0219
0 0.7694 0.7703 0.05 0.025
0 0.6972 0.9625 0.0528 0.0367
0 0.6569 0.9547 0.0292 0.0203
0 0.6542 0.9859 0.0347 0.0242
0 0.8958 0.9156 0.0472 0.0273
0 0.9319 0.8969 0.0472 0.0258
0 0.9889 0.6039 0.0167 0.025
0 0.9778 0.5172 0.0417 0.0156
0 0.4819 0.5562 0.0403 0.0195
0 0.5708 0.6789 0.0431 0.0195
