0 0.3931 0.2695 0.0319 0.0266
0 0.5792 0.4633 0.0389 0.0242
0 0.6153 0.4602 0.0278 0.0227
0 0.2681 0.4719 0.0306 0.0188
0 0.3097 0.5469 0.0292 0.0156
0 0.4972 0.5344 0.0417 0.0273
0 0.5319 0.5312 0.0458 0.025
0 0.2806 0.5898 0.0403 0.0188
0 0.2792 0.5664 0.0319 0.0195
0 0.2806 0.6234 0.0472 0.032
0 0.5028 0.5742 0.0319 0.0188
0 0.725 0.6031 0.0375 0.0203
0 0.7944 0.6133 0.0264 0.0164
0 0.7625 0.6133 0.0278 0.0219
0 0.7014 0.5578 0.0306 0.0195
0 0.7375 0.5477 0.0264 0.0148
0 0.6514 0.5898 0.0403 0.0164
0 0.6097 0.5914 0.0278 0.0211
0 0.5361 0.5727 0.025 0.0125
0 0.3667 0.6219 0.0278 0.0156
0 0.0208 0.4539 0.0347 0.025
0 0.9611 0.6875 0.0417 0.0227
0 0.3583 0.4188 0.0278 0.018
0 0.3986 0.6281 0.0389 0.018
0 0.3903 0.2969 0.0264 0.0109
0 0.1819 0.4664 0.025 0.0172
0 0.15 0.6305 0.0333 0.0164
0 0.0569 0.5453 0.0208 0.0156
0 0.5931 0.5578 0.0194 0.0195
0 0.3347 0.4906 0.0222 0.0203
0 0.3958 0.4883 0.0389 0.0266
0 0.4556 0.4922 0.0333 0.0148
0 0.625 0.5656 0.0375 0.0227
0 0.4097 0.6031 0.0292 0.0172
0 0.4125 0.5867 0.0208 0.018
