0 0.3556 0.1406 0.0292 0.0164
0 0.3875 0.1984 0.0528 0.0195
0 0.4153 0.2281 0.0458 0.0234
0 0.3458 0.2641 0.0569 0.0328
0 0.3125 0.2648 0.0514 0.0242
0 0.3889 0.3078 0.0528 0.0227
0 0.4389 0.3164 0.0417 0.0148
0 0.5319 0.4062 0.0569 0.0242
0 0.5514 0.4703 0.0486 0.032
0 0.3431 0.4336 0.0514 0.0227
0 0.3083 0.5125 0.0361 0.032
0 0.2236 0.5305 0.0611 0.0266
0 0.2097 0.5531 0.0417 0.0367
0 0.4458 0.4633 0.0431 0.0188
0 0.2819 0.6094 0.0528 0.0266
0 0.2542 0.6422 0.0653 0.0312
0 0.2042 0.6766 0.0528 0.0258
0 0.1667 0.7031 0.0583 0.032
0 0.3861 0.6578 0.0514 0.0328
0 0.3792 0.7438 0.0528 0.0289
0 0.1639 0.8328 0.0722 0.0375
0 0.5556 0.8195 0.0653 0.0367
0 0.2639 0.7594 0.0556 0.0258
0 0.6597 0.5102 0.0389 0.0234
0 0.7222 0.5328 0.0583 0.0352
0 0.5431 0.8492 0.0653 0.0352
0 0.5486 0.7227 0.0569 0.0211
0 0.7375 0.7562 0.0556 0.0266
0 0.6861 0.7094 0.0556 0.0289
0 0.8014 0.7492 0.0264 0.0258
0 0.6778 0.7492 0.0514 0.0258
0 0.5847 0.5641 0.0583 0.0289
0 0.5042 0.3898 0.0292 0.0141
0 0.4861 0.432 0.0222 0.0117
0 0.6181 0.4438 0.0153 0.0148
0 0.4486 0.4273 0.0292 0.0211
0 0.4375 0.4078 0.0194 0.0148
0 0.5139 0.5789 0.0375 0.032
0 0.2764 0.6266 0.0375 0.0148
0 0.9681 0.9 0.0542 0.0336
0 0.8306 0.9727 0.0403 0.0281
0 0.7667 0.9695 0.0431 0.0328
0 0.9347 0.6367 0.0319 0.0172
0 0.9611 0.6555 0.0375 0.025
0 0.9528 0.5742 0.0417 0.0203
0 0.6583 0.5359 0.0319 0.0133
