0 0.4556 0.25 0.0361 0.0258
0 0.4403 0.2242 0.0458 0.0242
0 0.1361 0.0992 0.0417 0.0227
0 0.0986 0.1594 0.0361 0.0234
0 0.1028 0.1859 0.0458 0.0258
0 0.3194 0.1922 0.0389 0.0234
0 0.2792 0.1828 0.0403 0.0234
0 0.1986 0.1812 0.0403 0.0242
0 0.1694 0.1742 0.0333 0.0211
0 0.1611 0.1469 0.0306 0.0195
0 0.1069 0.125 0.0306 0.0195
0 0.0792 0.1234 0.0222 0.0156
0 0.4028 0.2273 0.0333 0.0203
0 0.4 0.2023 0.0431 0.0211
0 0.2306 0.2094 0.0319 0.0203
0 0.2319 0.1797 0.0208 0.0164
0 0.1167 0.207 0.0264 0.0133
0 0.0625 0.2391 0.0375 0.0203
0 0.2236 0.2539 0.0236 0.0219
0 0.2028 0.3508 0.0417 0.0188
0 0.3528 0.3539 0.0264 0.0164
0 0.3889 0.3586 0.0333 0.0195
0 0.6528 0.393 0.0472 0.0203
0 0.3486 0.4391 0.0319 0.0172
0 0.3069 0.4406 0.0375 0.0195
0 0.2097 0.4367 0.0375 0.0203
0 0.0222 0.4578 0.0375 0.0227
0 0.5625 0.6047 0.0611 0.0289
0 0.5042 0.5789 0.0458 0.0273
0 0.1514 0.6797 0.0389 0.0188
0 0.2194 0.6438 0.0486 0.0273
0 0.0542 0.6266 0.0319 0.0203
0 0.0208 0.5938 0.0333 0.0234
0 0.6736 0.5852 0.05 0.0266
0 0.7028 0.5742 0.0472 0.0266
0 0.7778 0.5758 0.0458 0.0297
0 0.9361 0.5992 0.0514 0.0281
0 0.8042 0.5867 0.0361 0.0188
0 0.7958 0.5344 0.0431 0.0188
0 0.7125 0.4531 0.0431 0.0234
0 0.6028 0.4789 0.0403 0.0156
0 0.7028 0.393 0.0375 0.0211
0 0.4167 0.1766 0.0361 0.0211
0 0.3764 0.3703 0.0208 0.0164
0 0.4 0.3797 0.0264 0.0102
0 0.1778 0.4102 0.0347 0.0172
0 0.1042 0.2289 0.0333 0.0164
0 0.3236 0.1727 0.0236 0.0156
0 0.1375 0.1547 0.0292 0.0172
0 0.2986 0.1469 0.0347 0.0164
0 0.3681 0.1805 0.0319 0.0156
0 0.4486 0.2039 0.0236 0.0117
0 0.4833 0.2484 0.0222 0.0195
0 0.1375 0.2836 0.0167 0.0148
0 0.1139 0.2688 0.0417 0.0172
0 0.2764 0.35 0.0361 0.0133
0 0.4056 0.3695 0.0222 0.0141
0 0.4236 0.3266 0.0361 0.0203
0 0.3736 0.3281 0.025 0.0188
0 0.2097 0.3891 0.0347 0.0227
0 0.1875 0.3922 0.0292 0.0148
0 0.2403 0.4008 0.0403 0.0172
0 0.2125 0.4219 0.0319 0.0102
0 0.2597 0.4789 0.0278 0.0148
0 0.4389 0.4516 0.0139 0.0148
0 0.4361 0.4641 0.0236 0.0148
0 0.0653 0.4891 0.0292 0.0117
0 0.2861 0.5008 0.0319 0.0094
0 0.0097 0.5539 0.0167 0.0148
0 0.0194 0.525 0.0389 0.0266
0 0.1653 0.6422 0.0167 0.0172
0 0.4722 0.5477 0.0597 0.0273
0 0.9736 0.5695 0.0333 0.0195
0 0.6917 0.4375 0.0278 0.0141
0 0.7542 0.457 0.0319 0.0094
0 0.8028 0.3781 0.0264 0.0195
0 0.5208 0.4641 0.0306 0.0156
