0 0.1236 0.7094 0.0319 0.0219
0 0.5694 0.5344 0.0361 0.0117
0 0.5583 0.5234 0.0361 0.0078
0 0.0278 0.5773 0.0347 0.0172
0 0.0694 0.4812 0.0458 0.025
0 0.0319 0.4945 0.0319 0.0109
0 0.0625 0.4367 0.0361 0.0156
0 0.05 0.3977 0.0347 0.0211
0 0.05 0.2984 0.0403 0.0242
0 0.5417 0.3 0.0333 0.0258
0 0.5764 0.3086 0.0486 0.0258
0 0.5306 0.232 0.0278 0.0195
0 0.4083 0.1641 0.0444 0.0297
0 0.3806 0.182 0.0444 0.0227
0 0.3361 0.1805 0.0431 0.0242
0 0.3917 0.2102 0.0347 0.0258
0 0.3514 0.1547 0.0528 0.0172
0 0.0569 0.4188 0.0639 0.0234
0 0.3 0.768 0.0444 0.0281
0 0.1444 0.8031 0.0542 0.0305
0 0.95 0.6898 0.0264 0.0148
0 0.9722 0.6211 0.0194 0.0141
