0 0.7764 0.2125 0.0597 0.032
0 0.8153 0.2008 0.0694 0.0352
0 0.8625 0.2406 0.0569 0.025
0 0.9778 0.2234 0.0375 0.0266
0 0.5069 0.318 0.0417 0.0281
0 0.6069 0.332 0.0472 0.0234
0 0.8792 0.2727 0.0611 0.0258
0 0.9403 0.2969 0.0472 0.0281
0 0.9847 0.2844 0.0264 0.0242
0 0.8208 0.3117 0.0778 0.0367
0 0.8889 0.3562 0.0333 0.0234
0 0.8542 0.3516 0.05 0.0352
0 0.7375 0.3547 0.0306 0.0164
0 0.7722 0.4195 0.0514 0.0359
0 0.9889 0.3633 0.0181 0.0242
0 0.7181 0.4352 0.0431 0.0266
0 0.6792 0.4672 0.0375 0.0281
0 0.6319 0.4711 0.0486 0.0258
0 0.6222 0.493 0.0236 0.0203
0 0.5917 0.5 0.05 0.0227
0 0.5403 0.4984 0.0417 0.032
0 0.7722 0.5188 0.0389 0.0211
0 0.8569 0.468 0.0306 0.0219
0 0.9236 0.4805 0.0361 0.025
0 0.5861 0.5523 0.0306 0.0266
0 0.5153 0.5688 0.0444 0.0273
0 0.0389 0.5914 0.0667 0.0258
0 0.6806 0.7766 0.0556 0.0281
0 0.6944 0.8266 0.0611 0.0336
0 0.8528 0.6094 0.0389 0.0312
0 0.6833 0.2766 0.0236 0.018
0 0.65 0.3344 0.0417 0.0117
0 0.7931 0.3617 0.0208 0.0242
0 0.9806 0.1273 0.0361 0.0281
0 0.9583 0.3797 0.0569 0.0219
0 0.9792 0.4273 0.0375 0.0164
0 0.9889 0.3984 0.0181 0.0297
0 0.0056 0.5305 0.0125 0.0258
0 0.0153 0.5773 0.0319 0.0195
0 0.0333 0.707 0.0653 0.0375
0 0.0167 0.6734 0.0125 0.0211
0 0.4403 0.7273 0.0569 0.0328
0 0.5097 0.7711 0.0333 0.0305
0 0.5556 0.7203 0.0181 0.0102
0 0.525 0.8594 0.0514 0.0297
0 0.9625 0.8219 0.05 0.0281
0 0.9722 0.7852 0.0472 0.025
0 0.8944 0.7406 0.0153 0.007
0 0.8917 0.782 0.0472 0.0219
0 0.9694 0.6219 0.0583 0.0312
