0 0.5083 0.1461 0.0417 0.032
0 0.5417 0.1469 0.0611 0.0367
0 0.5458 0.1672 0.0514 0.0133
0 0.5069 0.2398 0.0639 0.0367
0 0.4722 0.2461 0.0417 0.032
0 0.4014 0.3391 0.0597 0.025
0 0.5833 0.3844 0.0625 0.0312
0 0.5194 0.4117 0.0542 0.0359
0 0.3639 0.4969 0.0486 0.0273
0 0.5278 0.4484 0.0236 0.0102
0 0.5333 0.4797 0.0403 0.025
0 0.5792 0.5031 0.0417 0.0219
0 0.6514 0.5023 0.05 0.0359
0 0.6917 0.4797 0.0389 0.0172
0 0.3028 0.5281 0.0514 0.0336
0 0.2903 0.5547 0.0514 0.0258
0 0.3556 0.5648 0.0403 0.0281
0 0.3528 0.5945 0.0569 0.0305
0 0.2806 0.5789 0.0569 0.0273
0 0.2806 0.6016 0.0639 0.0211
0 0.8111 0.5852 0.0556 0.0305
0 0.5764 0.6273 0.025 0.0109
0 0.4194 0.6898 0.0611 0.0258
0 0.3764 0.7148 0.0556 0.0336
0 0.35 0.6953 0.0486 0.0227
0 0.3222 0.6859 0.0444 0.0312
0 0.3139 0.7766 0.0597 0.0352
0 0.3278 0.9016 0.0306 0.0367
0 0.3819 0.9086 0.0583 0.0375
0 0.5167 0.8344 0.0417 0.0188
0 0.6944 0.8375 0.0347 0.0148
0 0.3736 0.3781 0.0597 0.025
0 0.4278 0.5977 0.0306 0.018
0 0.6542 0.693 0.0583 0.0336
0 0.5056 0.8672 0.0194 0.0195
0 0.1819 0.9266 0.0486 0.0312
0 0.0847 0.8945 0.0514 0.0203
0 0.6125 0.4891 0.0361 0.0242
0 0.2681 0.6617 0.0181 0.0117
0 0.4097 0.7422 0.0472 0.0172
0 0.3639 0.9727 0.0181 0.0133
