0 0.6403 0.2227 0.0556 0.0336
0 0.7583 0.6242 0.0542 0.0281
0 0.4958 0.3164 0.0375 0.0258
0 0.4431 0.1953 0.0389 0.0281
0 0.5292 0.5781 0.0514 0.0281
0 0.5611 0.6 0.0611 0.0344
0 0.6681 0.2555 0.0458 0.0234
0 0.5444 0.2719 0.0431 0.0227
0 0.7944 0.257 0.0292 0.0211
0 0.5278 0.2922 0.0306 0.0164
0 0.6056 0.5195 0.0431 0.0234
0 0.9208 0.482 0.0417 0.0211
0 0.4667 0.1961 0.0347 0.0258
0 0.5889 0.1164 0.0556 0.0367
0 0.5125 0.2641 0.0264 0.0102
0 0.5069 0.2742 0.0319 0.0109
0 0.4806 0.293 0.0278 0.0164
0 0.4694 0.3117 0.0236 0.0125
0 0.475 0.325 0.0361 0.0148
0 0.2611 0.3422 0.0375 0.0188
0 0.6069 0.2266 0.025 0.0188
0 0.6861 0.2859 0.0472 0.0227
0 0.7181 0.2539 0.0361 0.0195
0 0.7653 0.2578 0.0333 0.0203
0 0.2667 0.325 0.0319 0.018
0 0.7083 0.4234 0.0292 0.0172
0 0.7042 0.4062 0.0236 0.0078
0 0.4417 0.4102 0.0347 0.0219
0 0.9236 0.4992 0.0306 0.0109
0 0.5958 0.5367 0.0486 0.0195
0 0.475 0.5922 0.0417 0.0336
