0 0.15 0.0117 0.0472 0.0219
0 0.1569 0.0281 0.0319 0.0133
0 0.0875 0.1375 0.0347 0.0258
0 0.2458 0.1398 0.0458 0.0273
0 0.2194 0.0961 0.0361 0.0195
0 0.2917 0.1391 0.0431 0.0297
0 0.2319 0.1695 0.0306 0.0188
0 0.1306 0.2086 0.0431 0.0297
0 0.2972 0.175 0.0403 0.0195
0 0.0139 0.275 0.025 0.0289
0 0.0417 0.2992 0.0417 0.0219
0 0.0292 0.3141 0.0486 0.0211
0 0.0694 0.3086 0.0333 0.0102
0 0.1486 0.2734 0.0486 0.0227
0 0.2389 0.2664 0.0472 0.0211
0 0.3375 0.2547 0.0458 0.0281
0 0.3611 0.3188 0.0389 0.0195
0 0.3236 0.3305 0.0403 0.0156
0 0.9417 0.0141 0.0708 0.025
0 0.9111 0.1078 0.0375 0.0219
0 0.9181 0.1398 0.0556 0.0328
0 0.9931 0.143 0.0097 0.0305
0 0.7361 0.2352 0.0542 0.0305
0 0.7583 0.2203 0.0264 0.0242
0 0.7611 0.2703 0.05 0.0242
0 0.9278 0.2414 0.0611 0.0367
0 0.9611 0.2336 0.0222 0.0117
0 0.8903 0.2969 0.0653 0.0398
0 0.9542 0.3164 0.0806 0.0336
0 0.475 0.382 0.0472 0.0273
0 0.1236 0.4164 0.0236 0.0148
0 0.0347 0.4273 0.0514 0.0227
0 0.3014 0.4375 0.0236 0.0148
0 0.3861 0.4523 0.0264 0.0148
0 0.65 0.3734 0.0639 0.0344
0 0.7306 0.3844 0.0542 0.0234
0 0.9417 0.3547 0.0583 0.0336
0 0.8139 0.4023 0.0236 0.0141
0 0.7819 0.4375 0.0639 0.0344
0 0.8472 0.4438 0.0681 0.0359
0 0.2806 0.5164 0.0292 0.0164
0 0.2736 0.5477 0.025 0.0109
0 0.1597 0.5914 0.0375 0.0281
0 0.1139 0.5711 0.0375 0.0125
0 0.0403 0.5844 0.0569 0.0352
0 0.0889 0.6047 0.0306 0.0172
0 0.0903 0.618 0.0292 0.0133
0 0.2292 0.6219 0.0236 0.0188
0 0.1028 0.6844 0.0514 0.0352
0 0.3319 0.693 0.0528 0.0188
0 0.3931 0.7281 0.0514 0.0305
0 0.6056 0.5969 0.0361 0.0133
0 0.6444 0.5938 0.0208 0.0156
0 0.7667 0.6453 0.0542 0.0297
