0 0.1764 0.15 0.05 0.0242
0 0.1861 0.1641 0.0347 0.0141
0 0.225 0.1508 0.0444 0.0266
0 0.2514 0.1383 0.0319 0.0172
0 0.3181 0.1469 0.0292 0.018
0 0.3389 0.1516 0.0417 0.0211
0 0.35 0.1844 0.05 0.0281
0 0.4056 0.1828 0.0583 0.0336
0 0.2681 0.2484 0.0278 0.0281
0 0.3222 0.2641 0.0472 0.0297
0 0.4042 0.2266 0.0153 0.0156
0 0.3681 0.2641 0.0417 0.0336
0 0.35 0.2258 0.0153 0.0219
0 0.2069 0.3273 0.0389 0.0211
0 0.2611 0.3125 0.0361 0.0195
0 0.3292 0.318 0.0319 0.018
0 0.3944 0.3117 0.0292 0.0188
0 0.5153 0.2883 0.0486 0.0312
0 0.4333 0.3203 0.0208 0.0234
0 0.475 0.3797 0.0472 0.0281
0 0.8972 0.3094 0.0278 0.0227
0 0.8903 0.2555 0.0458 0.0281
0 0.4458 0.3727 0.0222 0.0234
0 0.4194 0.3836 0.0472 0.0305
0 0.375 0.3398 0.0542 0.0336
0 0.2097 0.3508 0.0444 0.0258
0 0.1611 0.357 0.0569 0.0234
0 0.4792 0.3922 0.0417 0.0141
0 0.3667 0.4242 0.0375 0.0203
0 0.4431 0.4281 0.0167 0.0094
0 0.4681 0.4336 0.0167 0.0094
0 0.8514 0.4633 0.0556 0.0234
0 0.4986 0.5109 0.0528 0.0344
0 0.1125 0.3945 0.0667 0.032
0 0.1444 0.3719 0.0514 0.0242
0 0.2056 0.3836 0.0222 0.018
0 0.2222 0.4 0.0389 0.0203
0 0.1722 0.407 0.0306 0.0266
0 0.1236 0.4195 0.0431 0.0234
0 0.1306 0.4391 0.0333 0.0172
0 0.1611 0.4344 0.0444 0.0234
0 0.2 0.4141 0.0458 0.0273
0 0.3278 0.475 0.0389 0.0203
0 0.2833 0.5164 0.0458 0.0219
0 0.3319 0.4906 0.0292 0.0156
0 0.4153 0.4969 0.0292 0.0219
0 0.4222 0.4648 0.0361 0.0227
0 0.4972 0.4688 0.0139 0.0172
0 0.4375 0.4969 0.0236 0.018
0 0.3694 0.5203 0.0292 0.0188
0 0.3847 0.5398 0.0514 0.0297
0 0.5097 0.5438 0.0375 0.0195
0 0.5389 0.5883 0.0528 0.0289
0 0.475 0.732 0.0278 0.0164
0 0.4931 0.7602 0.0333 0.0188
0 0.4792 0.7766 0.0319 0.0234
0 0.7472 0.5938 0.0431 0.0141
