0 0.5722 0.5039 0.0319 0.0219
0 0.6278 0.5047 0.0361 0.0148
0 0.6556 0.5195 0.0347 0.025
0 0.6833 0.5234 0.0222 0.0125
0 0.7111 0.5344 0.0375 0.0258
0 0.5597 0.6477 0.0292 0.0266
0 0.5306 0.6578 0.0236 0.0141
0 0.6014 0.6656 0.05 0.0211
0 0.6778 0.6656 0.0333 0.0242
0 0.6694 0.6891 0.0444 0.0266
0 0.6292 0.7133 0.0319 0.0188
0 0.4694 0.7195 0.0417 0.0258
0 0.7736 0.6797 0.0319 0.0117
0 0.6778 0.5672 0.0472 0.0242
0 0.3847 0.6383 0.0181 0.0172
0 0.7347 0.7844 0.0403 0.0234
0 0.8306 0.8555 0.0472 0.0344
0 0.8861 0.8453 0.0417 0.0211
0 0.8569 0.7367 0.0431 0.0172
0 0.2722 0.643 0.0264 0.0156
0 0.0875 0.4414 0.0431 0.0258
0 0.1361 0.4633 0.0514 0.0266
0 0.0694 0.4898 0.0528 0.0266
0 0.0708 0.5125 0.0556 0.0227
0 0.1611 0.4758 0.0375 0.025
0 0.1222 0.6539 0.0472 0.0234
0 0.1889 0.4984 0.0375 0.0164
0 0.2306 0.5008 0.0389 0.0164
0 0.5375 0.5797 0.0333 0.0211
0 0.5944 0.7297 0.0278 0.0211
0 0.0222 0.7555 0.0403 0.025
0 0.1069 0.7211 0.0361 0.0164
0 0.15 0.7164 0.0472 0.0281
0 0.1167 0.6812 0.0528 0.025
