0 0.1306 0.157 0.0389 0.0203
0 0.1653 0.1555 0.0278 0.0148
0 0.0875 0.2352 0.0292 0.0172
0 0.0236 0.2484 0.0194 0.0211
0 0.1681 0.2375 0.0361 0.0219
0 0.2069 0.3594 0.0333 0.0195
0 0.0792 0.043 0.0375 0.0258
0 0.0681 0.0227 0.025 0.0164
0 0.0125 0.0117 0.0222 0.0242
0 0.0319 0.057 0.0347 0.0227
0 0.0097 0.0586 0.0194 0.018
0 0.0722 0.2516 0.025 0.0188
0 0.0931 0.2188 0.0319 0.0156
0 0.2458 0.3305 0.0292 0.0188
0 0.2986 0.3914 0.0347 0.0234
0 0.2792 0.432 0.0319 0.0211
0 0.2333 0.4188 0.0319 0.0172
0 0.2375 0.4461 0.0403 0.0219
0 0.2583 0.4758 0.0361 0.0188
0 0.2597 0.4938 0.025 0.0156
0 0.3722 0.4859 0.0444 0.018
0 0.4264 0.4844 0.0208 0.0133
0 0.2292 0.2562 0.0194 0.0133
0 0.1333 0.3148 0.0125 0.0148
0 0.0417 0.5984 0.0333 0.0195
0 0.05 0.5727 0.0306 0.0164
0 0.1389 0.6156 0.0361 0.0164
0 0.1417 0.6297 0.0403 0.0133
0 0.5486 0.5203 0.0403 0.0195
0 0.575 0.5328 0.0417 0.018
0 0.7389 0.5547 0.0458 0.0258
0 0.8125 0.4336 0.0431 0.025
0 0.8528 0.4344 0.0417 0.0266
0 0.7986 0.3734 0.0333 0.0219
0 0.6389 0.5281 0.0181 0.0203
0 0.9222 0.6031 0.0361 0.0211
0 0.7014 0.7352 0.0569 0.0328
0 0.6708 0.2336 0.0417 0.0203
0 0.6736 0.2117 0.0319 0.0242
0 0.9778 0.4969 0.0417 0.0211
0 0.5875 0.0672 0.0486 0.0273
0 0.5861 0.0891 0.0486 0.0234
0 0.6542 0.1086 0.0347 0.0133
0 0.5069 0.0633 0.0486 0.0344
0 0.4403 0.3695 0.0319 0.018
0 0.0819 0.1383 0.0208 0.0125
0 0.3139 0.3484 0.0319 0.0172
0 0.6486 0.1273 0.0431 0.018
0 0.3028 0.5648 0.0264 0.0133
0 0.9778 0.6203 0.0389 0.018
0 0.5097 0.332 0.0194 0.0125
0 0.4792 0.5773 0.0361 0.0141
0 0.7625 0.7508 0.0306 0.0156
0 0.8889 0.7398 0.0319 0.025
0 0.9417 0.7562 0.0361 0.0156
0 0.7264 0.7211 0.0375 0.0203
