0 0.4708 0.2844 0.0472 0.0336
0 0.5944 0.3055 0.0333 0.0211
0 0.6125 0.293 0.0333 0.0211
0 0.7375 0.3914 0.0417 0.0211
0 0.9653 0.4281 0.0403 0.0219
0 0.8431 0.5305 0.0611 0.0383
0 0.8931 0.7148 0.0708 0.0359
0 0.5569 0.3508 0.0181 0.0188
0 0.2375 0.3797 0.0375 0.0172
0 0.325 0.3805 0.0264 0.0211
0 0.2056 0.4727 0.0292 0.018
0 0.7083 0.6047 0.025 0.0109
0 0.9222 0.6711 0.0264 0.0109
0 0.7458 0.518 0.0347 0.0133
0 0.7681 0.4977 0.0208 0.0133
0 0.7694 0.4391 0.0264 0.0117
0 0.7944 0.4344 0.0222 0.0102
0 0.6111 0.5266 0.0306 0.0141
