0 0.1139 0.1039 0.0403 0.0234
0 0.175 0.1133 0.0403 0.0234
0 0.1764 0.132 0.0403 0.0203
0 0.2389 0.1586 0.0389 0.0258
0 0.2486 0.2422 0.0389 0.0203
0 0.2444 0.2617 0.0333 0.0188
0 0.1472 0.5109 0.0347 0.0164
0 0.175 0.5227 0.0333 0.0156
0 0.3111 0.5461 0.0389 0.0227
0 0.3986 0.5898 0.0264 0.0195
0 0.3778 0.6094 0.0361 0.0211
0 0.4139 0.5906 0.0208 0.018
0 0.3819 0.4406 0.0375 0.0203
0 0.4181 0.4414 0.0361 0.0188
0 0.4472 0.4992 0.0389 0.0188
0 0.5889 0.4422 0.0361 0.0195
0 0.6194 0.45 0.0444 0.0258
0 0.4944 0.5461 0.0222 0.0078
0 0.5458 0.4836 0.0417 0.0211
0 0.5847 0.4727 0.0278 0.0164
0 0.1611 0.693 0.0458 0.0281
0 0.0111 0.475 0.0222 0.0164
0 0.2125 0.5352 0.0278 0.0156
0 0.8111 0.5516 0.0361 0.0258
0 0.8528 0.557 0.0486 0.0273
0 0.7583 0.6672 0.0319 0.0203
0 0.7111 0.1172 0.0431 0.0258
0 0.7694 0.1367 0.0444 0.0258
0 0.8097 0.1383 0.0333 0.0195
0 0.8444 0.1312 0.0361 0.0195
0 0.8333 0.1508 0.0375 0.0188
0 0.7486 0.15 0.0306 0.0164
0 0.85 0.1797 0.0347 0.0203
0 0.8194 0.1828 0.0278 0.0078
0 0.7042 0.2297 0.0333 0.018
0 0.7222 0.2516 0.0431 0.0211
0 0.7472 0.2828 0.0306 0.0156
0 0.7208 0.2258 0.0278 0.0148
0 0.8139 0.2656 0.0306 0.0242
0 0.8694 0.2539 0.0389 0.018
0 0.7556 0.3141 0.0361 0.0219
0 0.825 0.2984 0.0361 0.0211
0 0.8097 0.318 0.0444 0.0172
0 0.8444 0.3281 0.0319 0.0203
0 0.7944 0.3508 0.0306 0.0211
0 0.7611 0.3438 0.0278 0.018
0 0.6917 0.3617 0.0278 0.0219
0 0.7264 0.3633 0.0306 0.0227
0 0.6667 0.2672 0.0264 0.0172
0 0.6458 0.2664 0.0278 0.018
0 0.5931 0.4938 0.0389 0.0242
0 0.6097 0.5195 0.0319 0.0164
0 0.7194 0.4688 0.0403 0.0211
0 0.9889 0.6594 0.0194 0.0234
0 0.9722 0.6508 0.0208 0.0227
0 0.9292 0.4586 0.0486 0.032
0 0.8208 0.493 0.0319 0.0188
0 0.8111 0.4703 0.0222 0.0172
0 0.3514 0.6062 0.0319 0.0195
0 0.4764 0.5 0.0222 0.0117
0 0.9736 0.5039 0.0347 0.0203
0 0.9958 0.6359 0.0056 0.0141
0 0.9861 0.6273 0.0236 0.025
0 0.8778 0.5898 0.0417 0.0094
