0 0.2375 0.3852 0.0583 0.0219
0 0.2361 0.4133 0.0236 0.0164
0 0.2931 0.4352 0.0472 0.025
0 0.1903 0.4438 0.0514 0.0242
0 0.1611 0.4633 0.0278 0.0148
0 0.225 0.468 0.0333 0.0164
0 0.2917 0.4758 0.0431 0.025
0 0.3181 0.5039 0.0444 0.0234
0 0.2889 0.5141 0.0458 0.0297
0 0.1861 0.5281 0.0264 0.0117
0 0.9764 0.4188 0.0444 0.0273
0 0.9542 0.432 0.0375 0.0195
0 0.2111 0.5906 0.0639 0.0273
0 0.1417 0.6406 0.0472 0.0156
0 0.2333 0.6578 0.0333 0.0211
0 0.2847 0.6148 0.0583 0.0281
0 0.3625 0.5852 0.0556 0.0281
0 0.3417 0.6383 0.0431 0.025
0 0.2056 0.7203 0.0417 0.0211
0 0.15 0.7219 0.0292 0.0273
0 0.4167 0.6453 0.0514 0.0281
0 0.4528 0.6688 0.05 0.025
0 0.4806 0.6219 0.0486 0.0195
0 0.7569 0.6039 0.0417 0.0188
0 0.7986 0.5891 0.0361 0.018
0 0.8889 0.5609 0.0375 0.0211
0 0.875 0.6164 0.0403 0.0164
0 0.9653 0.5461 0.0347 0.0234
0 0.9708 0.5703 0.0292 0.0258
0 0.975 0.5914 0.0347 0.0188
0 0.7264 0.6297 0.0375 0.018
0 0.7444 0.6203 0.0431 0.0148
0 0.0153 0.7359 0.0292 0.0234
