0 0.3194 0.6695 0.0611 0.0289
0 0.2819 0.6406 0.0583 0.0328
0 0.4125 0.6023 0.0444 0.0227
0 0.9833 0.6914 0.0306 0.0242
0 0.6 0.5398 0.0375 0.018
0 0.2917 0.5047 0.0403 0.0258
0 0.3347 0.5102 0.0431 0.0219
0 0.5708 0.5008 0.0264 0.0203
0 0.6486 0.4555 0.0514 0.0289
0 0.6958 0.4586 0.0486 0.0281
0 0.3972 0.4312 0.0278 0.0203
0 0.4306 0.3992 0.0403 0.025
0 0.5639 0.4195 0.0444 0.0227
0 0.7042 0.3516 0.0653 0.0258
0 0.4764 0.3727 0.05 0.0281
0 0.4111 0.3727 0.0264 0.0141
0 0.5903 0.3461 0.0458 0.0219
0 0.6653 0.3367 0.0375 0.0141
0 0.2611 0.3367 0.0403 0.0203
0 0.3972 0.2648 0.0389 0.0203
0 0.4694 0.2547 0.0375 0.0219
0 0.5 0.2414 0.0514 0.0273
0 0.4792 0.2172 0.0542 0.0133
0 0.7194 0.1977 0.0333 0.025
0 0.3681 0.2375 0.0306 0.0102
0 0.4542 0.1867 0.0514 0.0336
0 0.4486 0.1602 0.0444 0.0203
0 0.4986 0.1656 0.0444 0.025
0 0.6403 0.1445 0.0306 0.0219
0 0.5069 0.1406 0.0472 0.0266
0 0.5417 0.0273 0.0458 0.0297
0 0.6097 0.1109 0.0333 0.0164
0 0.5847 0.318 0.0194 0.0102
0 0.6153 0.3562 0.0181 0.0141
0 0.8 0.5492 0.0292 0.0109
0 0.6653 0.5891 0.0194 0.0117
0 0.5028 0.1852 0.0597 0.0328
0 0.6583 0.3984 0.025 0.0133
0 0.6931 0.3961 0.0444 0.0227
0 0.8542 0.7359 0.0292 0.0164
