0 0.1639 0.4656 0.0375 0.0188
0 0.4431 0.493 0.0347 0.0148
0 0.5125 0.4922 0.0361 0.0141
0 0.9347 0.5133 0.0264 0.0156
0 0.9042 0.5062 0.0222 0.0172
0 0.7389 0.4883 0.0292 0.018
0 0.6208 0.4523 0.0264 0.0211
0 0.6625 0.3586 0.0319 0.0164
0 0.9056 0.3766 0.0361 0.0203
0 0.6667 0.425 0.0181 0.018
0 0.6528 0.4078 0.0292 0.0141
0 0.6264 0.4266 0.0292 0.0102
0 0.3625 0.2961 0.0278 0.0156
0 0.3028 0.3414 0.0278 0.0133
0 0.2903 0.3086 0.0306 0.0148
0 0.0514 0.2953 0.0319 0.0156
0 0.0611 0.282 0.025 0.0141
0 0.975 0.4242 0.0319 0.0164
0 0.5583 0.4602 0.0306 0.0164
0 0.7292 0.2727 0.0389 0.0219
0 0.1333 0.1789 0.0236 0.0164
0 0.2639 0.2305 0.0278 0.0203
0 0.2792 0.2117 0.0236 0.0133
0 0.1111 0.157 0.0292 0.0156
0 0.0875 0.1656 0.0222 0.0156
0 0.0833 0.1797 0.0278 0.0148
0 0.35 0.2609 0.0278 0.0133
0 0.5097 0.4656 0.0181 0.0156
0 0.8153 0.4008 0.0278 0.0141
0 0.0111 0.1836 0.0222 0.0172
0 0.1708 0.4758 0.0361 0.0109
0 0.0222 0.3344 0.0306 0.0148
0 0.0611 0.1953 0.0194 0.0141
0 0.0722 0.2086 0.0236 0.0125
0 0.1389 0.2 0.0264 0.0109
0 0.0667 0.1453 0.0181 0.0133
0 0.2597 0.2555 0.0333 0.018
0 0.1819 0.2391 0.0236 0.0086
0 0.3972 0.3156 0.0236 0.0148
0 0.4222 0.3172 0.0222 0.0062
0 0.4486 0.3617 0.025 0.0117
0 0.9458 0.3805 0.0208 0.0141
0 0.5014 0.5273 0.0125 0.0125
0 0.5028 0.5445 0.0361 0.0172
0 0.8806 0.5086 0.0236 0.0195
0 0.9583 0.4258 0.025 0.0148
0 0.975 0.3961 0.0236 0.0094
0 0.6389 0.475 0.0208 0.0133
0 0.6764 0.4656 0.0236 0.0164
0 0.6833 0.3641 0.0153 0.0133
0 0.7889 0.3844 0.0472 0.0203
