0 0.5889 0.1859 0.0444 0.0234
0 0.5028 0.207 0.0347 0.0266
0 0.5792 0.2633 0.0306 0.0234
0 0.4681 0.2742 0.0444 0.0219
0 0.4111 0.3117 0.0375 0.0258
0 0.4819 0.3109 0.0542 0.0273
0 0.5889 0.3141 0.0403 0.0258
0 0.5569 0.3406 0.0333 0.0188
0 0.4361 0.3461 0.0431 0.0234
0 0.4083 0.3758 0.0514 0.0227
0 0.3583 0.3922 0.0431 0.0305
0 0.5389 0.3992 0.0458 0.0305
0 0.5444 0.4258 0.0375 0.0234
0 0.6444 0.4398 0.0417 0.025
0 0.3597 0.4516 0.0319 0.0188
0 0.4764 0.4539 0.0458 0.025
0 0.35 0.4758 0.0306 0.0188
0 0.3361 0.4867 0.0194 0.0125
0 0.4278 0.4828 0.025 0.0172
0 0.5875 0.4727 0.0403 0.0234
0 0.5486 0.482 0.0319 0.018
0 0.475 0.5195 0.0444 0.0195
0 0.4944 0.5609 0.0347 0.0195
0 0.4875 0.5383 0.0292 0.0133
0 0.5736 0.6148 0.0486 0.0211
0 0.4639 0.7094 0.0347 0.0094
0 0.4722 0.7273 0.0542 0.0312
0 0.4444 0.7438 0.0306 0.0258
0 0.6444 0.825 0.0403 0.0281
0 0.7514 0.5266 0.0347 0.0227
0 0.6694 0.5398 0.0306 0.0172
0 0.5 0.3609 0.0222 0.0148
0 0.5306 0.2219 0.0181 0.0172
0 0.4125 0.4875 0.0278 0.0125
0 0.6181 0.5039 0.0194 0.0188
0 0.7431 0.5648 0.0306 0.0203
0 0.7389 0.5438 0.0139 0.0156
0 0.7861 0.518 0.0181 0.0148
0 0.6722 0.5953 0.0333 0.0164
0 0.5181 0.5977 0.0264 0.0148
0 0.45 0.675 0.05 0.0281
0 0.6389 0.7578 0.0236 0.0188
0 0.8444 0.6203 0.0403 0.0258
0 0.7167 0.6195 0.0333 0.0133
0 0.7653 0.6312 0.0194 0.0164
0 0.3694 0.5742 0.0208 0.0148
0 0.3806 0.4055 0.0236 0.0172
