0 0.5167 0.1555 0.0569 0.0195
0 0.5861 0.1711 0.0611 0.0297
0 0.5861 0.1945 0.0583 0.0211
0 0.5222 0.193 0.0653 0.0352
0 0.35 0.1984 0.0625 0.0352
0 0.6111 0.243 0.0556 0.0359
0 0.4889 0.3281 0.0597 0.0281
0 0.5319 0.3094 0.0431 0.0164
0 0.4014 0.3008 0.0194 0.0273
0 0.5444 0.3891 0.0653 0.0375
0 0.4458 0.4047 0.0667 0.0352
0 0.5264 0.4188 0.0597 0.0234
0 0.5625 0.4359 0.0611 0.0172
0 0.7111 0.425 0.0597 0.0336
0 0.3611 0.468 0.0611 0.0359
0 0.2486 0.4914 0.0389 0.0219
0 0.2972 0.5461 0.0556 0.0242
0 0.5042 0.5758 0.0417 0.025
0 0.6 0.5328 0.0556 0.0234
0 0.1583 0.5625 0.0486 0.0305
0 0.0653 0.6656 0.05 0.0219
0 0.275 0.6797 0.0514 0.0305
0 0.4194 0.6742 0.0514 0.0258
0 0.4306 0.6133 0.0528 0.0281
0 0.3389 0.5602 0.0347 0.0188
0 0.5667 0.6953 0.0458 0.0297
0 0.3819 0.7984 0.0681 0.0438
0 0.6403 0.6891 0.0431 0.0156
0 0.6222 0.6719 0.0611 0.0203
0 0.6958 0.6523 0.0375 0.0211
0 0.8903 0.6711 0.0542 0.0281
0 0.9361 0.6695 0.0403 0.025
0 0.5181 0.2516 0.0292 0.0203
0 0.4986 0.3711 0.0667 0.0242
0 0.2986 0.4914 0.0444 0.0242
0 0.3111 0.6062 0.0347 0.0172
0 0.6264 0.5984 0.0403 0.018
0 0.5153 0.4875 0.0319 0.0125
0 0.7125 0.4523 0.025 0.0141
