0 0.5444 0.0602 0.025 0.0164
0 0.575 0.0492 0.0181 0.0117
0 0.6222 0.0828 0.0431 0.0273
0 0.6292 0.068 0.0361 0.018
0 0.5806 0.0852 0.0319 0.0195
0 0.5417 0.1562 0.0472 0.0273
0 0.4222 0.2641 0.0389 0.025
0 0.4514 0.2633 0.025 0.0195
0 0.4778 0.2664 0.0194 0.0234
0 0.3472 0.3047 0.0444 0.0172
0 0.3708 0.3508 0.0444 0.0242
0 0.4083 0.3555 0.0417 0.0281
0 0.4861 0.3453 0.0375 0.0258
0 0.5264 0.3422 0.0403 0.0297
0 0.5278 0.3109 0.025 0.0109
0 0.4569 0.3773 0.0431 0.0234
0 0.3569 0.4281 0.0444 0.0266
0 0.4681 0.4039 0.0333 0.0148
0 0.5028 0.4062 0.0444 0.0219
0 0.4222 0.4453 0.0403 0.018
0 0.5278 0.4305 0.0125 0.0102
0 0.6667 0.4594 0.0194 0.0156
0 0.7181 0.4523 0.0222 0.0086
0 0.5306 0.4852 0.0194 0.0219
0 0.4472 0.5016 0.0389 0.0297
0 0.3764 0.4953 0.0375 0.025
0 0.2903 0.5078 0.0222 0.0172
0 0.4 0.557 0.0375 0.0211
0 0.4167 0.5773 0.0444 0.0234
0 0.3569 0.5672 0.0514 0.0172
0 0.3875 0.5969 0.0264 0.0234
0 0.5639 0.5688 0.0431 0.025
0 0.6431 0.5227 0.0431 0.0211
0 0.6194 0.543 0.0361 0.018
0 0.2694 0.7328 0.0347 0.0172
0 0.2486 0.7117 0.0222 0.018
0 0.4569 0.8375 0.0667 0.043
0 0.4931 0.8359 0.0264 0.0266
0 0.6458 0.6664 0.0417 0.0188
0 0.6042 0.6719 0.0375 0.0156
0 0.55 0.5172 0.0319 0.018
0 0.6 0.6922 0.0347 0.0141
0 0.8694 0.7562 0.0597 0.0359
0 0.8819 0.7922 0.05 0.0289
0 0.5889 0.3383 0.0417 0.0133
0 0.6181 0.3531 0.0181 0.0125
0 0.4222 0.5945 0.0125 0.0117
0 0.3875 0.6109 0.0264 0.0102
0 0.1944 0.5641 0.0278 0.0188
0 0.1681 0.5719 0.0222 0.0172
0 0.3819 0.6672 0.0236 0.0133
0 0.8583 0.8094 0.0222 0.0156
0 0.6514 0.7109 0.0458 0.0219
0 0.9111 0.6539 0.0319 0.0133
0 0.5681 0.6633 0.025 0.0141
