0 0.7806 0.4227 0.0375 0.0219
0 0.5444 0.3594 0.0361 0.0203
0 0.6431 0.3812 0.0319 0.0172
0 0.1931 0.5086 0.0347 0.0203
0 0.3778 0.5961 0.0417 0.0227
0 0.3333 0.6039 0.0306 0.0242
0 0.4528 0.4406 0.0264 0.0195
0 0.4958 0.457 0.0278 0.0156
0 0.2917 0.4234 0.0264 0.018
0 0.2083 0.4562 0.0333 0.0156
0 0.1403 0.4562 0.0375 0.0141
0 0.3389 0.382 0.0236 0.0141
0 0.3458 0.3992 0.0208 0.0141
0 0.0653 0.2648 0.0333 0.0188
0 0.0639 0.2328 0.0236 0.0125
0 0.8722 0.6102 0.0361 0.0234
0 0.9389 0.6195 0.0236 0.0266
0 0.8667 0.475 0.0306 0.0109
0 0.9361 0.4734 0.025 0.0109
0 0.9028 0.4023 0.0264 0.0148
0 0.9347 0.4062 0.0278 0.0117
0 0.9875 0.3805 0.0222 0.0148
0 0.1361 0.3305 0.0306 0.0133
0 0.1847 0.4906 0.0181 0.0172
0 0.1181 0.4023 0.0222 0.0164
0 0.3472 0.2531 0.0264 0.0188
0 0.0681 0.293 0.0125 0.0094
0 0.3542 0.3375 0.025 0.0117
0 0.3 0.3984 0.0264 0.0109
0 0.2139 0.4344 0.0208 0.0148
0 0.4736 0.4484 0.0194 0.0148
0 0.6056 0.4055 0.0389 0.0156
0 0.8764 0.3727 0.0222 0.0234
0 0.9 0.2852 0.0472 0.0211
0 0.3819 0.5586 0.0417 0.0234
