0 0.3639 0.5766 0.0458 0.0273
0 0.3667 0.6023 0.0444 0.0242
0 0.3208 0.6031 0.0444 0.0203
0 0.9597 0.0523 0.0514 0.0344
0 0.9375 0.1594 0.0569 0.032
0 0.9083 0.1828 0.0528 0.0289
0 0.8556 0.1797 0.0486 0.0227
0 0.8653 0.2062 0.0514 0.0328
0 0.9389 0.2031 0.0431 0.0273
0 0.9028 0.207 0.0292 0.0188
0 0.9222 0.2578 0.0556 0.032
0 0.8806 0.2703 0.05 0.0266
0 0.8347 0.2539 0.0458 0.025
0 0.8903 0.2375 0.0472 0.025
0 0.8083 0.2805 0.0458 0.0227
0 0.8042 0.657 0.05 0.0336
0 0.8444 0.6852 0.0639 0.0336
0 0.8278 0.6625 0.0403 0.0266
0 0.9264 0.3867 0.0583 0.0289
0 0.8611 0.4141 0.0514 0.0219
0 0.8444 0.3891 0.0333 0.0156
0 0.7972 0.525 0.0444 0.0258
0 0.7486 0.5211 0.0403 0.0305
0 0.6861 0.3531 0.0403 0.0219
0 0.8236 0.45 0.0403 0.0266
0 0.8847 0.0055 0.0486 0.0102
0 0.7653 0.3242 0.0347 0.0195
0 0.6514 0.6938 0.0472 0.0203
0 0.6778 0.6883 0.0264 0.0195
0 0.9875 0.4344 0.0222 0.0352
