0 0.4278 0.1945 0.0361 0.0242
0 0.3278 0.1688 0.0278 0.0188
0 0.3611 0.282 0.0375 0.0195
0 0.3347 0.2641 0.0333 0.0242
0 0.3278 0.2805 0.0208 0.0148
0 0.2444 0.3242 0.0333 0.0219
0 0.0889 0.3211 0.0292 0.0172
0 0.5958 0.3039 0.0361 0.0164
0 0.5458 0.3156 0.0389 0.0242
0 0.6806 0.3289 0.0319 0.0234
0 0.6333 0.3305 0.0306 0.0148
0 0.6653 0.357 0.0389 0.0227
0 0.7389 0.4789 0.0333 0.0172
0 0.5597 0.2109 0.0306 0.0172
0 0.1903 0.3406 0.0389 0.0141
0 0.2444 0.4367 0.0292 0.0164
0 0.425 0.5461 0.0319 0.018
0 0.4181 0.4883 0.0306 0.0188
0 0.4292 0.4961 0.0236 0.0172
0 0.3028 0.443 0.0264 0.0125
0 0.275 0.4359 0.0167 0.0141
0 0.5708 0.3297 0.0278 0.0141
0 0.5972 0.35 0.0208 0.0164
0 0.7847 0.3578 0.0319 0.0172
0 0.2403 0.3695 0.0236 0.0133
0 0.1056 0.3828 0.025 0.0094
0 0.7611 0.382 0.0375 0.0172
0 0.0097 0.3109 0.0208 0.0172
0 0.0139 0.3367 0.025 0.0148
0 0.4542 0.2586 0.0236 0.0188
0 0.4903 0.3297 0.0111 0.0125
0 0.3653 0.4914 0.025 0.0133
0 0.4083 0.5305 0.0319 0.018
0 0.4319 0.5516 0.0306 0.018
0 0.1806 0.5055 0.0222 0.0156
0 0.6694 0.4664 0.0347 0.0148
0 0.7444 0.4227 0.0278 0.0188
0 0.5486 0.4172 0.0194 0.0086
0 0.4403 0.475 0.0472 0.018
