0 0.5764 0.018 0.0347 0.0234
0 0.5736 0.0375 0.0333 0.0188
0 0.5944 0.025 0.0306 0.0227
0 0.6486 0.0188 0.0236 0.0227
0 0.6736 0.0445 0.0403 0.0148
0 0.6069 0.0625 0.0375 0.0281
0 0.65 0.0547 0.0208 0.018
0 0.6181 0.0758 0.0375 0.0227
0 0.6694 0.0719 0.0236 0.0203
0 0.6472 0.0961 0.0389 0.0227
0 0.575 0.1109 0.0361 0.0242
0 0.7014 0.1156 0.0431 0.0258
0 0.6778 0.1297 0.0361 0.0219
0 0.6778 0.1555 0.0347 0.0211
0 0.6306 0.1555 0.0403 0.0273
0 0.6847 0.1703 0.0208 0.0148
0 0.6208 0.1688 0.0264 0.0258
0 0.55 0.1602 0.0361 0.018
0 0.5778 0.1766 0.0389 0.0258
0 0.6042 0.2031 0.0292 0.0195
0 0.5417 0.2156 0.0347 0.0234
0 0.4917 0.2102 0.0389 0.0234
0 0.6972 0.2258 0.0306 0.0203
0 0.7167 0.2305 0.0375 0.0211
0 0.4042 0.2484 0.0472 0.0273
0 0.6236 0.2578 0.025 0.0234
0 0.625 0.2461 0.0153 0.0172
0 0.5694 0.2586 0.0264 0.0141
0 0.55 0.2492 0.0278 0.0188
0 0.5806 0.3047 0.0153 0.0141
0 0.8472 0.2953 0.0292 0.0133
0 0.7361 0.3516 0.0472 0.0258
0 0.7375 0.3727 0.0417 0.0188
0 0.6083 0.3625 0.0236 0.0102
0 0.6111 0.3727 0.0167 0.0102
0 0.5208 0.3203 0.0194 0.0172
0 0.4778 0.3594 0.0444 0.0203
0 0.4097 0.3625 0.0306 0.025
0 0.8167 0.3914 0.0583 0.0328
0 0.7917 0.3828 0.0389 0.0266
0 0.7625 0.3867 0.0306 0.0312
0 0.7931 0.4031 0.0236 0.0203
0 0.7569 0.418 0.0319 0.0172
0 0.75 0.4352 0.0472 0.0266
0 0.7069 0.4578 0.0264 0.0172
0 0.6972 0.4797 0.0194 0.0125
0 0.5556 0.4164 0.0361 0.0203
0 0.625 0.4734 0.0444 0.0242
0 0.4861 0.4648 0.0431 0.0266
0 0.5194 0.4625 0.0222 0.0164
0 0.7306 0.5078 0.0347 0.0266
0 0.1375 0.4352 0.0639 0.018
0 0.7333 0.5805 0.0389 0.0273
0 0.7167 0.6258 0.0542 0.0289
0 0.7389 0.6844 0.0431 0.0266
0 0.6986 0.6875 0.0431 0.0273
0 0.6083 0.6266 0.0375 0.0172
0 0.5264 0.6156 0.0361 0.0188
0 0.4917 0.6602 0.0389 0.0148
0 0.2014 0.6852 0.0444 0.0242
0 0.1625 0.6789 0.0347 0.0234
0 0.8278 0.5234 0.0542 0.0242
0 0.6014 0.125 0.0472 0.0359
0 0.5611 0.1797 0.0264 0.0305
0 0.5611 0.4586 0.0319 0.0156
0 0.7444 0.4945 0.0167 0.0109
0 0.8375 0.4109 0.0375 0.025
0 0.5403 0.182 0.0167 0.0133
0 0.6667 0.4797 0.0347 0.0133
0 0.8917 0.3367 0.0208 0.0125
0 0.4486 0.3656 0.0153 0.025
