0 0.3903 0.7242 0.0403 0.0234
0 0.5542 0.7133 0.0417 0.0273
0 0.5153 0.7305 0.0361 0.0164
0 0.5153 0.6695 0.0472 0.0219
0 0.5931 0.6688 0.0333 0.0273
0 0.5931 0.6898 0.0278 0.0188
0 0.65 0.7875 0.0458 0.0219
0 0.7958 0.8453 0.0431 0.0227
0 0.7528 0.8641 0.0292 0.0141
0 0.4819 0.6516 0.0194 0.0195
0 0.45 0.6641 0.0319 0.0141
0 0.5708 0.5266 0.0486 0.0281
0 0.6194 0.5367 0.0361 0.0242
0 0.4889 0.5133 0.0431 0.0305
0 0.5431 0.5125 0.0486 0.0188
0 0.5875 0.5703 0.0458 0.0234
0 0.0403 0.682 0.05 0.0266
0 0.0583 0.6539 0.0389 0.025
0 0.2028 0.6461 0.0278 0.0141
0 0.1625 0.6484 0.0292 0.0133
0 0.0736 0.718 0.0417 0.0242
0 0.0264 0.725 0.0444 0.0203
0 0.4514 0.5812 0.0375 0.0195
0 0.6861 0.6812 0.0236 0.0148
0 0.0139 0.443 0.0236 0.0273
0 0.0111 0.4875 0.0194 0.0195
0 0.0611 0.4656 0.0486 0.025
0 0.0847 0.4773 0.0264 0.0203
0 0.1125 0.4992 0.0431 0.0172
0 0.1569 0.5039 0.0403 0.0188
