0 0.7319 0.5352 0.0458 0.0266
0 0.7958 0.4938 0.0458 0.0234
0 0.8681 0.4609 0.0556 0.0344
0 0.6958 0.5117 0.0444 0.025
0 0.5319 0.4758 0.0417 0.0234
0 0.3861 0.4648 0.0375 0.0203
0 0.2264 0.4828 0.0333 0.0242
0 0.3611 0.4945 0.0347 0.0203
0 0.1625 0.4688 0.0306 0.0227
0 0.1069 0.4703 0.0389 0.0227
0 0.1819 0.3797 0.0333 0.018
0 0.1361 0.3266 0.0361 0.0195
0 0.3569 0.3188 0.0319 0.0164
0 0.7528 0.1914 0.0458 0.0242
0 0.9028 0.3117 0.0417 0.0188
0 0.8597 0.3086 0.0417 0.0258
0 0.7653 0.3141 0.0444 0.0266
0 0.9431 0.1711 0.0333 0.0266
0 0.3167 0.307 0.0333 0.0148
0 0.0958 0.4797 0.0389 0.0234
0 0.3403 0.4742 0.0236 0.0172
0 0.725 0.5141 0.0347 0.0211
0 0.7597 0.507 0.025 0.0102
0 0.9431 0.4617 0.0278 0.0109
0 0.9597 0.482 0.0375 0.0211
0 0.9833 0.4977 0.0292 0.0258
0 0.9681 0.5016 0.0375 0.0227
0 0.9903 0.5602 0.0167 0.0219
0 0.0764 0.325 0.025 0.0117
0 0.1903 0.3289 0.0319 0.0156
0 0.1653 0.3625 0.0167 0.0109
0 0.0569 0.2719 0.0333 0.0195
0 0.05 0.3164 0.0264 0.0102
0 0.0667 0.3141 0.0125 0.0125
0 0.0083 0.2781 0.0153 0.0156
0 0.8014 0.3 0.0389 0.025
0 0.8722 0.3203 0.0181 0.0117
0 0.2222 0.4086 0.0306 0.0133
0 0.7125 0.1953 0.0431 0.0281
0 0.0125 0.1516 0.025 0.0203
0 0.0111 0.2078 0.0194 0.018
0 0.0292 0.3016 0.0181 0.0156
0 0.9792 0.1602 0.0389 0.025
0 0.9889 0.1844 0.0194 0.0141
0 0.9611 0.1969 0.0458 0.0242
0 0.9583 0.3242 0.0278 0.0125
0 0.3917 0.4383 0.0306 0.0125
0 0.3694 0.3922 0.025 0.0109
0 0.3236 0.3922 0.0278 0.0117
0 0.3722 0.375 0.0167 0.0141
