0 0.4208 0.0562 0.0417 0.0242
0 0.4486 0.0711 0.0472 0.032
0 0.4278 0.0859 0.0444 0.0164
0 0.3875 0.0938 0.0444 0.0258
0 0.3347 0.1125 0.025 0.025
0 0.4069 0.1398 0.0472 0.0234
0 0.4319 0.1406 0.025 0.0273
0 0.3833 0.1703 0.0347 0.0164
0 0.3208 0.1836 0.0431 0.0258
0 0.4514 0.182 0.0347 0.0266
0 0.4236 0.1992 0.0444 0.025
0 0.3861 0.2172 0.05 0.0281
0 0.4694 0.2273 0.0333 0.0203
0 0.4417 0.257 0.0431 0.0219
0 0.2736 0.2844 0.0444 0.0203
0 0.2556 0.293 0.0389 0.0164
0 0.5458 0.2977 0.0389 0.0227
0 0.6167 0.3281 0.0389 0.0203
0 0.6292 0.3414 0.0389 0.0195
0 0.4583 0.3211 0.0472 0.0156
0 0.4569 0.3461 0.025 0.0148
0 0.3986 0.3797 0.0444 0.025
0 0.1319 0.3727 0.0347 0.0133
0 0.3139 0.4461 0.0431 0.0211
0 0.5792 0.4312 0.0306 0.0234
0 0.6333 0.4492 0.0292 0.0242
0 0.55 0.4547 0.0583 0.0328
0 0.5917 0.457 0.0264 0.025
0 0.4444 0.4938 0.0458 0.0203
0 0.4653 0.5125 0.0403 0.0219
0 0.5236 0.5391 0.0236 0.0164
0 0.4681 0.5539 0.0347 0.0234
0 0.2458 0.5133 0.0458 0.0297
0 0.1944 0.5055 0.0528 0.0258
0 0.2611 0.5797 0.0514 0.0289
0 0.2208 0.6117 0.0389 0.0195
0 0.2861 0.5984 0.0417 0.0203
0 0.3222 0.5641 0.0292 0.0203
0 0.4417 0.5789 0.0389 0.0156
0 0.4292 0.657 0.0458 0.0281
0 0.4431 0.6398 0.0306 0.0148
0 0.4764 0.6453 0.0347 0.0172
0 0.4056 0.7359 0.0403 0.0297
0 0.4292 0.7852 0.0417 0.0312
0 0.4889 0.868 0.0417 0.0305
0 0.4333 0.3352 0.0236 0.0242
0 0.3583 0.1312 0.05 0.032
0 0.3319 0.2406 0.025 0.0227
0 0.2903 0.2789 0.0306 0.0195
0 0.2194 0.4719 0.0542 0.0211
0 0.1444 0.5797 0.0347 0.0195
0 0.3264 0.5773 0.0319 0.0211
0 0.4014 0.6586 0.0236 0.0211
0 0.5111 0.7266 0.0514 0.0328
0 0.55 0.8641 0.0444 0.032
0 0.8819 0.8195 0.0486 0.0203
0 0.9333 0.8172 0.0319 0.0133
0 0.3278 0.7836 0.0222 0.0227
0 0.4486 0.7641 0.0347 0.0133
0 0.9792 0.5195 0.0306 0.0273
