0 0.8306 0.1266 0.0792 0.0453
0 0.9125 0.1133 0.0625 0.0391
0 0.9458 0.0562 0.0653 0.0391
0 0.7847 0.0203 0.0486 0.0328
0 0.6764 0.0086 0.0569 0.0156
0 0.7125 0.0711 0.075 0.0477
0 0.7625 0.093 0.0486 0.0398
0 0.6694 0.1016 0.0556 0.0422
0 0.6958 0.1391 0.0389 0.0328
0 0.7917 0.1625 0.0875 0.0484
0 0.4681 0.0375 0.0375 0.0273
0 0.4514 0.0586 0.0403 0.0211
0 0.4792 0.0945 0.0486 0.0281
0 0.5292 0.1062 0.0542 0.0289
0 0.5736 0.1141 0.0458 0.0242
0 0.6028 0.1086 0.0347 0.0234
0 0.6958 0.2086 0.05 0.032
0 0.6042 0.2047 0.0542 0.0305
0 0.5333 0.132 0.0528 0.0289
0 0.5611 0.1461 0.0403 0.0219
0 0.5236 0.1633 0.0736 0.0328
0 0.8583 0.2672 0.0514 0.0211
0 0.25 0.0844 0.0528 0.0297
0 0.1917 0.0461 0.0597 0.0273
0 0.0542 0.0516 0.0444 0.0305
0 0.0236 0.0672 0.0458 0.0258
0 0.1083 0.0844 0.0403 0.0211
0 0.2028 0.1125 0.0431 0.0266
0 0.0389 0.0812 0.0417 0.0211
0 0.0625 0.1031 0.0319 0.018
0 0.0125 0.1195 0.0236 0.018
0 0.0542 0.1312 0.0278 0.0203
0 0.0444 0.1492 0.0208 0.0156
0 0.0764 0.15 0.0431 0.0227
0 0.1375 0.093 0.0361 0.0195
0 0.2111 0.1414 0.0444 0.0352
0 0.2486 0.1242 0.0236 0.0125
0 0.4097 0.0922 0.0375 0.0172
0 0.3917 0.0344 0.0486 0.0266
0 0.4306 0.0391 0.0403 0.0234
0 0.5222 0.218 0.0556 0.0367
0 0.4486 0.1734 0.0528 0.0242
0 0.3111 0.1445 0.0431 0.0414
0 0.1639 0.1734 0.0306 0.0141
0 0.1569 0.1547 0.0333 0.018
0 0.0681 0.1883 0.0278 0.0219
0 0.1028 0.1672 0.0292 0.0141
0 0.1458 0.2227 0.0597 0.0297
0 0.0597 0.2047 0.0236 0.0164
0 0.05 0.2172 0.0389 0.0219
0 0.4264 0.2352 0.0639 0.0383
0 0.3722 0.2508 0.0583 0.0375
0 0.5111 0.3586 0.0403 0.0242
0 0.2694 0.2922 0.0486 0.0297
0 0.3028 0.2625 0.0278 0.0234
0 0.3583 0.2695 0.0472 0.0234
0 0.2236 0.2859 0.0333 0.0281
0 0.2625 0.3242 0.0514 0.025
0 0.0806 0.3359 0.0347 0.0188
0 0.1833 0.325 0.0389 0.018
0 0.2028 0.3125 0.0569 0.0156
0 0.1056 0.2594 0.0361 0.0227
0 0.1597 0.2492 0.0458 0.0188
0 0.6389 0.2836 0.0569 0.0266
0 0.7542 0.3148 0.0528 0.0219
0 0.1444 0.3531 0.0361 0.0148
0 0.1597 0.368 0.0236 0.0156
0 0.2292 0.4133 0.0389 0.0219
0 0.3375 0.4453 0.0319 0.0156
0 0.6181 0.4984 0.0417 0.0227
0 0.7222 0.4711 0.0639 0.0289
0 0.7056 0.4336 0.0306 0.0172
0 0.05 0.468 0.0361 0.0234
0 0.0333 0.493 0.0375 0.0203
0 0.0083 0.4977 0.0139 0.0211
0 0.3306 0.4781 0.0389 0.0172
0 0.3528 0.507 0.0431 0.0234
0 0.4889 0.5398 0.0514 0.0258
0 0.8208 0.6258 0.0583 0.032
0 0.9597 0.6078 0.0625 0.0281
0 0.5736 0.5516 0.0319 0.0188
0 0.4597 0.6688 0.0486 0.0242
0 0.4056 0.718 0.0597 0.0312
0 0.1361 0.7117 0.0306 0.0219
0 0.1458 0.3 0.0361 0.0258
