0 0.3639 0.5398 0.0306 0.0195
0 0.6292 0.6344 0.0417 0.0211
0 0.5889 0.6469 0.0208 0.0219
0 0.7375 0.5062 0.0306 0.0203
0 0.7653 0.5016 0.0222 0.0125
0 0.7944 0.5141 0.025 0.0109
0 0.7347 0.382 0.0333 0.0188
0 0.7986 0.425 0.0292 0.0141
0 0.8306 0.4023 0.0292 0.0172
0 0.3069 0.4906 0.0319 0.0172
0 0.3764 0.4883 0.0333 0.0148
0 0.3792 0.468 0.0278 0.0141
0 0.4708 0.4531 0.0306 0.0156
0 0.4736 0.4289 0.0292 0.0117
0 0.5958 0.4891 0.0306 0.0141
0 0.6264 0.5992 0.0389 0.025
0 0.5194 0.3633 0.0306 0.0148
0 0.5056 0.4109 0.0292 0.0141
0 0.5208 0.4266 0.0139 0.0141
0 0.5444 0.282 0.025 0.018
0 0.0194 0.4664 0.0361 0.0172
0 0.2278 0.3023 0.025 0.0203
0 0.1556 0.3141 0.0292 0.0188
0 0.1347 0.2375 0.0319 0.0172
0 0.1458 0.2188 0.0278 0.0164
0 0.3056 0.3664 0.0222 0.0102
0 0.9875 0.4422 0.0222 0.025
0 0.3583 0.5242 0.0208 0.0094
0 0.0111 0.1867 0.0208 0.018
0 0.2194 0.268 0.0208 0.0117
0 0.0514 0.2508 0.0194 0.0109
0 0.0722 0.3672 0.0208 0.0125
0 0.2694 0.3195 0.0194 0.0141
0 0.0319 0.4727 0.0292 0.0148
0 0.1125 0.3328 0.0194 0.0117
0 0.0097 0.2102 0.0167 0.0094
0 0.1181 0.2617 0.0361 0.0125
0 0.1681 0.3453 0.0264 0.0086
0 0.1292 0.3867 0.0236 0.0094
0 0.1611 0.3938 0.0139 0.0086
0 0.1431 0.4742 0.0153 0.0164
0 0.1583 0.4695 0.0153 0.0086
0 0.5333 0.6008 0.0236 0.0086
0 0.7472 0.5203 0.0194 0.0062
0 0.5097 0.475 0.0167 0.0109
0 0.4292 0.4602 0.0361 0.0148
0 0.4611 0.4617 0.0306 0.0133
0 0.6431 0.4062 0.0194 0.0117
0 0.5431 0.3688 0.0264 0.0094
0 0.7833 0.4289 0.0208 0.0148
0 0.6806 0.4625 0.0153 0.0117
