0 0.3944 0.0086 0.0431 0.0141
0 0.2486 0.1078 0.0403 0.0266
0 0.2861 0.1125 0.0361 0.0242
0 0.3167 0.1141 0.025 0.025
0 0.1681 0.1531 0.0486 0.0289
0 0.1875 0.2 0.0514 0.0328
0 0.2306 0.2047 0.0403 0.0359
0 0.2986 0.232 0.0597 0.032
0 0.325 0.1984 0.0375 0.0289
0 0.3653 0.1969 0.0528 0.0312
0 0.3653 0.157 0.0264 0.0203
0 0.3778 0.1633 0.0139 0.0203
0 0.4542 0.1922 0.0194 0.0094
0 0.4639 0.2109 0.0222 0.0148
0 0.4333 0.2305 0.0194 0.0227
0 0.3306 0.2641 0.0417 0.0258
0 0.3028 0.2602 0.0292 0.0195
0 0.1806 0.282 0.0528 0.0289
0 0.25 0.3039 0.05 0.0289
0 0.3597 0.2922 0.0306 0.0281
0 0.1986 0.3477 0.0417 0.0203
0 0.1139 0.3633 0.025 0.0195
0 0.0222 0.4242 0.0264 0.0148
0 0.1875 0.4242 0.0347 0.0227
0 0.2264 0.4141 0.0431 0.025
0 0.2347 0.4359 0.0458 0.0273
0 0.2417 0.4523 0.0278 0.0133
0 0.2694 0.3609 0.0458 0.0359
0 0.375 0.3492 0.0222 0.0109
0 0.4778 0.3875 0.0472 0.0266
0 0.9417 0.3445 0.0389 0.0188
0 0.9764 0.3453 0.0167 0.0133
0 0.8153 0.4367 0.0264 0.0125
0 0.9097 0.4492 0.05 0.0203
0 0.45 0.4078 0.0431 0.0266
0 0.3917 0.382 0.0139 0.0125
0 0.3944 0.4328 0.0458 0.0273
0 0.2056 0.5133 0.0347 0.0094
0 0.1944 0.4531 0.0167 0.0211
0 0.0778 0.568 0.0194 0.0211
0 0.0986 0.5867 0.0389 0.0242
0 0.2389 0.6812 0.0708 0.0375
0 0.2819 0.682 0.0292 0.0281
0 0.6583 0.6578 0.0278 0.0141
0 0.6792 0.6438 0.0431 0.0258
0 0.6681 0.6102 0.0486 0.0305
0 0.8708 0.4961 0.0333 0.0156
0 0.8861 0.5156 0.0514 0.0211
0 0.7431 0.5188 0.0292 0.0156
0 0.4319 0.5336 0.0403 0.0211
0 0.4708 0.5305 0.0431 0.0234
0 0.5556 0.5086 0.0222 0.0078
0 0.4236 0.5555 0.0444 0.0195
0 0.8778 0.6445 0.0611 0.0242
0 0.8222 0.5734 0.0347 0.0148
0 0.8667 0.7039 0.0361 0.0258
0 0.4153 0.193 0.0139 0.0133
0 0.9472 0.4133 0.0167 0.0102
0 0.975 0.5461 0.0278 0.0188
0 0.4653 0.5742 0.0375 0.0281
