0 0.6861 0.0367 0.0333 0.0289
0 0.7333 0.0422 0.0542 0.0305
0 0.7431 0.0227 0.0375 0.0102
0 0.6222 0.1172 0.0486 0.032
0 0.5153 0.2266 0.05 0.0297
0 0.5597 0.2312 0.0236 0.0258
0 0.5667 0.2125 0.0486 0.0195
0 0.4347 0.2711 0.0486 0.025
0 0.4625 0.318 0.0569 0.0305
0 0.4958 0.3258 0.0431 0.0312
0 0.5681 0.3133 0.0417 0.0305
0 0.6097 0.3117 0.0542 0.0305
0 0.6014 0.2836 0.0292 0.0148
0 0.6583 0.3078 0.0222 0.0164
0 0.5292 0.3461 0.0472 0.0297
0 0.5444 0.3562 0.0347 0.0164
0 0.5972 0.3781 0.0514 0.0273
0 0.4389 0.3992 0.0556 0.032
0 0.5083 0.4195 0.0444 0.0258
0 0.5306 0.4078 0.0236 0.0164
0 0.6875 0.4289 0.025 0.0125
0 0.7389 0.4367 0.0292 0.0211
0 0.5347 0.4797 0.0292 0.0266
0 0.4625 0.4727 0.0403 0.0391
0 0.3736 0.4828 0.0431 0.0203
0 0.2292 0.5414 0.0444 0.0266
0 0.4417 0.5445 0.0542 0.0234
0 0.4833 0.5359 0.0389 0.0203
0 0.5556 0.5156 0.0222 0.0203
0 0.5056 0.5555 0.0444 0.025
0 0.6444 0.5477 0.0472 0.0266
0 0.6958 0.518 0.0403 0.0258
0 0.7264 0.5008 0.0458 0.0273
0 0.4708 0.575 0.0375 0.0312
0 0.3125 0.693 0.0319 0.0172
0 0.4625 0.6391 0.0431 0.0281
0 0.3278 0.7164 0.0375 0.0188
0 0.6833 0.6523 0.025 0.0195
0 0.7181 0.6469 0.0444 0.0211
0 0.6903 0.6766 0.0222 0.018
0 0.7569 0.6984 0.0431 0.0211
0 0.9736 0.7328 0.05 0.0359
0 0.9736 0.7742 0.05 0.0242
0 0.6028 0.8281 0.0597 0.043
0 0.6694 0.0094 0.0347 0.0164
