0 0.4736 0.1555 0.0403 0.0266
0 0.4972 0.1406 0.0333 0.0227
0 0.6403 0.2844 0.0403 0.0227
0 0.6556 0.2984 0.0417 0.0211
0 0.6458 0.3516 0.0347 0.0109
0 0.6 0.4273 0.0194 0.0078
0 0.6764 0.4562 0.0292 0.0133
0 0.7875 0.468 0.0431 0.0289
0 0.7097 0.5031 0.0347 0.0281
0 0.7181 0.5531 0.0528 0.025
0 0.6444 0.5195 0.0417 0.0242
0 0.6153 0.5336 0.0444 0.0242
0 0.5306 0.518 0.0569 0.0273
0 0.5028 0.5242 0.0347 0.025
0 0.3722 0.5461 0.0472 0.0289
0 0.4931 0.6281 0.0486 0.0258
0 0.6292 0.6398 0.0444 0.0227
0 0.3514 0.6156 0.0542 0.0305
0 0.3681 0.5859 0.0236 0.0125
0 0.0556 0.4953 0.0403 0.0242
0 0.2333 0.4508 0.0319 0.0188
0 0.2583 0.4664 0.0236 0.0148
0 0.3222 0.525 0.0292 0.0195
