0 0.1097 0.4117 0.0292 0.0164
0 0.1361 0.4453 0.0306 0.0234
0 0.0944 0.4289 0.0236 0.0164
0 0.0556 0.4172 0.025 0.0188
0 0.05 0.6969 0.0236 0.0164
0 0.2458 0.6086 0.0125 0.0094
0 0.2556 0.6297 0.0333 0.0109
0 0.2514 0.6414 0.0167 0.0062
0 0.3264 0.6727 0.0194 0.0125
0 0.4681 0.6539 0.0139 0.0086
0 0.5458 0.6469 0.0292 0.0195
0 0.5681 0.6172 0.0194 0.0141
0 0.6403 0.6273 0.0306 0.0172
0 0.5097 0.5953 0.0111 0.0156
0 0.4347 0.5484 0.0208 0.0094
0 0.5222 0.5438 0.0139 0.007
0 0.6528 0.5672 0.0167 0.0148
0 0.6625 0.5547 0.0181 0.0117
0 0.6875 0.5305 0.0264 0.0133
0 0.6778 0.5094 0.0264 0.0117
0 0.7097 0.5062 0.0111 0.0047
0 0.7986 0.4641 0.0153 0.0109
0 0.7306 0.4109 0.0194 0.0133
0 0.8917 0.5445 0.0139 0.0156
0 0.9958 0.6547 0.0042 0.0055
0 0.7944 0.5844 0.0153 0.007
0 0.7458 0.5977 0.0236 0.018
0 0.7222 0.5867 0.0167 0.0148
0 0.6653 0.5727 0.0139 0.0055
0 0.9917 0.3961 0.0097 0.0055
0 0.8958 0.368 0.0389 0.0227
0 0.8264 0.3609 0.0181 0.0164
0 0.7097 0.3602 0.025 0.0172
0 0.8167 0.3375 0.0167 0.007
0 0.7292 0.3156 0.025 0.0117
0 0.6264 0.3266 0.0236 0.0148
0 0.6097 0.343 0.0278 0.0125
0 0.5819 0.3359 0.0181 0.0133
0 0.5625 0.3109 0.0097 0.0133
0 0.5222 0.3898 0.0097 0.0141
0 0.8875 0.1516 0.025 0.0117
0 0.95 0.1688 0.0111 0.0109
0 0.9208 0.1789 0.0208 0.0172
0 0.9889 0.2281 0.0194 0.0148
0 0.9306 0.2133 0.0292 0.0148
0 0.8236 0.207 0.0139 0.0078
0 0.8097 0.2227 0.0292 0.0188
0 0.8389 0.2266 0.025 0.0156
0 0.6833 0.4797 0.0264 0.0148
0 0.0139 0.4195 0.025 0.0141
0 0.8028 0.3164 0.0208 0.0109
0 0.7917 0.3211 0.025 0.0094
0 0.8861 0.3867 0.0292 0.0195
0 0.7931 0.4242 0.0181 0.0219
0 0.8375 0.4141 0.0319 0.0195
0 0.9819 0.3531 0.0264 0.0156
0 0.8944 0.2016 0.0278 0.0117
0 0.8972 0.218 0.025 0.0125
0 0.8889 0.2336 0.0222 0.0148
0 0.9389 0.257 0.0208 0.0125
0 0.925 0.5461 0.0333 0.0148
0 0.9361 0.5602 0.025 0.0156
0 0.1222 0.6281 0.0167 0.0164
0 0.0417 0.593 0.0319 0.0211
0 0.3778 0.5633 0.025 0.0141
0 0.7167 0.6406 0.025 0.0188
0 0.9778 0.6508 0.025 0.0156
0 0.9806 0.6234 0.0222 0.0148
0 0.9861 0.5656 0.0139 0.0164
0 0.7722 0.4789 0.0194 0.0102
