0 0.5986 0.0562 0.0472 0.0289
0 0.6486 0.0859 0.0556 0.0328
0 0.6417 0.1133 0.0542 0.0219
0 0.7 0.1312 0.0444 0.0305
0 0.6556 0.1406 0.0486 0.0328
0 0.6264 0.1656 0.0403 0.0297
0 0.6444 0.2172 0.0542 0.0328
0 0.7 0.2211 0.0514 0.0211
0 0.75 0.2109 0.0236 0.0195
0 0.5944 0.2258 0.0403 0.0164
0 0.5583 0.2336 0.0153 0.0125
0 0.5722 0.2414 0.0222 0.0109
0 0.7375 0.2617 0.0569 0.0289
0 0.9167 0.3422 0.0569 0.0289
0 0.9764 0.3594 0.0431 0.0266
0 0.6847 0.2633 0.0361 0.0328
0 0.6542 0.2797 0.0417 0.0234
0 0.7139 0.2742 0.025 0.0344
0 0.6125 0.307 0.0347 0.0281
0 0.6306 0.2594 0.0403 0.0094
0 0.4708 0.3477 0.0417 0.0188
0 0.5139 0.3539 0.0347 0.0156
0 0.5042 0.3203 0.0431 0.0094
0 0.5569 0.6305 0.0542 0.0305
0 0.7292 0.6508 0.0611 0.032
0 0.6097 0.6695 0.0653 0.032
0 0.5708 0.7102 0.0611 0.0375
0 0.625 0.6984 0.0444 0.032
0 0.6319 0.7391 0.0278 0.0234
0 0.8208 0.6242 0.0653 0.0391
0 0.7708 0.6016 0.0806 0.0266
0 0.4125 0.5836 0.0569 0.0297
0 0.475 0.7539 0.0444 0.0188
0 0.4431 0.6945 0.0458 0.0219
0 0.4583 0.6758 0.0486 0.0273
0 0.3875 0.6367 0.0278 0.0234
0 0.2764 0.6344 0.0444 0.0281
0 0.1653 0.7391 0.0403 0.0234
0 0.2431 0.8016 0.0528 0.0211
0 0.1028 0.7969 0.0208 0.0141
0 0.2681 0.5383 0.0486 0.0305
0 0.2444 0.5148 0.0514 0.0156
0 0.0778 0.4672 0.0458 0.0266
0 0.1083 0.4711 0.0375 0.0266
0 0.1153 0.582 0.0333 0.0195
0 0.1722 0.5609 0.0528 0.0281
0 0.2083 0.5508 0.0194 0.0273
0 0.1333 0.6055 0.0319 0.0164
0 0.0347 0.525 0.0569 0.0344
0 0.9542 0.8898 0.0653 0.0289
0 0.9306 0.8711 0.0569 0.0242
0 0.8722 0.6852 0.0278 0.0141
0 0.8056 0.5141 0.0347 0.0281
0 0.6403 0.45 0.0361 0.0219
0 0.0181 0.3156 0.0361 0.0172
0 0.6194 0.3914 0.0306 0.0258
0 0.5597 0.3828 0.0431 0.0281
0 0.4167 0.4438 0.0264 0.0141
0 0.4625 0.5852 0.0542 0.0297
0 0.4333 0.5062 0.0264 0.0125
0 0.1042 0.6758 0.0444 0.0172
0 0.0167 0.682 0.0319 0.0156
0 0.9014 0.5609 0.0361 0.0141
