0 0.7458 0.6766 0.0486 0.0266
0 0.7847 0.675 0.0389 0.0234
0 0.7528 0.6203 0.0222 0.0203
0 0.7806 0.6055 0.0319 0.0148
0 0.6583 0.6164 0.0486 0.0188
0 0.5708 0.6055 0.0347 0.0188
0 0.5417 0.6438 0.0306 0.0164
0 0.2472 0.6703 0.0403 0.0234
0 0.2083 0.6641 0.0347 0.0266
0 0.7806 0.5703 0.0347 0.0258
0 0.7764 0.4969 0.0569 0.032
0 0.6736 0.4633 0.0556 0.0289
0 0.5375 0.4516 0.0486 0.0266
0 0.5667 0.45 0.025 0.0156
0 0.6069 0.4016 0.0319 0.0234
0 0.5333 0.3469 0.0444 0.0219
0 0.4625 0.3492 0.0319 0.0227
0 0.6583 0.3508 0.0153 0.0117
0 0.6597 0.3602 0.0181 0.0094
0 0.5903 0.3062 0.0417 0.018
0 0.6361 0.2883 0.0194 0.0094
0 0.4639 0.2344 0.0431 0.0305
0 0.5472 0.1938 0.0417 0.0258
0 0.6 0.2016 0.0403 0.025
0 0.6056 0.2359 0.0306 0.0219
0 0.6264 0.2469 0.0278 0.0188
0 0.6806 0.2445 0.0264 0.0273
0 0.6847 0.2289 0.0139 0.0156
0 0.7778 0.2156 0.0361 0.0211
0 0.7569 0.2094 0.0361 0.025
0 0.8694 0.3781 0.0556 0.0305
0 0.8444 0.368 0.0417 0.0281
0 0.8153 0.3742 0.0292 0.0266
0 0.8514 0.3961 0.0306 0.0219
0 0.8083 0.407 0.0333 0.0195
0 0.8042 0.425 0.0472 0.0234
0 0.7597 0.4453 0.0222 0.0156
0 0.7583 0.4664 0.0278 0.0156
0 0.7958 0.3391 0.05 0.0273
0 0.7931 0.3586 0.0444 0.0273
0 0.9139 0.2844 0.0333 0.018
0 0.1917 0.4234 0.0569 0.0156
0 0.6611 0.1891 0.0319 0.0211
0 0.6389 0.1609 0.0389 0.0227
0 0.6792 0.1555 0.0333 0.0234
0 0.6111 0.1422 0.0278 0.0234
0 0.6625 0.1094 0.0472 0.0328
0 0.6347 0.0938 0.0333 0.0242
0 0.6861 0.1383 0.0417 0.0258
0 0.7403 0.1383 0.0403 0.0273
0 0.7597 0.0992 0.0542 0.0273
0 0.7056 0.0789 0.0472 0.0242
0 0.6806 0.0578 0.0444 0.0219
0 0.6681 0.0438 0.0403 0.0273
0 0.7292 0.0336 0.0514 0.0312
0 0.6542 0.0086 0.0292 0.0172
0 0.6292 0.0078 0.0264 0.0141
0 0.6347 0.0219 0.0375 0.0164
0 0.7319 0.1141 0.0264 0.0203
0 0.8875 0.5156 0.0472 0.0188
0 0.0236 0.2758 0.0458 0.0273
0 0.0097 0.4422 0.0208 0.0172
0 0.6181 0.1656 0.0361 0.0266
0 0.7306 0.0531 0.025 0.0172
0 0.7139 0.0062 0.0153 0.0133
0 0.5042 0.3508 0.0153 0.0219
0 0.7167 0.4664 0.0292 0.0117
0 0.8931 0.3969 0.0306 0.0266
