0 0.1097 0.0094 0.0319 0.0188
0 0.1194 0.0578 0.0569 0.0359
0 0.1167 0.1312 0.0486 0.0328
0 0.0264 0.1945 0.0472 0.0297
0 0.0556 0.2016 0.0125 0.0172
0 0.0111 0.2492 0.0222 0.025
0 0.1444 0.2492 0.0569 0.0281
0 0.025 0.5234 0.0333 0.0227
0 0.0653 0.5844 0.025 0.0141
0 0.0681 0.6625 0.0528 0.0242
0 0.1917 0.2078 0.0597 0.0336
0 0.2111 0.1641 0.05 0.0188
0 0.2806 0.2555 0.0458 0.0266
0 0.3389 0.2648 0.0306 0.0156
0 0.2361 0.1219 0.0472 0.0305
0 0.2736 0.0805 0.0569 0.032
0 0.2819 0.1336 0.0556 0.0359
0 0.3417 0.0641 0.0417 0.0164
0 0.3903 0.0234 0.0306 0.0219
0 0.4153 0.0117 0.0375 0.0242
0 0.4444 0.0188 0.0264 0.0219
0 0.4028 0.1367 0.0389 0.0195
0 0.3417 0.1758 0.0208 0.0125
0 0.2431 0.5758 0.0417 0.0195
0 0.2528 0.6188 0.0542 0.0289
0 0.1986 0.7195 0.05 0.0312
0 0.2667 0.7266 0.0542 0.0312
0 0.3222 0.643 0.0528 0.0281
0 0.3083 0.6664 0.0458 0.0172
0 0.3375 0.6844 0.0458 0.0289
0 0.3667 0.6617 0.0542 0.0227
0 0.5222 0.6844 0.0403 0.0219
0 0.5375 0.6445 0.05 0.0305
0 0.6764 0.5648 0.0431 0.0203
0 0.5931 0.4828 0.0153 0.0117
0 0.7556 0.4625 0.0194 0.0227
0 0.8236 0.5383 0.0389 0.0281
0 0.8694 0.5094 0.0597 0.0281
0 0.9431 0.5805 0.0431 0.0383
0 0.9194 0.5383 0.0611 0.0219
0 0.9625 0.4469 0.0694 0.0383
0 0.4778 0.1297 0.0278 0.018
0 0.4819 0.1492 0.0278 0.0141
0 0.5083 0.1539 0.0319 0.0164
0 0.4583 0.0547 0.0278 0.0172
0 0.5222 0.0625 0.0292 0.0195
0 0.5278 0.0258 0.0431 0.0273
0 0.5708 0.0359 0.0514 0.025
0 0.5431 0.05 0.0417 0.0195
0 0.6125 0.0602 0.0389 0.0227
0 0.5722 0.0766 0.0278 0.0188
0 0.5583 0.1156 0.0375 0.0211
0 0.5514 0.1383 0.0347 0.0188
0 0.5139 0.1719 0.0222 0.0141
0 0.5889 0.1422 0.0222 0.018
0 0.6236 0.1602 0.0333 0.0148
0 0.55 0.2352 0.0292 0.0211
0 0.5806 0.3266 0.0444 0.0188
0 0.6056 0.3 0.0389 0.0227
0 0.6556 0.2797 0.0542 0.0297
0 0.6833 0.3047 0.0528 0.0297
0 0.7208 0.3258 0.0486 0.0281
0 0.7931 0.3602 0.0083 0.0156
0 0.7111 0.4062 0.0333 0.0164
0 0.7097 0.007 0.0361 0.0125
0 0.7708 0.0336 0.0417 0.025
0 0.7944 0.0469 0.0222 0.0156
0 0.8111 0.0227 0.0306 0.0117
0 0.7389 0.0656 0.0375 0.0242
0 0.7333 0.0969 0.0333 0.0211
0 0.7292 0.1672 0.0556 0.032
0 0.7778 0.232 0.0514 0.0242
0 0.8472 0.2383 0.0319 0.0148
0 0.9528 0.3609 0.0236 0.0156
0 0.9472 0.318 0.0222 0.007
0 0.9806 0.018 0.0347 0.0281
0 0.9611 0.0414 0.0444 0.0273
0 0.9361 0.0344 0.0194 0.0203
0 0.9931 0.0734 0.0111 0.0219
0 0.9653 0.1086 0.0444 0.0234
0 0.9181 0.118 0.0444 0.0227
0 0.8861 0.1609 0.0444 0.0258
0 0.8667 0.1898 0.0542 0.0273
0 0.8153 0.1719 0.0306 0.0172
0 0.9444 0.2156 0.0347 0.0188
0 0.9694 0.2391 0.025 0.0211
0 0.9778 0.2672 0.0306 0.0148
0 0.2222 0.3625 0.0236 0.0086
0 0.2333 0.3203 0.0278 0.0109
0 0.3319 0.3016 0.0306 0.0102
0 0.2153 0.3086 0.0333 0.0133
0 0.5833 0.0078 0.0222 0.0148
0 0.2069 0.6883 0.0514 0.0266
