0 0.6167 0.1578 0.0417 0.0258
0 0.6431 0.1438 0.0278 0.018
0 0.7236 0.1438 0.0181 0.0164
0 0.7764 0.2844 0.0403 0.0219
0 0.7847 0.3 0.0472 0.0219
0 0.7653 0.3461 0.0319 0.0133
0 0.6875 0.4414 0.0333 0.0172
0 0.7958 0.4523 0.0319 0.0172
0 0.8819 0.4695 0.0431 0.0266
0 0.8306 0.5031 0.0264 0.0195
0 0.8333 0.5461 0.0458 0.0258
0 0.7611 0.5164 0.0458 0.0234
0 0.7319 0.5273 0.0333 0.0219
0 0.65 0.5125 0.0486 0.0305
0 0.625 0.5156 0.0361 0.0242
0 0.5014 0.5367 0.0222 0.0227
0 0.4639 0.6039 0.0472 0.025
0 0.6097 0.6188 0.0431 0.0242
0 0.7431 0.6328 0.0403 0.0203
0 0.475 0.5461 0.0125 0.0102
0 0.3625 0.4445 0.0319 0.018
0 0.3861 0.4594 0.025 0.0156
0 0.1819 0.4906 0.0431 0.0258
0 0.0542 0.4344 0.0375 0.0125
0 0.4431 0.4297 0.0264 0.0188
0 0.4722 0.5734 0.0347 0.0188
