0 0.0111 0.168 0.0208 0.0156
0 0.0292 0.1773 0.0264 0.0125
0 0.0486 0.1562 0.0292 0.0203
0 0.0792 0.1562 0.0292 0.0156
0 0.0778 0.1727 0.0278 0.0125
0 0.0819 0.2164 0.0264 0.0148
0 0.1125 0.1977 0.0347 0.0164
0 0.2292 0.0867 0.0278 0.0164
0 0.2306 0.1031 0.0333 0.0156
0 0.2819 0.1047 0.0181 0.0125
0 0.2556 0.1523 0.0278 0.0125
0 0.3625 0.1164 0.0292 0.0203
0 0.3681 0.1344 0.0319 0.018
0 0.3806 0.1492 0.0333 0.0164
0 0.1681 0.2273 0.0431 0.0266
0 0.2153 0.2188 0.0472 0.0258
0 0.2097 0.2453 0.0389 0.0242
0 0.0139 0.2961 0.0292 0.0203
0 0.0236 0.3094 0.0278 0.018
0 0.0472 0.3133 0.0306 0.0164
0 0.0847 0.2977 0.0306 0.0203
0 0.1181 0.2766 0.0417 0.025
0 0.1597 0.2812 0.0403 0.0297
0 0.1319 0.3273 0.0292 0.0172
0 0.2181 0.282 0.0389 0.0242
0 0.2597 0.2898 0.0361 0.0227
0 0.2069 0.3078 0.0431 0.025
0 0.2208 0.3227 0.0472 0.0219
0 0.2625 0.3297 0.0361 0.0195
0 0.2986 0.3484 0.0347 0.0188
0 0.0903 0.4242 0.0542 0.0266
0 0.0042 0.4688 0.0069 0.0203
0 0.1333 0.4539 0.0528 0.0289
0 0.0889 0.5203 0.0403 0.0211
0 0.1931 0.5398 0.0431 0.0281
0 0.2764 0.4594 0.0347 0.018
0 0.275 0.5344 0.0403 0.0219
0 0.3208 0.5656 0.0444 0.0219
0 0.3514 0.593 0.0375 0.0211
0 0.3417 0.6148 0.0319 0.0156
0 0.4403 0.5305 0.0417 0.0219
0 0.4069 0.5508 0.0361 0.0195
0 0.4278 0.5648 0.0417 0.025
0 0.4944 0.6383 0.0375 0.0203
0 0.2847 0.2281 0.0319 0.0227
0 0.3708 0.2445 0.0486 0.0305
0 0.3917 0.7367 0.0236 0.0188
0 0.45 0.7227 0.0278 0.0172
0 0.6167 0.5977 0.0278 0.0141
0 0.6958 0.6242 0.0278 0.0188
0 0.5667 0.6742 0.0181 0.007
0 0.4944 0.1828 0.0264 0.0188
0 0.6583 0.2102 0.0208 0.0172
0 0.7292 0.2188 0.0292 0.0156
0 0.8889 0.2711 0.0347 0.0203
0 0.8542 0.2898 0.0417 0.0242
0 0.8167 0.2977 0.0306 0.0125
0 0.9153 0.3078 0.0306 0.0195
0 0.8833 0.3 0.0278 0.018
0 0.5917 0.2719 0.0361 0.0203
0 0.5528 0.275 0.0306 0.0219
0 0.5542 0.2984 0.0472 0.0227
0 0.4861 0.3102 0.0444 0.0227
0 0.4597 0.3508 0.0444 0.0242
0 0.4597 0.3688 0.0347 0.0133
0 0.5528 0.3727 0.0444 0.0219
0 0.7819 0.5117 0.0417 0.0234
0 0.7944 0.5297 0.0431 0.018
0 0.7069 0.5375 0.0347 0.0164
0 0.8111 0.5719 0.0319 0.018
0 0.7833 0.5883 0.0319 0.0195
0 0.6319 0.3883 0.0306 0.0203
0 0.2167 0.6188 0.0278 0.0164
0 0.2417 0.6398 0.0167 0.0172
0 0.5236 0.1883 0.025 0.0195
0 0.1403 0.2484 0.0403 0.0297
0 0.25 0.1781 0.0236 0.007
0 0.1847 0.1797 0.0194 0.0164
0 0.0806 0.3086 0.0319 0.0164
0 0.2889 0.318 0.0292 0.0195
0 0.0639 0.4383 0.0278 0.0141
0 0.0222 0.4297 0.0222 0.0258
0 0.0278 0.5531 0.0403 0.0234
0 0.1472 0.5203 0.0264 0.018
0 0.2097 0.4938 0.0181 0.0172
0 0.2986 0.5102 0.0292 0.0109
0 0.3917 0.4797 0.0319 0.0141
0 0.9458 0.6211 0.0375 0.0211
0 0.3319 0.6602 0.025 0.0188
0 0.4056 0.7516 0.0361 0.0141
0 0.9181 0.6781 0.0319 0.0164
0 0.8903 0.6797 0.025 0.0109
0 0.8486 0.5633 0.0222 0.0117
0 0.4181 0.1539 0.0208 0.0125
