0 0.1667 0.7328 0.0347 0.0258
0 0.0792 0.5984 0.0333 0.0188
0 0.0125 0.5859 0.0222 0.0188
0 0.0083 0.5648 0.0167 0.0242
0 0.6069 0.55 0.0444 0.0188
0 0.125 0.5008 0.0417 0.0211
0 0.0903 0.5125 0.0375 0.0188
0 0.1153 0.4586 0.0347 0.0203
0 0.0278 0.4445 0.0514 0.0242
0 0.1042 0.4219 0.0333 0.0211
0 0.0569 0.4273 0.0361 0.0148
0 0.0278 0.3969 0.0528 0.0195
0 0.0361 0.3758 0.0333 0.0141
0 0.1069 0.3234 0.0361 0.0234
0 0.0208 0.2797 0.0264 0.0227
0 0.6319 0.3297 0.0389 0.0266
0 0.5917 0.3211 0.0389 0.0258
0 0.5792 0.2531 0.0278 0.0203
0 0.4597 0.1883 0.0486 0.0312
0 0.3917 0.2062 0.0431 0.025
0 0.4347 0.2047 0.0417 0.0195
0 0.4472 0.2305 0.0375 0.0086
0 0.1028 0.4414 0.0611 0.0242
0 0.4153 0.1781 0.0292 0.0203
0 0.3889 0.1742 0.025 0.0094
0 0.0833 0.4094 0.0347 0.0164
0 0.1292 0.7461 0.0208 0.0172
0 0.1778 0.8273 0.0417 0.0305
0 0.3431 0.7906 0.0417 0.0281
