0 0.4111 0.0734 0.0444 0.0266
0 0.3986 0.0938 0.0472 0.0258
0 0.4556 0.3516 0.0208 0.018
0 0.4042 0.4648 0.0375 0.0227
0 0.7958 0.4727 0.0389 0.0141
0 0.7694 0.4727 0.0208 0.0125
0 0.7333 0.5562 0.0347 0.018
0 0.4236 0.5688 0.0583 0.032
0 0.1639 0.5188 0.0403 0.0219
0 0.2 0.5242 0.0236 0.0109
0 0.1806 0.5414 0.0222 0.0188
0 0.2347 0.5602 0.0444 0.0219
0 0.1639 0.5758 0.0292 0.0148
0 0.6875 0.6227 0.0153 0.0078
0 0.8333 0.6914 0.0472 0.0188
0 0.0139 0.6266 0.025 0.0195
0 0.0111 0.7016 0.0194 0.0117
0 0.3875 0.7086 0.05 0.032
0 0.4125 0.6602 0.0431 0.0172
0 0.4403 0.6719 0.025 0.0258
0 0.5389 0.7086 0.0431 0.0188
0 0.6736 0.7406 0.0306 0.0133
0 0.7083 0.7359 0.0472 0.0219
0 0.5778 0.7094 0.0222 0.0203
0 0.0139 0.7664 0.0278 0.0227
0 0.0153 0.793 0.0292 0.018
0 0.325 0.8602 0.0611 0.0352
0 0.4028 0.7875 0.0333 0.0234
0 0.4722 0.775 0.0153 0.0102
0 0.5444 0.8484 0.0528 0.0211
0 0.6111 0.8281 0.0208 0.0188
0 0.6069 0.8508 0.0514 0.0242
