0 0.4653 0.0656 0.0639 0.0344
0 0.4722 0.0945 0.0583 0.032
0 0.4958 0.1297 0.0556 0.0336
0 0.4472 0.125 0.05 0.0312
0 0.5444 0.1891 0.0556 0.0312
0 0.5056 0.1922 0.0292 0.025
0 0.3764 0.1688 0.0639 0.0375
0 0.3653 0.2273 0.0569 0.0312
0 0.4125 0.2352 0.0569 0.0359
0 0.4722 0.2312 0.0278 0.0266
0 0.5208 0.2633 0.0653 0.0328
0 0.625 0.2922 0.0681 0.0359
0 0.1806 0.3086 0.0597 0.0328
0 0.1208 0.3273 0.0597 0.0281
0 0.4972 0.3172 0.0611 0.0312
0 0.6472 0.3172 0.0569 0.032
0 0.5806 0.3492 0.0542 0.0305
0 0.5278 0.3398 0.0639 0.0359
0 0.55 0.4258 0.0528 0.0297
0 0.5014 0.457 0.0556 0.0305
0 0.4056 0.4852 0.0681 0.0367
0 0.4667 0.4391 0.0417 0.0211
0 0.6694 0.425 0.0569 0.0289
0 0.1486 0.5797 0.0583 0.025
0 0.1667 0.6398 0.0333 0.018
0 0.7597 0.4836 0.0417 0.018
0 0.3931 0.6594 0.0417 0.0258
0 0.1347 0.7734 0.0458 0.0234
0 0.9472 0.6766 0.0347 0.0211
0 0.9833 0.682 0.0208 0.0211
0 0.5014 0.8133 0.0556 0.032
0 0.4389 0.8227 0.0528 0.032
0 0.9778 0.9719 0.0403 0.0344
0 0.8819 0.9625 0.0347 0.0164
0 0.0403 0.8555 0.0722 0.0445
0 0.3972 0.1227 0.0167 0.0297
0 0.6028 0.3156 0.0333 0.0258
0 0.9819 0.4383 0.0319 0.0273
0 0.9847 0.4836 0.0278 0.0125
0 0.6194 0.4266 0.0292 0.025
0 0.3389 0.5812 0.0417 0.0328
0 0.2222 0.7188 0.0611 0.0359
0 0.8681 0.6672 0.05 0.0242
0 0.6125 0.6297 0.0444 0.0312
0 0.5986 0.5922 0.0417 0.0133
0 0.4375 0.5883 0.0417 0.0188
0 0.65 0.493 0.05 0.0203
0 0.5722 0.5633 0.0375 0.018
