0 0.6181 0.157 0.0292 0.0273
0 0.5972 0.1969 0.0222 0.0195
0 0.5625 0.2523 0.0417 0.0266
0 0.5125 0.2648 0.0472 0.0297
0 0.5347 0.3008 0.0458 0.0188
0 0.5986 0.2812 0.0417 0.0156
0 0.6667 0.2859 0.0431 0.0211
0 0.6472 0.2562 0.0389 0.0188
0 0.5986 0.2602 0.0292 0.0164
0 0.6861 0.2734 0.0444 0.0258
0 0.7333 0.3 0.0431 0.0227
0 0.4875 0.3273 0.0347 0.0242
0 0.4722 0.3219 0.0208 0.0156
0 0.4236 0.3602 0.0278 0.0133
0 0.4847 0.3438 0.0319 0.0109
0 0.5153 0.3578 0.0403 0.0234
0 0.6097 0.3742 0.0389 0.0242
0 0.6361 0.368 0.0292 0.0195
0 0.6861 0.3695 0.0403 0.0242
0 0.7181 0.3492 0.0236 0.0219
0 0.6139 0.3039 0.0444 0.0242
0 0.7556 0.3492 0.025 0.018
0 0.7889 0.3578 0.0403 0.0195
0 0.7653 0.3703 0.0319 0.0156
0 0.6597 0.3938 0.0431 0.0148
0 0.6875 0.4031 0.0333 0.0211
0 0.6569 0.4086 0.0306 0.0273
0 0.5597 0.4086 0.0417 0.0281
0 0.5361 0.3812 0.0153 0.0109
0 0.5181 0.3766 0.0278 0.0172
0 0.3986 0.4406 0.0333 0.0195
0 0.4944 0.4484 0.0236 0.0164
0 0.5306 0.4727 0.0444 0.0219
0 0.5972 0.4305 0.0472 0.0281
0 0.7056 0.4211 0.0444 0.0234
0 0.7375 0.4086 0.0472 0.0211
0 0.6694 0.4266 0.0278 0.0094
0 0.025 0.4797 0.0264 0.0133
0 0.0097 0.3617 0.0181 0.018
0 0.5431 0.4914 0.0417 0.0164
0 0.3514 0.5031 0.0444 0.0242
0 0.3569 0.45 0.0222 0.0094
0 0.3806 0.518 0.0361 0.018
0 0.4278 0.518 0.0375 0.0203
0 0.0167 0.6383 0.0333 0.0266
0 0.0139 0.5445 0.0264 0.0156
0 0.0597 0.682 0.0222 0.0133
0 0.0306 0.7305 0.0375 0.0242
0 0.1694 0.6797 0.0319 0.0203
0 0.1528 0.7227 0.0444 0.025
0 0.2014 0.6992 0.0319 0.0234
0 0.1944 0.6336 0.0431 0.0312
0 0.2319 0.625 0.0347 0.0258
0 0.2417 0.6547 0.0458 0.0273
0 0.2792 0.6484 0.0292 0.0109
0 0.3556 0.6492 0.0361 0.0109
0 0.0514 0.7836 0.0417 0.0297
0 0.0542 0.8445 0.0111 0.0141
0 0.0278 0.8914 0.0472 0.0305
0 0.3264 0.8398 0.0222 0.0219
0 0.3861 0.7633 0.0472 0.0227
0 0.2528 0.7312 0.0389 0.0203
0 0.3472 0.6992 0.0181 0.018
0 0.4028 0.7219 0.0556 0.025
0 0.2486 0.6891 0.0472 0.0164
0 0.4972 0.6844 0.0403 0.0242
0 0.5889 0.7391 0.0458 0.0211
0 0.8625 0.8047 0.0389 0.0172
0 0.9208 0.7109 0.0333 0.0219
0 0.6875 0.7016 0.0431 0.0195
0 0.6625 0.7016 0.0306 0.0133
0 0.6278 0.718 0.0333 0.0117
0 0.7889 0.6289 0.0431 0.0242
0 0.8347 0.568 0.0319 0.0211
0 0.9792 0.5258 0.0375 0.0203
0 0.9667 0.6023 0.0306 0.0117
0 0.6222 0.5109 0.0278 0.0125
0 0.6736 0.4883 0.0417 0.0273
0 0.7264 0.4953 0.0458 0.0227
0 0.8 0.4648 0.0472 0.0203
