0 0.4958 0.4078 0.025 0.0172
0 0.5264 0.4047 0.0361 0.0188
0 0.4653 0.4609 0.0514 0.0266
0 0.4458 0.4781 0.0403 0.0172
0 0.475 0.5398 0.0194 0.0125
0 0.5583 0.5266 0.0444 0.0273
0 0.5861 0.5141 0.0458 0.0242
0 0.6361 0.593 0.0542 0.0266
0 0.4944 0.6008 0.0611 0.0242
0 0.5542 0.6234 0.0528 0.025
0 0.1847 0.6969 0.0444 0.0297
0 0.2458 0.7133 0.0444 0.0266
0 0.4222 0.6477 0.0417 0.018
0 0.5111 0.6664 0.025 0.0141
0 0.4847 0.7258 0.0347 0.025
0 0.6167 0.6414 0.0444 0.0227
0 0.6986 0.6492 0.0444 0.0336
0 0.7278 0.675 0.05 0.0219
0 0.7514 0.6297 0.0486 0.018
0 0.5083 0.4289 0.025 0.0195
0 0.5667 0.4484 0.0375 0.025
0 0.0861 0.5625 0.0306 0.025
0 0.0681 0.5148 0.0319 0.0234
0 0.0278 0.2227 0.0542 0.0336
0 0.5069 0.4805 0.0389 0.018
0 0.5639 0.4883 0.0417 0.0258
0 0.0319 0.518 0.0528 0.0328
0 0.0236 0.7352 0.0458 0.0312
0 0.4389 0.7219 0.0208 0.0203
0 0.9819 0.6422 0.0125 0.0117
0 0.9847 0.6117 0.0278 0.0195
0 0.9903 0.6266 0.0167 0.0109
