0 0.5375 0.1969 0.0431 0.025
0 0.4569 0.2164 0.0319 0.025
0 0.4375 0.3188 0.0458 0.0273
0 0.4167 0.318 0.0236 0.0258
0 0.3667 0.3219 0.0375 0.0266
0 0.3222 0.4016 0.0458 0.0258
0 0.3667 0.3836 0.0486 0.0227
0 0.3958 0.3539 0.0361 0.0195
0 0.5292 0.6203 0.0431 0.025
0 0.4306 0.4578 0.0431 0.025
0 0.4986 0.4297 0.0389 0.0203
0 0.3208 0.4555 0.0361 0.0156
0 0.3458 0.4133 0.0292 0.0195
0 0.5431 0.3219 0.0431 0.0266
0 0.3903 0.7141 0.0333 0.0219
0 0.4472 0.5656 0.0333 0.0273
0 0.4403 0.5422 0.0319 0.0188
0 0.4931 0.4047 0.0542 0.0289
0 0.5264 0.2695 0.0375 0.0234
0 0.4222 0.2875 0.0375 0.0203
0 0.4403 0.2797 0.0153 0.0234
0 0.6 0.4414 0.0458 0.0258
0 0.3931 0.4906 0.05 0.0203
0 0.4194 0.2344 0.0194 0.0164
0 0.4361 0.2328 0.0222 0.0133
0 0.5333 0.4758 0.0472 0.0234
0 0.4986 0.4828 0.0319 0.0164
0 0.4917 0.2297 0.0306 0.0164
0 0.4292 0.5234 0.0403 0.0203
0 0.2972 0.4914 0.0194 0.0117
0 0.3167 0.4805 0.0194 0.0172
0 0.4056 0.4695 0.0347 0.0125
0 0.3958 0.7414 0.025 0.0188
0 0.3653 0.4945 0.0194 0.0125
0 0.6375 0.5992 0.0319 0.0148
0 0.6208 0.5961 0.0319 0.0188
0 0.6472 0.5602 0.0347 0.0172
0 0.625 0.5406 0.0264 0.0078
0 0.6986 0.5656 0.0292 0.018
0 0.6889 0.6234 0.0292 0.0133
0 0.7014 0.5469 0.025 0.0141
0 0.7097 0.5289 0.0389 0.0172
0 0.8125 0.6203 0.0417 0.0266
0 0.5014 0.7117 0.0278 0.0094
0 0.4722 0.7102 0.0222 0.0102
0 0.5125 0.3477 0.0361 0.018
0 0.4542 0.3648 0.0278 0.0211
0 0.4208 0.3531 0.0236 0.0188
0 0.5056 0.3625 0.0181 0.0086
0 0.6819 0.5156 0.0403 0.0141
0 0.7444 0.5203 0.025 0.0141
0 0.65 0.6484 0.0167 0.0195
0 0.4722 0.6008 0.0222 0.0164
0 0.3097 0.4688 0.0222 0.0188
0 0.8194 0.6297 0.0264 0.0141
0 0.9 0.7047 0.0278 0.0094
0 0.3181 0.6516 0.0319 0.0242
0 0.0306 0.5844 0.0236 0.0148
0 0.4444 0.4445 0.0389 0.0094
0 0.3875 0.2172 0.0153 0.0078
0 0.3972 0.2273 0.0111 0.0078
0 0.4097 0.225 0.0167 0.0117
0 0.6097 0.5109 0.0389 0.0148
0 0.5875 0.757 0.0292 0.0125
0 0.5778 0.8211 0.0236 0.0258
0 0.5972 0.8312 0.0208 0.0133
0 0.9403 0.6195 0.0139 0.0227
0 0.9778 0.518 0.0167 0.0117
0 0.9958 0.6258 0.0056 0.0078
0 0.9542 0.5469 0.0389 0.0156
0 0.5917 0.6055 0.0292 0.0195
