0 0.3458 0.7258 0.0611 0.0398
0 0.3347 0.4758 0.0389 0.025
0 0.325 0.4547 0.0319 0.0219
0 0.275 0.4648 0.0472 0.0164
0 0.3194 0.4922 0.0653 0.0367
0 0.3639 0.4031 0.0417 0.0219
0 0.2694 0.3234 0.0458 0.0297
0 0.2847 0.243 0.0458 0.0305
0 0.3264 0.2477 0.0417 0.0312
0 0.2611 0.1945 0.0444 0.0203
0 0.3403 0.1523 0.0458 0.025
0 0.3778 0.1547 0.0292 0.0227
0 0.4056 0.1578 0.0167 0.0227
0 0.4125 0.2391 0.0375 0.0266
0 0.4569 0.2367 0.0472 0.0281
0 0.3861 0.2727 0.05 0.0281
0 0.4208 0.3023 0.0417 0.0242
0 0.3889 0.3008 0.0194 0.0188
0 0.4528 0.3297 0.0264 0.018
0 0.3417 0.3383 0.0472 0.0195
0 0.2931 0.3859 0.0347 0.0156
0 0.2125 0.4047 0.025 0.0156
0 0.4625 0.3883 0.0181 0.0141
0 0.5694 0.4227 0.0389 0.0219
0 0.5417 0.4422 0.0375 0.0195
0 0.4847 0.4688 0.0389 0.0211
0 0.5278 0.5711 0.0361 0.0188
0 0.5167 0.593 0.0375 0.0195
0 0.5653 0.5672 0.0361 0.0234
0 0.1097 0.4703 0.05 0.0266
0 0.1986 0.6258 0.0347 0.0219
0 0.1778 0.6102 0.0306 0.0172
0 0.3056 0.557 0.0389 0.0141
0 0.7736 0.6492 0.0556 0.0312
0 0.7833 0.682 0.0431 0.0273
0 0.7569 0.6984 0.0333 0.0141
0 0.4736 0.0391 0.0611 0.032
0 0.4556 0.1984 0.025 0.0219
0 0.4681 0.2117 0.0208 0.0164
0 0.5014 0.2312 0.0208 0.0156
0 0.55 0.2508 0.0208 0.0172
0 0.4861 0.4211 0.0347 0.0133
0 0.5764 0.4367 0.0292 0.0133
0 0.3889 0.7258 0.0278 0.0258
0 0.9806 0.6875 0.0347 0.0258
0 0.925 0.6109 0.0333 0.0141
0 0.9833 0.7438 0.0292 0.0164
0 0.5694 0.607 0.0431 0.0281
0 0.8319 0.5523 0.0417 0.0164
0 0.9708 0.5297 0.0264 0.0148
0 0.9833 0.5547 0.0306 0.0164
0 0.9222 0.4711 0.0278 0.0156
0 0.9931 0.4797 0.0111 0.0133
