0 0.2125 0.2312 0.0375 0.0234
0 0.0181 0.3898 0.0306 0.0188
0 0.0528 0.393 0.0292 0.0164
0 0.0514 0.4625 0.0444 0.025
0 0.0625 0.4922 0.0347 0.0164
0 0.0375 0.5781 0.0278 0.0102
0 0.0097 0.6531 0.0167 0.0258
0 0.0222 0.6906 0.0458 0.025
0 0.5167 0.6148 0.0347 0.0086
0 0.25 0.4797 0.0333 0.0188
0 0.2778 0.4617 0.0153 0.0086
0 0.3903 0.4164 0.0278 0.0164
0 0.4278 0.4516 0.0375 0.0273
0 0.3389 0.4219 0.025 0.0195
0 0.3694 0.4328 0.0194 0.0164
0 0.9264 0.3289 0.0278 0.0156
0 0.8792 0.3398 0.0222 0.0148
0 0.9069 0.3453 0.0306 0.0156
0 0.9944 0.5461 0.0083 0.0094
0 0.9542 0.5664 0.0236 0.0094
0 0.9431 0.5812 0.0222 0.0172
0 0.8319 0.5547 0.0069 0.0078
0 0.8125 0.607 0.0181 0.018
0 0.8556 0.6602 0.025 0.0195
0 0.8486 0.3141 0.025 0.0141
0 0.8528 0.3234 0.0236 0.0086
0 0.9583 0.4781 0.0139 0.0148
0 0.9778 0.5211 0.0278 0.0141
0 0.9931 0.5234 0.0111 0.0156
0 0.9903 0.4898 0.0167 0.0172
0 0.0292 0.6375 0.0319 0.0172
0 0.0069 0.5773 0.0125 0.0227
0 0.3514 0.7008 0.0181 0.0211
0 0.2472 0.6406 0.0347 0.018
0 0.4097 0.632 0.0181 0.0242
0 0.5389 0.6406 0.0264 0.0188
0 0.5139 0.6734 0.0167 0.0117
0 0.5958 0.6445 0.0319 0.0125
0 0.8764 0.6328 0.0167 0.0203
0 0.7 0.5586 0.025 0.0156
