0 0.5236 0.0695 0.0583 0.0344
0 0.5208 0.1016 0.0583 0.0305
0 0.4611 0.1289 0.0514 0.0289
0 0.5056 0.1328 0.0375 0.0297
0 0.4319 0.1742 0.0569 0.0367
0 0.5486 0.1367 0.0542 0.0352
0 0.6028 0.1984 0.0514 0.0328
0 0.5667 0.2 0.0375 0.0258
0 0.1708 0.3344 0.0583 0.0281
0 0.2347 0.3156 0.0597 0.0312
0 0.4222 0.2328 0.0597 0.0328
0 0.4458 0.2109 0.0292 0.018
0 0.4653 0.2391 0.0542 0.0305
0 0.5208 0.2367 0.0389 0.0227
0 0.5681 0.2734 0.0542 0.0258
0 0.5208 0.2648 0.0417 0.0203
0 0.5569 0.325 0.0569 0.0312
0 0.6806 0.2969 0.0597 0.0312
0 0.5861 0.3469 0.0611 0.0336
0 0.6361 0.3578 0.0528 0.0336
0 0.7014 0.3281 0.0583 0.0266
0 0.6556 0.325 0.0319 0.0234
0 0.6028 0.4359 0.0514 0.0289
0 0.4542 0.4922 0.0625 0.0344
0 0.2014 0.5875 0.0514 0.0234
0 0.5514 0.4664 0.0528 0.032
0 0.5222 0.4453 0.0417 0.0242
0 0.8028 0.4906 0.0347 0.0141
0 0.6556 0.4391 0.0514 0.0242
0 0.7236 0.4336 0.0556 0.0266
0 0.6931 0.5055 0.0514 0.0211
0 0.4111 0.4906 0.0264 0.0133
0 0.4667 0.4656 0.0236 0.0172
0 0.2111 0.6461 0.0528 0.0242
0 0.3764 0.5875 0.0444 0.0336
0 0.4667 0.6711 0.0431 0.0195
0 0.6431 0.6359 0.025 0.0242
0 0.6167 0.575 0.05 0.018
0 0.4889 0.5938 0.0403 0.0227
0 0.5528 0.8266 0.0569 0.0344
0 0.2611 0.7297 0.0472 0.0281
0 0.0875 0.8578 0.0472 0.0266
0 0.05 0.8797 0.0569 0.0281
0 0.2014 0.7789 0.0708 0.0219
0 0.4875 0.8344 0.0528 0.0312
0 0.7042 0.2844 0.0236 0.0086
0 0.9014 0.6812 0.0472 0.025
