0 0.1014 0.1461 0.0389 0.0273
0 0.3764 0.2219 0.0542 0.0344
0 0.3917 0.2023 0.0444 0.0172
0 0.4361 0.1891 0.0347 0.0211
0 0.4875 0.2016 0.0222 0.0195
0 0.4167 0.2188 0.0361 0.0258
0 0.4264 0.2438 0.0306 0.0281
0 0.4472 0.2164 0.0319 0.025
0 0.4736 0.2328 0.0403 0.0234
0 0.5222 0.2562 0.0375 0.0273
0 0.7014 0.3 0.025 0.0133
0 0.7 0.2336 0.0292 0.0164
0 0.5069 0.2914 0.0431 0.0203
0 0.6153 0.2781 0.0375 0.025
0 0.4028 0.2758 0.0361 0.018
0 0.4472 0.2797 0.0319 0.0172
0 0.8722 0.3375 0.0403 0.0188
0 0.875 0.3234 0.0292 0.0086
0 0.6819 0.4102 0.0389 0.0234
0 0.7819 0.4164 0.0403 0.0203
0 0.7639 0.457 0.0375 0.0219
0 0.9125 0.4188 0.0486 0.0266
0 0.9264 0.4531 0.05 0.0234
0 0.9292 0.5453 0.0889 0.0453
0 0.9889 0.5273 0.0181 0.0398
0 0.5944 0.4789 0.0417 0.0211
0 0.8819 0.382 0.0444 0.0172
0 0.8486 0.3805 0.0208 0.0188
0 0.8806 0.6398 0.0569 0.0305
0 0.7958 0.6758 0.05 0.0234
0 0.6458 0.5695 0.0639 0.0445
0 0.7625 0.5 0.0569 0.018
0 0.5792 0.5594 0.0694 0.0398
0 0.475 0.5352 0.0667 0.0336
0 0.5222 0.6133 0.0639 0.0359
0 0.4875 0.6188 0.0333 0.0242
0 0.45 0.6203 0.0403 0.0289
0 0.4125 0.5344 0.0639 0.0375
0 0.1931 0.675 0.0722 0.0422
0 0.2208 0.6883 0.0569 0.0375
0 0.0597 0.6602 0.0722 0.0305
0 0.1417 0.675 0.0486 0.0359
0 0.1264 0.7297 0.05 0.0281
0 0.0708 0.7148 0.0722 0.0391
0 0.5681 0.7188 0.0236 0.0117
0 0.1514 0.5391 0.0431 0.0234
0 0.2306 0.4875 0.0417 0.0242
0 0.3097 0.5047 0.0458 0.0234
0 0.3764 0.4961 0.0306 0.0195
0 0.1069 0.5641 0.0361 0.0188
0 0.1625 0.5586 0.0375 0.0141
0 0.1681 0.4625 0.0403 0.025
0 0.2347 0.4555 0.025 0.0125
0 0.1806 0.4305 0.0375 0.0219
0 0.0708 0.4453 0.0361 0.0156
0 0.1181 0.443 0.0347 0.0195
0 0.1444 0.4453 0.0264 0.0273
0 0.0917 0.4766 0.0361 0.0211
0 0.2069 0.243 0.0361 0.0188
0 0.1597 0.3219 0.0194 0.0133
0 0.1792 0.2438 0.0236 0.0141
0 0.6639 0.2422 0.0333 0.0188
0 0.3764 0.5148 0.0319 0.0141
0 0.2736 0.6125 0.0458 0.0148
0 0.0458 0.3336 0.0181 0.0117
0 0.1681 0.3406 0.0236 0.0094
0 0.2306 0.3234 0.0194 0.0117
0 0.2417 0.3156 0.0194 0.0086
0 0.2556 0.332 0.0208 0.0125
0 0.3181 0.3219 0.0194 0.0094
0 0.3292 0.3023 0.0153 0.0094
0 0.1319 0.2086 0.0181 0.0078
0 0.0889 0.3406 0.0153 0.0109
0 0.2764 0.3484 0.0167 0.0109
0 0.2556 0.3414 0.0125 0.0055
0 0.2903 0.3188 0.0181 0.0086
0 0.2903 0.293 0.0125 0.0109
0 0.3264 0.275 0.0167 0.0102
0 0.1986 0.318 0.0181 0.0094
0 0.2167 0.2867 0.0236 0.0164
0 0.1486 0.275 0.025 0.018
0 0.1472 0.2352 0.0167 0.007
0 0.1306 0.2297 0.0125 0.0086
0 0.0708 0.2711 0.0333 0.0148
0 0.0514 0.2883 0.0264 0.0188
0 0.0444 0.5547 0.0389 0.0125
