0 0.8958 0.5406 0.0736 0.0398
0 0.9361 0.5961 0.0861 0.0383
0 0.8597 0.5875 0.0653 0.0359
0 0.8736 0.7008 0.0736 0.0281
0 0.6458 0.5445 0.0458 0.0195
0 0.0333 0.5227 0.0528 0.0312
0 0.3861 0.5102 0.0361 0.0219
0 0.7528 0.4492 0.0472 0.0258
0 0.0375 0.2188 0.0444 0.0195
0 0.1542 0.2266 0.0375 0.0203
0 0.1056 0.1875 0.0417 0.0211
0 0.2375 0.3156 0.0347 0.0203
0 0.0292 0.1039 0.0403 0.0211
0 0.0847 0.1398 0.0292 0.0195
0 0.0653 0.1094 0.0375 0.0211
0 0.3222 0.3906 0.0375 0.0203
0 0.4167 0.3305 0.0333 0.018
0 0.2528 0.3578 0.0361 0.0195
0 0.7056 0.4055 0.0347 0.0188
0 0.8375 0.4055 0.0361 0.0133
0 0.9097 0.407 0.0333 0.0219
0 0.9431 0.4023 0.0347 0.0211
0 0.1847 0.4758 0.0431 0.0203
0 0.8681 0.6594 0.0694 0.0328
0 0.1069 0.2477 0.0264 0.0156
0 0.0417 0.1523 0.0278 0.0219
0 0.0069 0.1492 0.0153 0.0242
0 0.0111 0.3312 0.0208 0.0164
0 0.1653 0.2664 0.0347 0.0211
0 0.2028 0.2766 0.0236 0.0188
0 0.2236 0.2734 0.0292 0.0172
0 0.2653 0.2766 0.0347 0.018
0 0.2194 0.3062 0.0319 0.0211
0 0.2014 0.3258 0.0389 0.0211
0 0.1847 0.3359 0.0347 0.0195
0 0.1833 0.3773 0.0333 0.018
0 0.2319 0.393 0.0278 0.0172
0 0.3236 0.4086 0.0389 0.0203
0 0.2028 0.4859 0.0194 0.0102
0 0.0431 0.5969 0.0333 0.0172
0 0.0181 0.6156 0.0333 0.0188
0 0.9069 0.6273 0.0556 0.0305
0 0.9764 0.5781 0.0319 0.0328
0 0.7222 0.5234 0.0181 0.0109
0 0.7875 0.4734 0.0278 0.0078
0 0.8014 0.4516 0.0333 0.0188
0 0.8736 0.4273 0.0306 0.0117
0 0.9222 0.4352 0.0236 0.0148
0 0.9611 0.4633 0.0292 0.0141
0 0.3125 0.457 0.0333 0.0125
0 0.5194 0.393 0.0236 0.0109
0 0.1264 0.3297 0.0083 0.0133
0 0.0153 0.2062 0.0194 0.0141
0 0.0528 0.1977 0.0208 0.0195
