0 0.5917 0.0312 0.0486 0.0328
0 0.6444 0.0312 0.0472 0.0344
0 0.5958 0.0555 0.0333 0.0156
0 0.6514 0.1531 0.0444 0.0156
0 0.6653 0.1789 0.0403 0.0234
0 0.6958 0.2133 0.0417 0.025
0 0.6069 0.2359 0.0431 0.0258
0 0.4236 0.4336 0.0639 0.0281
0 0.6042 0.3688 0.0625 0.0289
0 0.6514 0.4562 0.0625 0.032
0 0.6292 0.4992 0.0625 0.0312
0 0.5875 0.5242 0.0347 0.0172
0 0.6569 0.5695 0.0417 0.025
0 0.7056 0.5461 0.0542 0.0297
0 0.4722 0.7062 0.05 0.0297
0 0.3597 0.7266 0.0542 0.0344
0 0.7819 0.793 0.05 0.0203
0 0.2806 0.6266 0.0611 0.0227
0 0.4514 0.6219 0.0403 0.0242
0 0.4986 0.0203 0.05 0.0242
0 0.5347 0.0156 0.0472 0.0211
0 0.5667 0.6227 0.0306 0.0109
0 0.7194 0.6406 0.0569 0.032
0 0.5778 0.3883 0.0319 0.0227
0 0.7097 0.3836 0.05 0.0227
0 0.7403 0.3078 0.0319 0.0164
0 0.2708 0.6727 0.0347 0.0258
0 0.5736 0.825 0.0097 0.0172
0 0.1681 0.7172 0.0375 0.0133
0 0.65 0.3688 0.0556 0.0328
0 0.5444 0.2539 0.0569 0.0289
0 0.5181 0.2773 0.0486 0.0281
0 0.6528 0.2109 0.0431 0.0312
0 0.4583 0.4789 0.0528 0.0219
0 0.7319 0.4953 0.0403 0.0227
0 0.7806 0.4969 0.05 0.0195
0 0.9833 0.5531 0.0292 0.0188
0 0.7097 0.4742 0.0472 0.0328
0 0.675 0.4805 0.0278 0.0234
0 0.0125 0.7266 0.0264 0.018
