0 0.05 0.0734 0.0403 0.0242
0 0.0917 0.0766 0.0375 0.0227
0 0.1042 0.0953 0.0389 0.0148
0 0.0236 0.1047 0.0194 0.0164
0 0.0111 0.1164 0.0222 0.0195
0 0.0083 0.15 0.0125 0.0227
0 0.0125 0.2188 0.0222 0.0148
0 0.1458 0.2492 0.0472 0.0234
0 0.1361 0.3148 0.0444 0.0289
0 0.0792 0.3477 0.0486 0.0281
0 0.1125 0.368 0.0417 0.0242
0 0.1819 0.3883 0.0222 0.0133
0 0.1958 0.4906 0.0444 0.0203
0 0.0667 0.7172 0.0347 0.0234
0 0.2931 0.5859 0.0625 0.0305
0 0.1778 0.5406 0.0208 0.0164
0 0.1514 0.593 0.0208 0.0117
0 0.4111 0.5812 0.0278 0.0211
0 0.4972 0.5883 0.0514 0.0273
0 0.5806 0.6523 0.0278 0.0156
0 0.6167 0.682 0.0333 0.0172
0 0.3903 0.4211 0.0361 0.025
0 0.1375 0.1031 0.0222 0.0125
0 0.0889 0.1227 0.0319 0.0242
0 0.125 0.132 0.0361 0.0211
0 0.1472 0.1266 0.0181 0.0141
0 0.1069 0.1414 0.0278 0.0164
0 0.1097 0.1555 0.0278 0.0102
0 0.1264 0.2078 0.0278 0.0133
0 0.2653 0.0906 0.0389 0.018
0 0.1847 0.1469 0.0306 0.0172
0 0.1625 0.1641 0.0181 0.0141
0 0.2764 0.1789 0.0278 0.0133
0 0.2903 0.1508 0.0361 0.0203
0 0.3194 0.1945 0.0222 0.0133
0 0.2833 0.2414 0.0444 0.0211
0 0.2639 0.2688 0.0472 0.0242
0 0.2097 0.3047 0.0403 0.0211
0 0.3097 0.2336 0.0139 0.0102
0 0.3778 0.2289 0.0375 0.0195
0 0.3389 0.2516 0.0306 0.0164
0 0.3194 0.1203 0.0292 0.0156
0 0.3764 0.1367 0.0361 0.0227
0 0.3431 0.1328 0.0181 0.0203
0 0.4042 0.0875 0.0347 0.0242
0 0.3917 0.1133 0.0333 0.0188
0 0.4403 0.0797 0.0514 0.0258
0 0.5 0.0797 0.0278 0.0156
0 0.4292 0.1164 0.025 0.0258
0 0.4639 0.1203 0.05 0.0297
0 0.5611 0.1164 0.0347 0.0242
0 0.5708 0.1297 0.025 0.0188
0 0.5833 0.1477 0.0347 0.0242
0 0.4403 0.1898 0.0319 0.0203
0 0.4181 0.1977 0.0306 0.0234
0 0.5028 0.2289 0.0417 0.0172
0 0.5333 0.4133 0.0403 0.0305
0 0.6958 0.6492 0.0194 0.0141
0 0.7264 0.6547 0.0375 0.0156
0 0.7264 0.5914 0.0375 0.0172
0 0.8792 0.6805 0.0361 0.0172
0 0.8097 0.6445 0.0375 0.0156
0 0.8792 0.6641 0.0347 0.0109
0 0.975 0.6273 0.0472 0.0328
0 0.8972 0.6359 0.0222 0.0188
0 0.8917 0.6102 0.0458 0.0297
0 0.8722 0.55 0.0403 0.0211
0 0.9097 0.5586 0.0514 0.0242
0 0.6347 0.2227 0.0486 0.0297
0 0.6514 0.282 0.0569 0.0336
0 0.7625 0.2414 0.0375 0.0242
0 0.8014 0.2438 0.0361 0.0219
0 0.8264 0.2555 0.0264 0.0188
0 0.8181 0.2 0.0208 0.0172
0 0.7958 0.2672 0.0375 0.0133
0 0.7347 0.275 0.0208 0.0094
0 0.7514 0.35 0.0556 0.0305
0 0.9556 0.1695 0.0417 0.0211
0 0.9486 0.2484 0.0417 0.0227
0 0.875 0.3289 0.0222 0.0102
0 0.7931 0.4023 0.0347 0.0148
0 0.8694 0.418 0.0208 0.0109
0 0.8833 0.4281 0.0167 0.0125
0 0.9444 0.4359 0.0264 0.0164
0 0.9667 0.4617 0.0319 0.0141
0 0.9181 0.4422 0.0306 0.0117
0 0.8903 0.4461 0.0194 0.0117
0 0.875 0.4477 0.0139 0.0148
0 0.6097 0.4242 0.0333 0.0227
0 0.6 0.3297 0.0431 0.0164
0 0.5375 0.35 0.0292 0.0242
0 0.3375 0.4477 0.0597 0.0227
0 0.5444 0.3805 0.0528 0.0305
0 0.5806 0.3734 0.0361 0.0227
0 0.8181 0.4461 0.0167 0.0164
0 0.3722 0.5008 0.025 0.0227
0 0.2111 0.5445 0.0333 0.0266
0 0.2389 0.5992 0.0292 0.0289
0 0.45 0.1484 0.0375 0.0234
0 0.4583 0.4359 0.0458 0.0258
0 0.9208 0.5953 0.0347 0.0133
0 0.4431 0.0531 0.0236 0.0219
0 0.2736 0.725 0.0472 0.0375
0 0.8181 0.7266 0.0278 0.0188
