0 0.6181 0.4414 0.0361 0.0273
0 0.6819 0.4703 0.0542 0.0273
0 0.6181 0.4734 0.0361 0.0195
0 0.5792 0.5039 0.0361 0.0234
0 0.5486 0.5602 0.0444 0.018
0 0.6444 0.5781 0.0639 0.0234
0 0.5208 0.6133 0.025 0.0172
0 0.4528 0.5938 0.0292 0.0234
0 0.5708 0.6078 0.0222 0.0117
0 0.5236 0.5859 0.0181 0.0094
0 0.6556 0.6234 0.0431 0.0266
0 0.9528 0.6141 0.0417 0.0148
0 0.925 0.6414 0.0403 0.0219
0 0.0083 0.5938 0.0125 0.0195
0 0.7208 0.682 0.0278 0.0188
0 0.8889 0.6711 0.0292 0.0203
0 0.6792 0.5438 0.0208 0.0203
0 0.6125 0.5102 0.0292 0.0102
0 0.6083 0.5984 0.0153 0.007
0 0.05 0.7508 0.0403 0.0188
