0 0.4667 0.0141 0.0458 0.0281
0 0.4083 0.0359 0.0306 0.0203
0 0.4208 0.0852 0.0417 0.0297
0 0.5097 0.1195 0.0375 0.0219
0 0.3431 0.1125 0.0403 0.0234
0 0.3222 0.1445 0.0389 0.0203
0 0.3597 0.1445 0.0292 0.0203
0 0.3847 0.1727 0.0264 0.0219
0 0.3639 0.2039 0.0333 0.018
0 0.2833 0.2102 0.0306 0.0195
0 0.3167 0.232 0.05 0.0227
0 0.4583 0.2125 0.0417 0.0211
0 0.4514 0.2328 0.0361 0.0172
0 0.5028 0.2391 0.0403 0.0211
0 0.5639 0.2352 0.0431 0.0227
0 0.5972 0.2688 0.0431 0.0227
0 0.4444 0.3055 0.0444 0.0234
0 0.5222 0.3094 0.0319 0.018
0 0.4292 0.3234 0.0375 0.0227
0 0.3875 0.3102 0.0444 0.0227
0 0.2944 0.3188 0.0431 0.0219
0 0.6069 0.3898 0.0458 0.0195
0 0.2444 0.3633 0.0333 0.0188
0 0.2167 0.393 0.0417 0.0234
0 0.2694 0.4078 0.0403 0.0227
0 0.3056 0.393 0.0319 0.0156
0 0.3333 0.407 0.0222 0.0133
0 0.3944 0.4578 0.0306 0.0203
0 0.4417 0.4672 0.0333 0.0125
0 0.5458 0.4719 0.0222 0.0156
0 0.6194 0.493 0.0292 0.0164
0 0.9042 0.4555 0.0375 0.0211
0 0.9486 0.5031 0.0306 0.0219
0 0.3028 0.4938 0.0319 0.018
0 0.2069 0.4242 0.0472 0.0195
0 0.0778 0.4531 0.0361 0.018
0 0.1708 0.4453 0.0306 0.0164
0 0.3431 0.5336 0.0306 0.0156
0 0.4819 0.5633 0.0375 0.018
0 0.5014 0.6211 0.0375 0.0234
0 0.2111 0.6016 0.0389 0.0195
0 0.0639 0.6836 0.0444 0.0227
0 0.5236 0.7602 0.0528 0.0375
0 0.4958 0.8352 0.0722 0.0367
0 0.4694 0.3203 0.0292 0.0172
0 0.3708 0.2945 0.0306 0.0141
0 0.4236 0.2492 0.0403 0.0234
0 0.4819 0.2016 0.025 0.0156
0 0.4486 0.1711 0.0292 0.0203
0 0.3556 0.1719 0.0361 0.0281
0 0.3889 0.1227 0.0444 0.0195
0 0.4167 0.1453 0.0431 0.0195
0 0.4333 0.2727 0.0514 0.0234
0 0.5944 0.5141 0.0361 0.0133
0 0.75 0.5672 0.0194 0.0148
0 0.9375 0.4562 0.0444 0.0242
0 0.8736 0.4844 0.0361 0.0156
0 0.8431 0.5219 0.0444 0.0125
0 0.2694 0.4469 0.0181 0.0203
0 0.3556 0.4773 0.025 0.0164
0 0.3944 0.4758 0.0333 0.0141
