0 0.2958 0.2383 0.0472 0.025
0 0.3472 0.2711 0.0569 0.0258
0 0.2903 0.2688 0.0458 0.0234
0 0.1764 0.3266 0.0569 0.032
0 0.2 0.4398 0.0444 0.0305
0 0.2417 0.4352 0.0306 0.0273
0 0.4264 0.5391 0.0583 0.0312
0 0.5833 0.5445 0.0417 0.0172
0 0.5292 0.5578 0.0389 0.0148
0 0.3278 0.5789 0.0347 0.0242
0 0.3819 0.6094 0.0417 0.0312
0 0.3028 0.6242 0.0611 0.0297
0 0.3222 0.6422 0.0542 0.0281
0 0.5792 0.6664 0.0319 0.025
0 0.4361 0.6719 0.0361 0.0305
0 0.1931 0.7039 0.0583 0.0352
0 0.3556 0.7305 0.075 0.0398
0 0.3569 0.7633 0.0264 0.0195
0 0.3694 0.782 0.0153 0.0133
0 0.5194 0.8375 0.0458 0.0188
0 0.4042 0.7273 0.0361 0.0211
0 0.45 0.8266 0.0444 0.0148
0 0.4056 0.9266 0.0917 0.0508
0 0.5778 0.7258 0.0292 0.0266
0 0.0444 0.7414 0.0556 0.025
0 0.4431 0.3922 0.0472 0.0211
0 0.2389 0.7633 0.0361 0.0242
0 0.0167 0.8484 0.0319 0.025
0 0.7889 0.893 0.0903 0.0312
0 0.5583 0.9258 0.0167 0.0211
