0 0.5528 0.6203 0.0417 0.0352
0 0.6083 0.6195 0.0431 0.0203
0 0.6403 0.6344 0.0542 0.0344
0 0.6875 0.6445 0.0403 0.0242
0 0.6361 0.6766 0.0444 0.025
0 0.4861 0.6844 0.0292 0.0195
0 0.5139 0.7039 0.0319 0.0109
0 0.5264 0.7562 0.0417 0.0234
0 0.5653 0.7773 0.0486 0.0266
0 0.6458 0.7742 0.0292 0.0258
0 0.7347 0.7859 0.0292 0.0148
0 0.4806 0.7617 0.0222 0.0195
0 0.6389 0.7945 0.0222 0.0195
0 0.4111 0.8312 0.0444 0.0242
0 0.5958 0.8227 0.0333 0.0195
0 0.8097 0.8422 0.0361 0.0227
0 0.7083 0.8938 0.0431 0.0258
0 0.8208 0.9531 0.0375 0.0344
0 0.8889 0.9398 0.0389 0.0234
0 0.0514 0.843 0.0458 0.0227
0 0.0917 0.8359 0.0375 0.0266
0 0.0569 0.8008 0.0333 0.0219
0 0.15 0.7562 0.0306 0.0172
0 0.1042 0.7633 0.025 0.0211
0 0.0153 0.5469 0.0222 0.0203
0 0.05 0.5711 0.0528 0.0242
0 0.0806 0.5852 0.0347 0.0227
0 0.1083 0.6062 0.0444 0.0164
0 0.15 0.6078 0.0417 0.0195
