0 0.6292 0.6008 0.0625 0.0359
0 0.5986 0.5805 0.0569 0.0328
0 0.8306 0.6289 0.0583 0.0273
0 0.6736 0.5203 0.0458 0.025
0 0.3306 0.3422 0.0403 0.0188
0 0.3347 0.3242 0.0347 0.0172
0 0.5236 0.1953 0.0472 0.0281
0 0.6722 0.1141 0.0528 0.0367
0 0.7153 0.2211 0.0542 0.0344
0 0.6208 0.2711 0.0389 0.0203
0 0.5722 0.3148 0.0361 0.0242
0 0.7472 0.2555 0.0458 0.0266
0 0.8667 0.2578 0.0403 0.0227
0 0.5472 0.325 0.0292 0.0133
0 0.7583 0.2875 0.0417 0.0188
0 0.5944 0.2906 0.0319 0.0188
0 0.5417 0.3109 0.0278 0.0141
0 0.5528 0.2938 0.0292 0.0156
0 0.5833 0.2688 0.0361 0.0219
0 0.5458 0.1969 0.0292 0.0227
0 0.6806 0.2266 0.0208 0.0227
0 0.7861 0.25 0.0236 0.0172
0 0.8014 0.2555 0.0306 0.0148
0 0.8389 0.2586 0.0278 0.0219
0 0.025 0.2969 0.0292 0.018
0 0.5111 0.4078 0.0306 0.0203
0 0.7778 0.425 0.0278 0.018
0 0.9833 0.4922 0.0306 0.0312
0 0.6625 0.5367 0.05 0.0242
0 0.5431 0.593 0.0403 0.0328
