0 0.5125 0.0375 0.0417 0.0281
0 0.5403 0.0516 0.0333 0.0297
0 0.5139 0.0656 0.0417 0.0188
0 0.4722 0.0742 0.0403 0.0266
0 0.425 0.0914 0.0236 0.0266
0 0.4472 0.1141 0.0472 0.0242
0 0.4889 0.1188 0.0458 0.0281
0 0.5139 0.1195 0.0278 0.0266
0 0.5403 0.1586 0.0333 0.0266
0 0.4222 0.1609 0.0458 0.0273
0 0.4722 0.1469 0.0375 0.0227
0 0.5097 0.1758 0.0417 0.0281
0 0.5583 0.2016 0.0403 0.0227
0 0.4819 0.1938 0.05 0.0297
0 0.425 0.218 0.0333 0.018
0 0.3889 0.2586 0.0403 0.0242
0 0.3722 0.268 0.025 0.0195
0 0.6278 0.268 0.0319 0.0211
0 0.5319 0.2305 0.0389 0.025
0 0.2417 0.3492 0.0319 0.0164
0 0.5139 0.3508 0.0486 0.0266
0 0.6903 0.2961 0.0472 0.0195
0 0.7056 0.3109 0.0333 0.025
0 0.5431 0.332 0.025 0.0133
0 0.6611 0.3992 0.0375 0.025
0 0.4 0.4195 0.0472 0.0227
0 0.4097 0.4016 0.0333 0.0195
0 0.5556 0.2906 0.05 0.0148
0 0.7153 0.4148 0.0361 0.0227
0 0.6375 0.4148 0.05 0.0273
0 0.6611 0.4227 0.0431 0.0234
0 0.3639 0.4797 0.05 0.0297
0 0.3167 0.4734 0.0528 0.0281
0 0.5472 0.457 0.0472 0.0242
0 0.3778 0.5438 0.0542 0.0297
0 0.3264 0.5766 0.0431 0.0211
0 0.5389 0.6148 0.0403 0.0211
0 0.5153 0.6195 0.0181 0.0133
0 0.4 0.5594 0.0431 0.0234
0 0.4111 0.5305 0.0403 0.0125
0 0.5681 0.4766 0.0417 0.025
0 0.6069 0.5039 0.0292 0.0219
0 0.2708 0.5453 0.0264 0.0156
0 0.5431 0.5383 0.0347 0.0195
0 0.5653 0.5156 0.0375 0.0234
0 0.5514 0.5984 0.0306 0.0195
0 0.5819 0.6055 0.0333 0.0156
0 0.5278 0.6906 0.0486 0.0273
0 0.6347 0.6719 0.0167 0.0141
0 0.5556 0.7336 0.0361 0.0305
0 0.6111 0.6859 0.0222 0.0125
0 0.4556 0.732 0.0347 0.0164
0 0.6153 0.8086 0.0389 0.032
0 0.5153 0.3094 0.0306 0.0242
0 0.5458 0.3086 0.0306 0.0219
0 0.3222 0.3625 0.0236 0.0109
0 0.4444 0.5258 0.0181 0.018
0 0.5639 0.7117 0.0278 0.0133
0 0.9639 0.7617 0.0583 0.0211
0 0.075 0.3852 0.025 0.0117
0 0.0417 0.3734 0.0153 0.0117
0 0.0167 0.3398 0.025 0.0117
0 0.0167 0.4227 0.0292 0.0133
0 0.0347 0.4625 0.0361 0.0164
0 0.0319 0.4805 0.0333 0.0188
0 0.0639 0.4797 0.0319 0.0188
0 0.3333 0.4414 0.0458 0.0211
