0 0.6917 0.0078 0.0306 0.0156
0 0.6694 0.0188 0.0361 0.0188
0 0.6639 0.007 0.0264 0.0148
0 0.7722 0.0227 0.0403 0.018
0 0.7056 0.043 0.0431 0.025
0 0.7167 0.0531 0.0417 0.0211
0 0.7431 0.0758 0.0431 0.0219
0 0.675 0.093 0.0347 0.0258
0 0.7986 0.0961 0.0472 0.0273
0 0.6986 0.1062 0.0403 0.0312
0 0.775 0.1391 0.0389 0.0297
0 0.7292 0.1359 0.0417 0.0258
0 0.7125 0.1523 0.0361 0.0258
0 0.6417 0.1422 0.0167 0.0195
0 0.6722 0.1594 0.0417 0.0219
0 0.6958 0.1852 0.0292 0.0203
0 0.7722 0.1078 0.0333 0.0266
0 0.6347 0.1977 0.0417 0.0227
0 0.5847 0.1922 0.0389 0.0266
0 0.4958 0.2336 0.0486 0.0312
0 0.7931 0.207 0.0306 0.0234
0 0.8167 0.2125 0.0333 0.0195
0 0.7181 0.2273 0.0167 0.018
0 0.7194 0.2469 0.025 0.0188
0 0.6625 0.243 0.0278 0.0141
0 0.6389 0.2359 0.0319 0.0203
0 0.6722 0.2859 0.0153 0.0117
0 0.6667 0.318 0.0222 0.0086
0 0.6875 0.35 0.0194 0.0125
0 0.6847 0.3594 0.0153 0.0062
0 0.5639 0.3445 0.0458 0.0188
0 0.4958 0.3484 0.0319 0.025
0 0.8347 0.3391 0.0417 0.025
0 0.8333 0.3586 0.0417 0.0211
0 0.6139 0.3039 0.0194 0.0133
0 0.9056 0.3766 0.0514 0.0312
0 0.8875 0.3672 0.0458 0.0234
0 0.8542 0.375 0.0306 0.0234
0 0.8903 0.3969 0.0306 0.0203
0 0.6389 0.4 0.0292 0.0234
0 0.5653 0.4508 0.0444 0.0273
0 0.5986 0.4508 0.0236 0.0172
0 0.7069 0.4602 0.0472 0.0242
0 0.8431 0.4055 0.0292 0.0195
0 0.8361 0.4234 0.0403 0.0203
0 0.8014 0.4453 0.0431 0.0148
0 0.7917 0.4656 0.0319 0.0164
0 0.8056 0.4961 0.05 0.0273
0 0.9125 0.5164 0.0403 0.0188
0 0.8194 0.5734 0.0361 0.0328
0 0.8139 0.6062 0.0292 0.0125
0 0.7875 0.6188 0.0208 0.0211
0 0.6917 0.6172 0.0361 0.0219
0 0.6028 0.6031 0.0444 0.0188
0 0.8139 0.675 0.0389 0.0227
0 0.7708 0.6773 0.0458 0.025
0 0.2319 0.6641 0.0347 0.0203
0 0.275 0.6711 0.0403 0.0258
0 0.0153 0.125 0.0306 0.0234
0 0.0083 0.1789 0.0167 0.0188
0 0.0542 0.2758 0.0444 0.0242
0 0.025 0.4398 0.0472 0.0242
0 0.2264 0.4242 0.0528 0.0156
0 0.025 0.1656 0.0444 0.0188
0 0.7708 0.0508 0.0236 0.0156
0 0.6569 0.1633 0.0333 0.025
0 0.9458 0.2797 0.0292 0.0141
0 0.9292 0.3945 0.0403 0.0258
