0 0.3583 0.1391 0.0319 0.0258
0 0.3181 0.1375 0.0319 0.0141
0 0.2931 0.1758 0.025 0.0172
0 0.2139 0.2516 0.0472 0.0273
0 0.3417 0.2281 0.0333 0.0203
0 0.9236 0.107 0.0556 0.0312
0 0.9111 0.0875 0.0417 0.0266
0 0.8222 0.2133 0.0403 0.0281
0 0.8667 0.2344 0.0375 0.0266
0 0.8208 0.2477 0.0375 0.0258
0 0.2778 0.2641 0.0375 0.0172
0 0.325 0.2984 0.0264 0.0172
0 0.5194 0.3195 0.0417 0.0195
0 0.5444 0.3266 0.0292 0.0172
0 0.9167 0.3727 0.0514 0.0297
0 0.8875 0.3766 0.0361 0.0266
0 0.9319 0.2891 0.0333 0.0219
0 0.9417 0.2273 0.0139 0.0164
0 0.9875 0.3047 0.0222 0.0234
0 0.4431 0.3297 0.0278 0.0234
0 0.4583 0.3766 0.0375 0.0148
0 0.3361 0.3773 0.0458 0.0148
0 0.7931 0.325 0.0361 0.018
0 0.9819 0.3898 0.0306 0.0117
0 0.9333 0.3992 0.0292 0.0148
0 0.7042 0.4352 0.0431 0.0195
0 0.8139 0.4906 0.0486 0.0195
0 0.375 0.4828 0.0444 0.0289
0 0.3125 0.557 0.0236 0.0164
0 0.1292 0.4172 0.0347 0.0172
0 0.0625 0.393 0.0347 0.0203
0 0.5264 0.4375 0.0514 0.0227
0 0.5847 0.4273 0.0431 0.0234
0 0.8056 0.6367 0.0403 0.025
0 0.1028 0.6305 0.0514 0.025
0 0.3236 0.1766 0.0361 0.0195
0 0.3958 0.1945 0.0417 0.0219
0 0.8694 0.2117 0.0361 0.0164
0 0.9875 0.2633 0.0194 0.0109
0 0.7819 0.3844 0.0292 0.0203
0 0.2222 0.4867 0.0264 0.0203
0 0.7806 0.5375 0.0444 0.0195
0 0.0125 0.5359 0.025 0.0109
