0 0.4889 0.0391 0.0431 0.0242
0 0.5972 0.0711 0.0569 0.0367
0 0.5528 0.1375 0.0528 0.0352
0 0.3917 0.1297 0.0472 0.0305
0 0.3514 0.1602 0.0194 0.0164
0 0.3944 0.1594 0.0292 0.018
0 0.4889 0.1859 0.0528 0.0172
0 0.4514 0.1852 0.0333 0.018
0 0.3514 0.1828 0.0264 0.0297
0 0.3736 0.2109 0.0514 0.0305
0 0.35 0.2391 0.0514 0.0273
0 0.2694 0.2812 0.0472 0.0195
0 0.2625 0.3102 0.0389 0.0227
0 0.3278 0.2945 0.0319 0.018
0 0.4931 0.2586 0.0236 0.0172
0 0.2944 0.318 0.0153 0.0094
0 0.3264 0.3281 0.0319 0.0156
0 0.5569 0.4078 0.0514 0.0242
0 0.3361 0.3969 0.0389 0.0156
0 0.2514 0.3898 0.0278 0.018
0 0.5931 0.4609 0.0431 0.0258
0 0.3486 0.4383 0.05 0.0227
0 0.3236 0.5062 0.0486 0.0289
0 0.3444 0.4633 0.0361 0.025
0 0.3875 0.4766 0.0542 0.0203
0 0.3542 0.5023 0.0194 0.0172
0 0.2056 0.493 0.0444 0.0219
0 0.2194 0.4469 0.0264 0.0242
0 0.2417 0.518 0.0347 0.0164
0 0.2014 0.5867 0.0361 0.0195
0 0.2597 0.6016 0.0333 0.0289
0 0.5264 0.5352 0.0375 0.0234
0 0.6319 0.5367 0.0486 0.0203
0 0.5847 0.5359 0.0236 0.0219
0 0.5861 0.5758 0.0403 0.0188
0 0.6264 0.5922 0.0181 0.0164
0 0.5639 0.6586 0.0514 0.0258
0 0.2792 0.5148 0.0431 0.0258
0 0.2625 0.4297 0.0333 0.0094
0 0.55 0.357 0.0375 0.0117
0 0.4667 0.25 0.0444 0.0266
0 0.6236 0.4195 0.0389 0.0203
0 0.5111 0.6969 0.0403 0.0234
0 0.9403 0.7039 0.0472 0.0234
0 0.9917 0.5992 0.0125 0.0195
0 0.9917 0.5609 0.0125 0.0125
0 0.9944 0.5789 0.0083 0.0148
0 0.9889 0.6258 0.0194 0.0109
0 0.1125 0.7852 0.0458 0.0219
0 0.1806 0.8008 0.0458 0.0242
0 0.2208 0.7844 0.0306 0.0219
0 0.6236 0.725 0.0403 0.0281
0 0.7042 0.6867 0.0361 0.0305
0 0.6875 0.7539 0.0403 0.0234
