0 0.5597 0.1664 0.0431 0.0266
0 0.0306 0.2125 0.0431 0.0234
0 0.5556 0.1852 0.0556 0.0148
0 0.0931 0.3953 0.0417 0.0242
0 0.0417 0.3977 0.0292 0.0195
0 0.0528 0.2945 0.0361 0.0148
0 0.0167 0.3906 0.0278 0.018
0 0.6056 0.4305 0.0431 0.0203
0 0.05 0.4203 0.0403 0.0164
0 0.1167 0.4234 0.0389 0.0211
0 0.0208 0.468 0.0347 0.0164
0 0.0056 0.4531 0.0097 0.0148
0 0.1236 0.5266 0.0319 0.0242
0 0.5528 0.5414 0.0431 0.0102
0 0.5583 0.6344 0.0528 0.0312
0 0.1569 0.5859 0.05 0.0227
0 0.3319 0.5875 0.0389 0.0164
0 0.3444 0.6422 0.025 0.0234
0 0.1403 0.6422 0.0222 0.0148
0 0.5389 0.7242 0.0444 0.0219
0 0.1833 0.8188 0.025 0.0195
0 0.1986 0.8438 0.0264 0.018
0 0.4014 0.918 0.0611 0.0328
0 0.4861 0.8461 0.0375 0.0391
0 0.4903 0.775 0.0389 0.0336
0 0.6542 0.7797 0.0375 0.0195
0 0.8389 0.8094 0.0389 0.025
0 0.8014 0.8148 0.0361 0.0164
0 0.9569 0.7695 0.0472 0.0273
0 0.6958 0.925 0.0514 0.025
0 0.6306 0.9164 0.0292 0.0164
0 0.1778 0.5992 0.0236 0.0148
0 0.3931 0.618 0.0264 0.0117
0 0.1986 0.7547 0.0208 0.0172
0 0.7153 0.782 0.0347 0.018
0 0.4875 0.9406 0.0375 0.0203
0 0.3292 0.9867 0.0375 0.0242
