0 0.1264 0.1789 0.0389 0.0203
0 0.1625 0.1773 0.0278 0.0148
0 0.0847 0.2555 0.0292 0.0172
0 0.0222 0.268 0.0194 0.0211
0 0.1667 0.2586 0.0361 0.0219
0 0.2097 0.382 0.0333 0.0195
0 0.0792 0.0664 0.0375 0.0258
0 0.0681 0.0461 0.025 0.0164
0 0.0111 0.0367 0.0222 0.0242
0 0.0319 0.0773 0.0347 0.0227
0 0.0097 0.0789 0.0194 0.018
0 0.0889 0.2391 0.0319 0.0156
0 0.2542 0.3547 0.0292 0.0188
0 0.2972 0.4141 0.0347 0.0234
0 0.2806 0.4562 0.0319 0.0211
0 0.2347 0.4375 0.0319 0.0172
0 0.2389 0.4664 0.0403 0.0219
0 0.2611 0.4977 0.0361 0.0188
0 0.2639 0.5141 0.025 0.0156
0 0.3722 0.5078 0.0444 0.018
0 0.425 0.507 0.0208 0.0133
0 0.2306 0.2781 0.0194 0.0133
0 0.1361 0.3359 0.0125 0.0148
0 0.0486 0.6234 0.0333 0.0195
0 0.0597 0.5961 0.0306 0.0164
0 0.1472 0.6391 0.0361 0.0164
0 0.15 0.6562 0.0403 0.0133
0 0.5542 0.5422 0.0403 0.0195
0 0.5792 0.5547 0.0417 0.018
0 0.7458 0.5766 0.0458 0.0258
0 0.8097 0.4555 0.0431 0.025
0 0.8514 0.4555 0.0417 0.0266
0 0.7958 0.4 0.0333 0.0219
0 0.6417 0.5516 0.0181 0.0203
0 0.9222 0.6031 0.0361 0.0211
0 0.7181 0.7625 0.0569 0.0328
0 0.6722 0.257 0.0417 0.0195
0 0.6736 0.2367 0.0319 0.0242
0 0.5875 0.0922 0.0486 0.0266
0 0.5861 0.1141 0.0486 0.0203
0 0.6542 0.1344 0.0347 0.0133
0 0.5056 0.0883 0.0486 0.0344
0 0.4417 0.3914 0.0319 0.018
0 0.6472 0.1539 0.0431 0.018
0 0.3056 0.5867 0.0264 0.0133
0 0.9778 0.6203 0.0389 0.018
0 0.5083 0.3539 0.0194 0.0125
0 0.7736 0.7797 0.0306 0.0156
0 0.8889 0.7398 0.0319 0.025
0 0.9417 0.7562 0.0361 0.0156
0 0.7458 0.7492 0.0375 0.0203
0 0.0681 0.2695 0.0236 0.0148
0 0.0625 0.257 0.0208 0.0117
