0 0.1069 0.0867 0.0625 0.0398
0 0.1097 0.118 0.0389 0.0234
0 0.1708 0.1219 0.0458 0.0305
0 0.1417 0.1352 0.0639 0.0367
0 0.1625 0.1695 0.0361 0.0195
0 0.8097 0.2156 0.0292 0.018
0 0.2111 0.2648 0.05 0.0203
0 0.3306 0.2984 0.0444 0.0219
0 0.8833 0.2016 0.0306 0.0281
0 0.8139 0.2477 0.0361 0.0227
0 0.9236 0.2469 0.0444 0.0219
0 0.8958 0.2203 0.0292 0.0227
0 0.8333 0.2062 0.0333 0.025
0 0.9722 0.243 0.0514 0.032
0 0.9194 0.325 0.0569 0.0312
0 0.9681 0.325 0.0458 0.0289
0 0.8583 0.3023 0.0556 0.025
0 0.1583 0.4594 0.0597 0.0258
0 0.3333 0.4727 0.0667 0.0391
0 0.7069 0.4211 0.0472 0.032
0 0.9542 0.3719 0.0444 0.0188
0 0.9875 0.3961 0.0222 0.0188
0 0.7639 0.4586 0.0597 0.032
0 0.6403 0.5023 0.0361 0.0188
0 0.6806 0.5 0.0389 0.0234
0 0.6556 0.4852 0.0486 0.0203
0 0.7069 0.4734 0.0333 0.0258
0 0.7472 0.4805 0.0486 0.0258
0 0.9292 0.493 0.0417 0.0281
0 0.9806 0.4445 0.0347 0.032
0 0.9764 0.4969 0.0431 0.0258
0 0.4569 0.6812 0.075 0.0414
0 0.9431 0.5406 0.0583 0.0211
0 0.975 0.5242 0.0417 0.0297
0 0.7431 0.5688 0.0417 0.0188
0 0.7889 0.5859 0.0528 0.0227
0 0.9625 0.5633 0.0556 0.0273
0 0.9847 0.5852 0.0264 0.0258
0 0.1056 0.9078 0.0458 0.0141
0 0.4556 0.7648 0.0722 0.0383
0 0.5278 0.7352 0.0264 0.0195
0 0.4472 0.7398 0.0431 0.0195
0 0.7875 0.7469 0.0486 0.0258
0 0.7403 0.2188 0.0306 0.0227
0 0.9847 0.2977 0.025 0.0133
0 0.0931 0.3109 0.0347 0.0211
0 0.7958 0.3734 0.025 0.0203
0 0.7458 0.3844 0.0278 0.0109
0 0.7764 0.3938 0.0139 0.0117
0 0.9097 0.3789 0.0306 0.025
