0 0.5736 0.1992 0.0431 0.0242
0 0.4944 0.2195 0.0361 0.0281
0 0.4028 0.218 0.0167 0.0102
0 0.4361 0.2391 0.0208 0.0133
0 0.4542 0.2336 0.0167 0.0102
0 0.4583 0.2867 0.0417 0.0297
0 0.4903 0.2805 0.0306 0.0242
0 0.5639 0.2758 0.0403 0.0227
0 0.5792 0.3258 0.0403 0.0273
0 0.4778 0.3234 0.0444 0.0289
0 0.4139 0.3258 0.0306 0.0289
0 0.425 0.3602 0.0319 0.0211
0 0.4597 0.3609 0.0236 0.0094
0 0.5514 0.3523 0.0347 0.0195
0 0.5292 0.4109 0.0569 0.0281
0 0.5375 0.4359 0.0444 0.0219
0 0.4014 0.3906 0.0528 0.0281
0 0.3556 0.4023 0.0528 0.0219
0 0.6361 0.4484 0.0486 0.0258
0 0.3764 0.4219 0.0278 0.018
0 0.4625 0.4656 0.0431 0.0281
0 0.575 0.482 0.0458 0.0258
0 0.5319 0.4898 0.0278 0.0211
0 0.35 0.4641 0.0375 0.0227
0 0.3444 0.4898 0.0472 0.0242
0 0.3306 0.4992 0.0222 0.0102
0 0.4208 0.4992 0.0583 0.0242
0 0.4639 0.5305 0.0417 0.0211
0 0.4736 0.5477 0.0319 0.018
0 0.4847 0.5719 0.0375 0.0258
0 0.7542 0.5359 0.0431 0.0211
0 0.7361 0.5766 0.0264 0.0188
0 0.5708 0.6266 0.0444 0.0258
0 0.4458 0.7328 0.0444 0.0305
0 0.4278 0.7547 0.0361 0.0289
0 0.5056 0.6078 0.0333 0.0148
0 0.4944 0.3719 0.0264 0.0188
0 0.6625 0.5469 0.0292 0.0125
0 0.7319 0.5547 0.0236 0.0148
0 0.6819 0.5719 0.0347 0.0188
0 0.6653 0.6047 0.0417 0.0164
0 0.5181 0.2375 0.0181 0.0125
0 0.4472 0.3258 0.0278 0.0289
0 0.4347 0.7188 0.0278 0.0156
0 0.5458 0.7234 0.0292 0.0102
0 0.6292 0.8297 0.0389 0.0297
0 0.8403 0.6289 0.0361 0.0195
0 0.7153 0.6305 0.0333 0.0102
