0 0.0069 0.1797 0.0139 0.018
0 0.0222 0.1805 0.0208 0.0148
0 0.0444 0.1883 0.0306 0.0156
0 0.0347 0.1625 0.0194 0.0172
0 0.0569 0.1695 0.0292 0.0172
0 0.0931 0.1664 0.0306 0.0148
0 0.0917 0.1836 0.0292 0.0148
0 0.1153 0.1898 0.0222 0.0117
0 0.1292 0.2078 0.0306 0.0195
0 0.0986 0.2289 0.0306 0.0172
0 0.2667 0.1602 0.0306 0.0125
0 0.2389 0.0961 0.0278 0.0195
0 0.2389 0.1102 0.0278 0.0172
0 0.2903 0.1148 0.0264 0.0148
0 0.3806 0.1211 0.0333 0.0141
0 0.3806 0.1414 0.0347 0.0203
0 0.3958 0.1547 0.0292 0.0195
0 0.4347 0.1578 0.0278 0.0164
0 0.2403 0.2289 0.0472 0.0297
0 0.1986 0.2359 0.0403 0.0289
0 0.3111 0.2375 0.0333 0.0242
0 0.4 0.2523 0.0556 0.0328
0 0.5069 0.1875 0.0292 0.0211
0 0.5403 0.1922 0.0236 0.0227
0 0.2389 0.2547 0.0444 0.0227
0 0.0097 0.3109 0.0181 0.0164
0 0.0347 0.3094 0.0319 0.0195
0 0.0444 0.3227 0.0292 0.018
0 0.0722 0.3266 0.0278 0.0188
0 0.1125 0.3109 0.0361 0.0188
0 0.1056 0.3234 0.0306 0.0148
0 0.1583 0.3375 0.0333 0.0172
0 0.1458 0.2891 0.0431 0.0258
0 0.1889 0.293 0.0444 0.0266
0 0.2458 0.293 0.0375 0.0219
0 0.2903 0.2977 0.0417 0.0195
0 0.2389 0.3164 0.0403 0.0219
0 0.2514 0.332 0.0444 0.0211
0 0.2931 0.3391 0.0375 0.018
0 0.3306 0.3578 0.0347 0.0203
0 0.3181 0.4727 0.0333 0.0172
0 0.0292 0.4852 0.0486 0.0281
0 0.1375 0.4398 0.0542 0.0258
0 0.0681 0.4461 0.0347 0.0242
0 0.1278 0.4852 0.0333 0.0211
0 0.1778 0.4695 0.0514 0.0281
0 0.1375 0.5367 0.0403 0.0219
0 0.2431 0.5547 0.0472 0.0266
0 0.3222 0.5469 0.0458 0.0234
0 0.3417 0.5227 0.0208 0.0125
0 0.2528 0.5062 0.0125 0.0133
0 0.1903 0.5352 0.0333 0.0164
0 0.2625 0.6328 0.0264 0.0188
0 0.2833 0.65 0.0153 0.0148
0 0.3764 0.6703 0.0208 0.0148
0 0.3694 0.5742 0.0389 0.0234
0 0.3903 0.6258 0.0222 0.0148
0 0.4 0.6039 0.0389 0.0211
0 0.625 0.2758 0.0375 0.0195
0 0.5847 0.2797 0.0347 0.0219
0 0.5875 0.3055 0.0472 0.0258
0 0.5236 0.3172 0.0444 0.025
0 0.4972 0.357 0.0472 0.0258
0 0.4958 0.375 0.0361 0.0164
0 0.5875 0.3789 0.0403 0.0273
0 0.4278 0.4883 0.0264 0.0125
0 0.4458 0.7477 0.025 0.018
0 0.7542 0.2195 0.0292 0.0148
0 0.9236 0.2695 0.0319 0.0195
0 0.8875 0.2867 0.0417 0.0242
0 0.85 0.2992 0.0306 0.0156
0 0.9514 0.3039 0.0319 0.0156
0 0.6667 0.3914 0.0306 0.0211
0 0.4875 0.5398 0.0403 0.0211
0 0.4556 0.5625 0.0347 0.0211
0 0.4778 0.575 0.0444 0.025
0 0.5458 0.6477 0.0403 0.0219
0 0.5042 0.7328 0.0292 0.0172
0 0.4569 0.7609 0.0319 0.0156
0 0.6208 0.6812 0.0222 0.0086
0 0.6694 0.6055 0.0306 0.0188
0 0.7458 0.6281 0.0347 0.0195
0 0.7556 0.5445 0.0347 0.0203
0 0.8306 0.5141 0.0403 0.0242
0 0.8417 0.5328 0.0444 0.0219
0 0.8389 0.5938 0.0319 0.0188
0 0.8639 0.5758 0.0292 0.0156
0 0.8958 0.5664 0.0167 0.0078
0 0.9722 0.682 0.0278 0.0133
0 0.9903 0.4586 0.0167 0.0133
0 0.9611 0.3391 0.0167 0.0188
0 0.1917 0.1898 0.0472 0.0172
0 0.1153 0.1375 0.0222 0.0133
0 0.9444 0.2148 0.0292 0.0109
0 0.3194 0.3297 0.0236 0.0172
0 0.0681 0.5672 0.0375 0.0211
0 0.9875 0.6211 0.0208 0.0227
0 0.9347 0.6812 0.0264 0.0094
0 0.4111 0.4555 0.0264 0.0148
