0 0.4819 0.0945 0.0486 0.025
0 0.5917 0.1273 0.0625 0.0344
0 0.3833 0.1852 0.05 0.0328
0 0.5472 0.1906 0.0556 0.032
0 0.3514 0.2344 0.0486 0.0281
0 0.3583 0.2641 0.0542 0.032
0 0.3417 0.2125 0.0264 0.018
0 0.3833 0.2117 0.025 0.0164
0 0.2611 0.3336 0.0472 0.025
0 0.3347 0.2898 0.0528 0.0297
0 0.4458 0.2398 0.0389 0.0195
0 0.4861 0.2367 0.0403 0.0148
0 0.2542 0.3633 0.0486 0.0266
0 0.3236 0.3469 0.05 0.0203
0 0.3153 0.3781 0.0389 0.0195
0 0.2306 0.4391 0.0292 0.0219
0 0.3194 0.4477 0.0389 0.018
0 0.5569 0.4633 0.0556 0.0281
0 0.5958 0.5148 0.0486 0.0297
0 0.3306 0.4914 0.05 0.025
0 0.2042 0.4969 0.0264 0.0234
0 0.3 0.5602 0.0486 0.0297
0 0.3708 0.532 0.0514 0.0242
0 0.3292 0.5172 0.0333 0.0266
0 0.1847 0.5453 0.0458 0.0234
0 0.1681 0.6398 0.0361 0.0195
0 0.2222 0.6562 0.0375 0.032
0 0.5264 0.5922 0.0514 0.0219
0 0.5861 0.5922 0.0278 0.0219
0 0.6458 0.5914 0.0431 0.0258
0 0.5847 0.6344 0.0403 0.0195
0 0.5542 0.7234 0.0542 0.0281
0 0.4986 0.7586 0.0431 0.0266
0 0.425 0.7367 0.0333 0.0242
0 0.075 0.8492 0.0403 0.0234
0 0.5458 0.7836 0.0431 0.018
0 0.6917 0.8195 0.0458 0.0227
0 0.9611 0.7695 0.0417 0.0227
0 0.6278 0.7984 0.0333 0.0203
0 0.6208 0.6523 0.0403 0.0164
0 0.1833 0.4539 0.0347 0.0117
0 0.625 0.7805 0.0333 0.0133
0 0.625 0.468 0.0472 0.0273
0 0.4667 0.3031 0.0417 0.0273
0 0.1542 0.5859 0.0417 0.0188
0 0.1653 0.3773 0.0292 0.0227
0 0.25 0.4875 0.0403 0.0227
0 0.2833 0.4867 0.0236 0.0234
0 0.5042 0.4656 0.0458 0.0102
0 0.3306 0.5602 0.0278 0.0289
0 0.2375 0.5688 0.0514 0.0281
0 0.15 0.8656 0.0514 0.025
0 0.7083 0.7508 0.0472 0.0258
0 0.5972 0.5516 0.0569 0.0203
