0 0.0653 0.1375 0.0389 0.0234
0 0.0889 0.1766 0.0319 0.0195
0 0.0597 0.1906 0.0333 0.018
0 0.0597 0.1664 0.0264 0.0273
0 0.1139 0.2867 0.0417 0.0258
0 0.0222 0.2562 0.0458 0.025
0 0.0569 0.4039 0.0333 0.0227
0 0.0861 0.4508 0.0417 0.025
0 0.2972 0.6703 0.0347 0.0242
0 0.3389 0.6781 0.0431 0.0258
0 0.2764 0.4312 0.0431 0.0125
0 0.7514 0.0141 0.0278 0.0195
0 0.7292 0.0094 0.0292 0.0188
0 0.7264 0.025 0.0417 0.0227
0 0.8125 0.0102 0.0194 0.0211
0 0.8319 0.032 0.0403 0.0172
0 0.7681 0.0508 0.0389 0.0258
0 0.8083 0.0867 0.0431 0.0266
0 0.7333 0.1008 0.0319 0.0258
0 0.7569 0.1102 0.0403 0.025
0 0.7611 0.1227 0.0375 0.0164
0 0.8625 0.1062 0.0444 0.0234
0 0.8333 0.1188 0.0292 0.0234
0 0.8375 0.1453 0.0403 0.025
0 0.7917 0.1453 0.0278 0.025
0 0.7819 0.1617 0.025 0.0219
0 0.7375 0.1672 0.0403 0.0258
0 0.7056 0.1508 0.0194 0.0188
0 0.7625 0.193 0.0208 0.0211
0 0.6472 0.2008 0.0361 0.0258
0 0.5639 0.2422 0.0472 0.0289
0 0.8528 0.2164 0.0361 0.0242
0 0.8764 0.2211 0.0278 0.0195
0 0.7903 0.2484 0.0111 0.0172
0 0.7028 0.2398 0.0292 0.0156
0 0.6278 0.3539 0.0458 0.0227
0 0.5569 0.3578 0.0306 0.0219
0 0.6806 0.3141 0.0208 0.0156
0 0.6375 0.4594 0.0444 0.0258
0 0.6667 0.4578 0.0208 0.0164
0 0.7014 0.4094 0.0264 0.0156
0 0.8431 0.4008 0.0181 0.0148
0 0.7736 0.4703 0.0417 0.0273
0 0.9 0.3445 0.0417 0.025
0 0.7292 0.2492 0.0278 0.0148
0 0.8819 0.5023 0.05 0.0227
0 0.8986 0.3648 0.0528 0.0227
0 0.9764 0.3844 0.0431 0.0297
0 0.9597 0.3742 0.0403 0.0234
0 0.9264 0.382 0.0319 0.025
0 0.9611 0.3984 0.025 0.0211
0 0.9125 0.4141 0.0236 0.0227
0 0.9056 0.4336 0.0306 0.0141
0 0.8542 0.4523 0.0194 0.0141
0 0.8597 0.4734 0.0278 0.0172
0 0.8986 0.5828 0.0444 0.0312
0 0.9 0.6141 0.0306 0.0133
0 0.8694 0.6289 0.0236 0.0203
0 0.8472 0.6867 0.0389 0.0273
0 0.8903 0.6828 0.0444 0.0258
0 0.6528 0.6125 0.0347 0.0211
0 0.6806 0.6086 0.0319 0.0195
0 0.0167 0.3977 0.0333 0.0164
0 0.7069 0.2102 0.0236 0.0148
0 0.7181 0.1703 0.0347 0.0211
0 0.8167 0.0555 0.0569 0.0328
0 0.7806 0.0633 0.0486 0.0258
0 0.8278 0.4672 0.0486 0.0242
0 0.9833 0.5219 0.0292 0.0172
0 0.7528 0.625 0.0472 0.0188
0 0.7014 0.5656 0.0375 0.0148
0 0.6278 0.6547 0.0292 0.0156
