0 0.5278 0.2008 0.0472 0.0266
0 0.3431 0.3609 0.0292 0.0172
0 0.3097 0.3562 0.0375 0.0211
0 0.6708 0.393 0.0347 0.0195
0 0.725 0.4281 0.0389 0.0273
0 0.6528 0.4102 0.0236 0.0148
0 0.625 0.3992 0.0236 0.0227
0 0.5653 0.4336 0.0403 0.0133
0 0.5181 0.4547 0.0403 0.0234
0 0.3333 0.4297 0.0486 0.0242
0 0.3458 0.4609 0.0458 0.0195
0 0.2819 0.5438 0.0306 0.0258
0 0.3236 0.55 0.0444 0.0156
0 0.3028 0.6555 0.05 0.0273
0 0.3194 0.6047 0.0333 0.0211
0 0.275 0.6203 0.0569 0.0219
0 0.9208 0.5617 0.0278 0.0094
0 0.8125 0.6672 0.0319 0.0188
0 0.9486 0.6602 0.0264 0.0133
0 0.2486 0.4453 0.0278 0.0211
0 0.1847 0.4469 0.0222 0.0156
0 0.0875 0.5383 0.0458 0.0195
0 0.1194 0.5258 0.0236 0.0148
0 0.1139 0.5469 0.0208 0.0086
0 0.1306 0.5023 0.0208 0.0227
0 0.525 0.7367 0.0444 0.0141
0 0.65 0.6773 0.0111 0.0164
0 0.8792 0.6352 0.0417 0.0172
0 0.9056 0.6664 0.0444 0.0219
0 0.95 0.6812 0.0194 0.0227
