0 0.4417 0.1461 0.0361 0.0242
0 0.4639 0.1312 0.0319 0.0172
0 0.5514 0.1328 0.0292 0.0133
0 0.6056 0.275 0.0375 0.0195
0 0.6236 0.2883 0.0417 0.0219
0 0.6014 0.3445 0.0417 0.0227
0 0.5569 0.418 0.0236 0.0102
0 0.5972 0.4414 0.025 0.0078
0 0.6347 0.4508 0.0375 0.0188
0 0.7333 0.4617 0.0431 0.0297
0 0.6625 0.4961 0.0375 0.0289
0 0.6708 0.5453 0.0444 0.0281
0 0.5972 0.5133 0.0444 0.025
0 0.5653 0.5281 0.0264 0.0219
0 0.4847 0.5094 0.0556 0.0289
0 0.5778 0.6328 0.0458 0.0242
0 0.4444 0.6203 0.0444 0.0227
0 0.3028 0.6039 0.0542 0.0281
0 0.3194 0.5773 0.0208 0.0148
0 0.325 0.5359 0.0472 0.0305
0 0.1889 0.4391 0.0361 0.0172
0 0.2111 0.4555 0.0319 0.0125
0 0.0139 0.4859 0.0292 0.0258
