0 0.4333 0.3578 0.0472 0.0242
0 0.3917 0.3695 0.0264 0.0125
0 0.4944 0.3891 0.0444 0.0242
0 0.4306 0.3844 0.0444 0.0258
0 0.3556 0.4406 0.05 0.0305
0 0.3431 0.5094 0.0222 0.0234
0 0.3208 0.5438 0.0486 0.032
0 0.6056 0.6438 0.0528 0.032
0 0.4319 0.6812 0.0458 0.0258
0 0.4403 0.6406 0.0375 0.0172
0 0.5681 0.7133 0.0556 0.0312
0 0.4208 0.7266 0.0542 0.0273
0 0.6375 0.7758 0.0542 0.0344
0 0.3569 0.8062 0.0597 0.0336
0 0.2028 0.8453 0.0542 0.0391
0 0.5278 0.825 0.0514 0.0344
0 0.4569 0.8688 0.0389 0.018
0 0.5583 0.8859 0.0319 0.0289
0 0.5986 0.9141 0.0319 0.018
0 0.6514 0.9203 0.05 0.0188
0 0.55 0.9133 0.0208 0.0219
0 0.5958 0.8164 0.0208 0.0125
0 0.7458 0.7656 0.0292 0.0203
0 0.725 0.6516 0.0472 0.0188
0 0.6806 0.643 0.0458 0.025
0 0.4806 0.6914 0.0361 0.0164
0 0.6514 0.718 0.0472 0.0211
0 0.5972 0.7352 0.0236 0.0133
0 0.4083 0.7016 0.0319 0.0266
0 0.6847 0.7719 0.0264 0.0266
0 0.1597 0.9578 0.0514 0.032
0 0.3806 0.875 0.0222 0.0219
0 0.4292 0.8414 0.0583 0.032
0 0.5778 0.8367 0.0625 0.025
0 0.7181 0.9398 0.0319 0.0219
0 0.95 0.9883 0.0319 0.0203
0 0.4556 0.7523 0.0583 0.0234
