0 0.3806 0.4672 0.0375 0.0195
0 0.7181 0.5586 0.0347 0.0219
0 0.8681 0.4617 0.0347 0.0203
0 0.075 0.4789 0.0403 0.0234
0 0.9 0.3594 0.0306 0.0203
0 0.8972 0.4125 0.0306 0.018
0 0.7264 0.4984 0.0319 0.0148
0 0.7222 0.4727 0.0292 0.0141
0 0.6542 0.4992 0.0375 0.0172
0 0.1278 0.4555 0.0389 0.0203
0 0.1375 0.3703 0.0319 0.0211
0 0.1222 0.3219 0.0333 0.0195
0 0.5097 0.3328 0.0319 0.0188
0 0.1903 0.157 0.0306 0.018
0 0.1597 0.1758 0.025 0.0188
0 0.1014 0.1891 0.0361 0.0172
0 0.1181 0.1719 0.0375 0.0195
0 0.0653 0.1133 0.0292 0.0172
0 0.0111 0.1531 0.0194 0.0188
0 0.0611 0.1461 0.0264 0.0117
0 0.3111 0.1328 0.0306 0.0219
0 0.3333 0.157 0.0278 0.0156
0 0.275 0.1586 0.0278 0.0188
0 0.1653 0.1352 0.0319 0.018
0 0.1667 0.1156 0.0306 0.0141
0 0.175 0.3008 0.0403 0.0203
0 0.5764 0.2875 0.0389 0.018
0 0.7778 0.4672 0.0306 0.0195
0 0.8681 0.4336 0.0333 0.0141
0 0.9083 0.4344 0.0361 0.0203
0 0.1889 0.3367 0.0292 0.018
0 0.2514 0.2797 0.0333 0.0133
0 0.2792 0.1414 0.0236 0.0172
0 0.2625 0.2078 0.0375 0.0125
0 0.4569 0.2422 0.0333 0.0203
0 0.2597 0.2672 0.0333 0.0156
0 0.4889 0.1938 0.0319 0.0172
0 0.2625 0.1875 0.0236 0.0172
0 0.0236 0.2742 0.0306 0.0188
0 0.0389 0.4711 0.0347 0.0211
0 0.0111 0.4789 0.0167 0.0133
0 0.1361 0.1781 0.025 0.018
0 0.1514 0.1586 0.0194 0.0148
0 0.0667 0.1922 0.0306 0.0125
0 0.0194 0.1938 0.0264 0.0211
0 0.0694 0.1695 0.0236 0.0117
0 0.0875 0.1734 0.0236 0.0172
0 0.2333 0.2031 0.0292 0.0133
0 0.25 0.1742 0.0278 0.0164
0 0.2111 0.1625 0.0278 0.0164
0 0.1833 0.1711 0.0236 0.0156
0 0.3403 0.1836 0.0375 0.0117
0 0.3125 0.2516 0.0403 0.0211
0 0.2014 0.3203 0.0236 0.0219
0 0.3583 0.357 0.0264 0.0188
0 0.2264 0.4359 0.0347 0.0172
0 0.6986 0.5547 0.0208 0.0156
0 0.8069 0.4672 0.0181 0.0156
0 0.9806 0.5031 0.0347 0.0203
0 0.8833 0.382 0.0208 0.0148
0 0.6722 0.3609 0.0194 0.0117
0 0.5958 0.3062 0.0264 0.0133
0 0.625 0.3109 0.0208 0.0117
0 0.2694 0.35 0.0222 0.0133
0 0.2653 0.3078 0.0153 0.0109
0 0.5597 0.2461 0.0208 0.0102
0 0.4722 0.2148 0.0319 0.0164
0 0.4056 0.1953 0.0236 0.0188
