0 0.1222 0.2461 0.0306 0.0172
0 0.2208 0.2625 0.0431 0.0203
0 0.2181 0.3039 0.0375 0.0266
0 0.2389 0.3125 0.0361 0.0281
0 0.1861 0.3883 0.0292 0.0188
0 0.175 0.4016 0.025 0.0305
0 0.2389 0.443 0.0319 0.0164
0 0.2472 0.507 0.0347 0.0242
0 0.1764 0.5516 0.0389 0.025
0 0.1236 0.6094 0.0528 0.0148
0 0.2556 0.5734 0.0375 0.0133
0 0.0056 0.6031 0.0097 0.0203
0 0.3875 0.5828 0.0361 0.0156
0 0.3736 0.6008 0.0361 0.0219
0 0.4875 0.6203 0.0417 0.0227
0 0.4667 0.6289 0.0292 0.0352
0 0.5028 0.5656 0.0375 0.018
0 0.5222 0.5562 0.0389 0.0156
0 0.3403 0.5891 0.0236 0.0148
0 0.3833 0.5711 0.0222 0.0086
0 0.8597 0.5922 0.05 0.0273
0 0.8431 0.6242 0.0444 0.0211
0 0.8708 0.6352 0.0361 0.0227
0 0.9736 0.5352 0.025 0.0109
0 0.9792 0.4547 0.0375 0.0211
0 0.8806 0.3516 0.0375 0.0125
0 0.0819 0.2977 0.0333 0.0227
0 0.0639 0.3125 0.0264 0.0188
0 0.1694 0.5906 0.0306 0.018
0 0.1875 0.65 0.0361 0.0164
