0 0.3819 0.1352 0.0292 0.0242
0 0.3472 0.1273 0.025 0.0125
0 0.3264 0.1688 0.0431 0.0211
0 0.4056 0.1922 0.0319 0.0203
0 0.3 0.1883 0.0292 0.0242
0 0.2139 0.2477 0.0472 0.0242
0 0.2236 0.2562 0.025 0.0125
0 0.3319 0.3836 0.0375 0.0188
0 0.5361 0.3273 0.0347 0.0195
0 0.55 0.3359 0.0319 0.0188
0 0.3972 0.4953 0.0444 0.0242
0 0.4083 0.507 0.0472 0.0148
0 0.3528 0.5758 0.0347 0.0234
0 0.3958 0.3508 0.0278 0.0117
0 0.4667 0.3359 0.0167 0.018
0 0.1958 0.4258 0.0167 0.0188
0 0.375 0.2305 0.0153 0.0148
0 0.2931 0.2609 0.0375 0.0219
0 0.3736 0.3039 0.0222 0.0211
0 0.4514 0.3867 0.0181 0.0109
0 0.5153 0.3617 0.0139 0.0117
0 0.5375 0.45 0.0333 0.0188
0 0.5986 0.4359 0.0444 0.0211
0 0.9875 0.6625 0.0222 0.0211
0 0.8833 0.6594 0.0361 0.0203
0 0.8931 0.5102 0.0458 0.0266
0 0.8417 0.3391 0.0306 0.0164
0 0.8944 0.2617 0.0361 0.0211
0 0.9542 0.2547 0.0431 0.0281
0 0.8972 0.3531 0.0208 0.0117
0 0.9903 0.3898 0.0153 0.0273
0 0.9667 0.3883 0.0319 0.0094
0 0.9833 0.3984 0.0236 0.0125
0 0.9792 0.1062 0.0375 0.0273
0 0.9833 0.1281 0.0306 0.0281
0 0.8986 0.2297 0.0431 0.0203
0 0.8236 0.3992 0.0403 0.0219
0 0.0639 0.3742 0.0278 0.0164
0 0.0972 0.4211 0.0431 0.0219
0 0.0167 0.3938 0.0306 0.0141
0 0.0556 0.4305 0.0208 0.0164
0 0.0542 0.4078 0.0306 0.0141
0 0.5083 0.382 0.0167 0.0102
0 0.5097 0.3945 0.0167 0.0109
0 0.1139 0.3977 0.0208 0.0172
0 0.3569 0.3805 0.0139 0.0156
0 0.225 0.4992 0.0292 0.0188
0 0.0778 0.4062 0.0139 0.0102
0 0.2639 0.4273 0.0194 0.0211
0 0.1806 0.6828 0.0361 0.0188
0 0.7333 0.5234 0.0389 0.0172
0 0.0153 0.3734 0.0319 0.0109
0 0.3153 0.2828 0.0125 0.0086
0 0.9458 0.218 0.0319 0.0383
0 0.9889 0.2047 0.0153 0.0117
0 0.9903 0.2445 0.0167 0.0148
0 0.8597 0.5609 0.0306 0.0148
0 0.0792 0.6492 0.05 0.025
