0 0.8847 0.6016 0.0569 0.0336
0 0.9208 0.6242 0.0653 0.0359
0 0.8264 0.6117 0.0417 0.0359
0 0.9444 0.5383 0.0417 0.0234
0 0.9361 0.5562 0.0444 0.0234
0 0.8306 0.3227 0.0389 0.0211
0 0.8042 0.3336 0.0278 0.018
0 0.5833 0.332 0.0292 0.0164
0 0.5736 0.3484 0.0333 0.0156
0 0.8903 0.2773 0.0403 0.0211
0 0.8625 0.2992 0.0389 0.018
0 0.8083 0.2008 0.0375 0.0281
0 0.8389 0.2016 0.0236 0.0242
0 0.9681 0.1188 0.0597 0.0352
0 0.9875 0.2281 0.0194 0.0305
0 0.8458 0.2742 0.0264 0.0141
0 0.7653 0.4203 0.0417 0.0219
0 0.2653 0.3008 0.0236 0.0133
0 0.975 0.2336 0.0306 0.0203
0 0.8167 0.2992 0.0306 0.0188
0 0.8083 0.318 0.0222 0.0133
