0 0.7667 0.007 0.05 0.0125
0 0.7194 0.007 0.0514 0.0133
0 0.7667 0.0242 0.0472 0.0227
0 0.8264 0.0211 0.0403 0.0211
0 0.9292 0.0219 0.0486 0.0289
0 0.8847 0.0102 0.0417 0.0188
0 0.9861 0.0555 0.025 0.0234
0 0.9722 0.0906 0.0403 0.0289
0 0.9764 0.1211 0.0403 0.0234
0 0.8319 0.0898 0.0375 0.0258
0 0.7972 0.0648 0.0542 0.0312
0 0.7542 0.0555 0.05 0.0297
0 0.7694 0.0789 0.0472 0.0289
0 0.6681 0.0492 0.0222 0.0203
0 0.7319 0.0945 0.0389 0.0242
0 0.7875 0.1094 0.0375 0.0234
0 0.4236 0.0766 0.0444 0.0312
0 0.5806 0.1062 0.0694 0.0398
0 0.6111 0.0547 0.0403 0.025
0 0.6375 0.043 0.0486 0.0328
0 0.7639 0.1508 0.0431 0.0219
0 0.8625 0.1953 0.0514 0.0234
0 0.3722 0.0898 0.0625 0.0398
0 0.2986 0.0469 0.0431 0.0219
0 0.1944 0.0688 0.0528 0.0305
0 0.1556 0.0617 0.0472 0.0305
0 0.3944 0.1648 0.0611 0.0398
0 0.5278 0.1531 0.0458 0.0344
0 0.5681 0.1617 0.0597 0.043
0 0.6139 0.1758 0.0417 0.0211
0 0.6611 0.1672 0.0306 0.0195
0 0.1139 0.0594 0.0319 0.032
0 0.0417 0.0367 0.0458 0.0281
0 0.1764 0.0117 0.05 0.0188
0 0.2389 0.0836 0.0486 0.0312
0 0.0944 0.0844 0.05 0.0352
0 0.0611 0.0836 0.0167 0.0164
0 0.0181 0.05 0.0347 0.0297
0 0.0514 0.1172 0.0472 0.0328
0 0.1292 0.1141 0.0486 0.0297
0 0.1181 0.1461 0.0444 0.0273
0 0.0694 0.1453 0.0444 0.0281
0 0.2542 0.1734 0.0389 0.0234
0 0.2917 0.2352 0.0583 0.0336
0 0.3431 0.2375 0.05 0.0281
0 0.5014 0.2383 0.0597 0.0359
0 0.6944 0.1914 0.0306 0.0172
0 0.6639 0.1859 0.0361 0.0125
0 0.7222 0.1781 0.0375 0.0203
0 0.6972 0.2102 0.0319 0.0188
0 0.7542 0.1797 0.0292 0.0203
0 0.825 0.2711 0.0375 0.0273
0 0.9361 0.2938 0.0361 0.0234
0 0.1875 0.2258 0.05 0.0273
0 0.0667 0.1977 0.0375 0.0258
0 0.0153 0.1453 0.0278 0.0242
0 0.0139 0.1664 0.0278 0.0172
0 0.1722 0.2812 0.0458 0.0297
0 0.2153 0.2914 0.0431 0.0297
0 0.2569 0.2922 0.0597 0.0344
0 0.0819 0.2977 0.0403 0.025
0 0.0319 0.2891 0.0444 0.0219
0 0.0653 0.2602 0.0556 0.0273
0 0.0472 0.4375 0.0472 0.0227
0 0.0556 0.4523 0.0556 0.0211
0 0.0125 0.4805 0.0208 0.0148
0 0.4431 0.2867 0.0625 0.0352
0 0.7486 0.2727 0.0319 0.0172
0 0.5472 0.2938 0.0458 0.0258
0 0.5069 0.2953 0.0486 0.0289
0 0.5708 0.3047 0.0375 0.0211
0 0.9306 0.3297 0.05 0.0305
0 0.8958 0.3594 0.0569 0.0242
0 0.5083 0.393 0.025 0.0133
0 0.8972 0.3883 0.0417 0.0219
0 0.9472 0.4477 0.0444 0.0234
0 0.8639 0.4555 0.0306 0.0148
0 0.425 0.5422 0.0306 0.0156
0 0.1861 0.7016 0.0611 0.0352
0 0.0403 0.7195 0.0556 0.0266
0 0.6153 0.6406 0.0431 0.0312
0 0.4542 0.625 0.0306 0.0219
0 0.3431 0.7391 0.0583 0.0336
0 0.9431 0.718 0.0667 0.0383
0 0.8639 0.7594 0.0472 0.0273
0 0.7569 0.7406 0.0667 0.0352
0 0.6986 0.7203 0.0722 0.0352
0 0.625 0.6922 0.0681 0.0406
0 0.5833 0.7031 0.0375 0.0312
0 0.675 0.7406 0.0667 0.0328
0 0.7069 0.7656 0.0486 0.0352
0 0.5667 0.8109 0.0667 0.0352
0 0.6417 0.8172 0.0694 0.0359
0 0.575 0.7766 0.0639 0.0352
0 0.1528 0.8477 0.0556 0.0328
0 0.1167 0.7586 0.0569 0.0234
0 0.05 0.8188 0.0389 0.0211
0 0.2708 0.6484 0.0292 0.0156
0 0.2681 0.5867 0.0458 0.0273
0 0.1889 0.5961 0.0333 0.0156
0 0.3083 0.0672 0.0417 0.0172
