0 0.0403 0.1508 0.0347 0.0188
0 0.0681 0.1547 0.025 0.0195
0 0.0903 0.1562 0.0194 0.0141
0 0.1083 0.1641 0.0264 0.0156
0 0.125 0.1438 0.0292 0.0203
0 0.1542 0.1414 0.0292 0.0148
0 0.1597 0.1609 0.0306 0.0156
0 0.1639 0.2047 0.0278 0.018
0 0.1958 0.1852 0.0319 0.0188
0 0.0708 0.2969 0.0431 0.0227
0 0.1069 0.2859 0.0222 0.0195
0 0.0875 0.2852 0.0194 0.0125
0 0.1125 0.3023 0.0236 0.0156
0 0.1375 0.3039 0.0306 0.0195
0 0.1792 0.2883 0.0347 0.0195
0 0.1764 0.3023 0.0347 0.0164
0 0.2306 0.3172 0.0319 0.018
0 0.2194 0.2656 0.0444 0.0258
0 0.2611 0.2695 0.0486 0.0281
0 0.2542 0.2328 0.0153 0.0242
0 0.2722 0.2125 0.0472 0.0281
0 0.3167 0.2031 0.0431 0.0305
0 0.3139 0.2312 0.0403 0.0219
0 0.3208 0.2695 0.0389 0.0219
0 0.3903 0.2133 0.0389 0.0227
0 0.3667 0.2742 0.0417 0.0211
0 0.3069 0.0688 0.0278 0.018
0 0.3069 0.0836 0.0306 0.0188
0 0.3611 0.0891 0.0264 0.0164
0 0.4528 0.1156 0.0375 0.0195
0 0.4681 0.1289 0.0264 0.0203
0 0.4486 0.0945 0.0306 0.018
0 0.5056 0.1344 0.0236 0.0117
0 0.3111 0.293 0.0403 0.0227
0 0.2903 0.3008 0.0181 0.0188
0 0.3236 0.3094 0.0417 0.0219
0 0.3667 0.3188 0.0375 0.0219
0 0.4028 0.3367 0.0375 0.0203
0 0.0208 0.4836 0.0361 0.0203
0 0.0542 0.4773 0.0417 0.0172
0 0.1042 0.4641 0.0458 0.0289
0 0.1375 0.4258 0.0306 0.0266
0 0.0708 0.3922 0.0236 0.0172
0 0.0347 0.4195 0.05 0.018
0 0.2125 0.4188 0.0556 0.0258
0 0.2569 0.4484 0.05 0.0273
0 0.2111 0.5172 0.0403 0.0234
0 0.4764 0.2273 0.05 0.0336
0 0.575 0.1617 0.0347 0.0242
0 0.6111 0.1719 0.0264 0.0109
0 0.8278 0.1938 0.025 0.0156
0 0.7056 0.2531 0.0403 0.0219
0 0.6653 0.2555 0.0347 0.0219
0 0.6653 0.2812 0.0403 0.025
0 0.6 0.2953 0.0514 0.0258
0 0.2722 0.5164 0.0278 0.0195
0 0.9306 0.2758 0.0319 0.0156
0 0.9708 0.2641 0.0444 0.0266
0 0.575 0.3367 0.0472 0.0227
0 0.5681 0.3555 0.0361 0.0172
0 0.6667 0.357 0.0389 0.0273
0 0.3181 0.5344 0.0458 0.0273
0 0.3944 0.5273 0.0431 0.0227
0 0.3347 0.6148 0.0264 0.0141
0 0.35 0.6312 0.0097 0.0141
0 0.3931 0.4531 0.0306 0.0164
0 0.4931 0.4695 0.0222 0.0117
0 0.4444 0.6508 0.0153 0.0156
0 0.4472 0.5555 0.0417 0.0258
0 0.4597 0.6078 0.025 0.0164
0 0.4708 0.5859 0.0417 0.0195
0 0.5639 0.5219 0.0417 0.0234
0 0.5306 0.5445 0.0361 0.0219
0 0.5542 0.5578 0.0444 0.0266
0 0.6222 0.632 0.0403 0.0219
0 0.5125 0.7312 0.0264 0.0203
0 0.575 0.7172 0.0264 0.0172
0 0.6931 0.6648 0.0222 0.0109
0 0.7444 0.5891 0.0278 0.018
0 0.8222 0.6117 0.0361 0.0195
0 0.6958 0.3727 0.0319 0.0273
0 0.8361 0.525 0.0375 0.018
0 0.9139 0.4969 0.0389 0.0234
0 0.9236 0.5148 0.0486 0.0219
0 0.95 0.5594 0.0278 0.0164
0 0.925 0.5742 0.0306 0.0133
0 0.5792 0.4719 0.0264 0.0102
0 0.5306 0.7445 0.0347 0.0172
0 0.3778 0.1531 0.0167 0.0125
0 0.3361 0.1359 0.0278 0.0141
0 0.2653 0.1641 0.0458 0.0141
0 0.1389 0.55 0.0347 0.0234
0 0.0292 0.5633 0.0389 0.0172
0 0.4153 0.5023 0.0194 0.0102
0 0.3292 0.4859 0.0153 0.0117
0 0.975 0.5484 0.0153 0.007
0 0.8708 0.2242 0.025 0.007
