0 0.1042 0.6914 0.0222 0.0195
0 0.0722 0.7023 0.0167 0.0102
0 0.0125 0.557 0.0236 0.0172
0 0.5514 0.5109 0.0375 0.0102
0 0.5292 0.4984 0.0222 0.0086
0 0.9264 0.6609 0.0292 0.0125
0 0.9917 0.4383 0.0139 0.0156
0 0.0097 0.4742 0.0153 0.0125
0 0.0403 0.4594 0.0417 0.0203
0 0.0347 0.4141 0.0347 0.018
0 0.0236 0.3766 0.0306 0.0172
0 0.0083 0.3602 0.0167 0.0102
0 0.0208 0.2758 0.0361 0.0234
0 0.5222 0.2758 0.0361 0.0258
0 0.5583 0.2828 0.0389 0.0211
0 0.5083 0.207 0.0278 0.0219
0 0.3667 0.1836 0.0181 0.0188
0 0.3806 0.1398 0.0472 0.0297
0 0.3542 0.1562 0.0472 0.0195
0 0.3111 0.157 0.0472 0.0258
0 0.325 0.1289 0.0569 0.0164
0 0.0306 0.3961 0.0583 0.0219
0 0.1278 0.782 0.0444 0.0266
0 0.2861 0.7414 0.0375 0.0227
