0 0.6167 0.0516 0.05 0.0336
0 0.6792 0.1312 0.0319 0.0156
0 0.7194 0.1602 0.0389 0.0258
0 0.5847 0.1594 0.0486 0.0297
0 0.5236 0.1789 0.0458 0.0219
0 0.5708 0.1828 0.0528 0.0266
0 0.6 0.2008 0.0278 0.0289
0 0.5681 0.207 0.0264 0.0242
0 0.5292 0.2055 0.0486 0.0352
0 0.5556 0.2367 0.0431 0.0211
0 0.7819 0.2117 0.0431 0.0305
0 0.4472 0.2562 0.0319 0.0156
0 0.4917 0.2531 0.0347 0.0164
0 0.5806 0.2586 0.0417 0.0344
0 0.5403 0.268 0.0389 0.025
0 0.4764 0.2789 0.0486 0.0242
0 0.3444 0.35 0.0333 0.0188
0 0.4931 0.393 0.0347 0.0281
0 0.5125 0.4109 0.0486 0.0266
0 0.5583 0.3867 0.0542 0.0352
0 0.6694 0.3594 0.0458 0.0227
0 0.7208 0.3453 0.0361 0.0172
0 0.6944 0.3258 0.0208 0.0125
0 0.6764 0.2875 0.0278 0.0109
0 0.7431 0.3586 0.0292 0.0281
0 0.7847 0.3641 0.0514 0.0281
0 0.0319 0.5719 0.0528 0.0297
0 0.0264 0.6 0.0514 0.0266
0 0.0514 0.618 0.0319 0.0211
0 0.4806 0.4453 0.0389 0.0305
0 0.6431 0.4305 0.0472 0.0336
0 0.7514 0.407 0.0361 0.0234
0 0.8056 0.3945 0.0208 0.0125
0 0.7306 0.468 0.0556 0.0406
0 0.7778 0.468 0.0431 0.0281
0 0.6514 0.5062 0.0347 0.0242
0 0.6861 0.5484 0.0528 0.0305
0 0.3833 0.5148 0.0458 0.0312
0 0.4278 0.5211 0.0472 0.0258
0 0.5097 0.6094 0.0403 0.0203
0 0.3917 0.6523 0.0625 0.0398
0 0.4278 0.6781 0.0556 0.0336
0 0.3556 0.6859 0.05 0.025
0 0.9056 0.7289 0.0361 0.0281
0 0.8819 0.557 0.0222 0.0109
