0 0.1694 0.3172 0.0542 0.0305
0 0.1319 0.3031 0.0514 0.0297
0 0.0167 0.3031 0.0347 0.0305
0 0.0069 0.4609 0.0153 0.0289
0 0.1361 0.5984 0.0528 0.032
0 0.1736 0.5945 0.0208 0.0242
0 0.1667 0.6352 0.0625 0.0352
0 0.1264 0.6297 0.05 0.0234
0 0.0403 0.6305 0.0528 0.0242
0 0.0056 0.7391 0.0125 0.0156
0 0.0347 0.7391 0.0375 0.0227
0 0.6417 0.7148 0.0542 0.0273
0 0.5083 0.7375 0.05 0.0188
0 0.5694 0.5516 0.0444 0.025
0 0.5125 0.575 0.0375 0.0219
0 0.6583 0.5406 0.0556 0.0242
0 0.6028 0.5219 0.0319 0.0211
0 0.5972 0.5 0.0361 0.0133
0 0.6319 0.5023 0.0319 0.0188
0 0.7236 0.6844 0.0556 0.032
0 0.6458 0.6188 0.0417 0.0227
0 0.6556 0.5797 0.0431 0.0227
0 0.6778 0.6078 0.0472 0.0273
0 0.5306 0.5672 0.0389 0.018
0 0.575 0.6977 0.0431 0.0117
0 0.0583 0.7852 0.0333 0.0289
0 0.1083 0.7828 0.0597 0.032
0 0.1083 0.8195 0.05 0.0328
0 0.275 0.7836 0.0458 0.0273
0 0.3361 0.7984 0.0542 0.0281
0 0.0792 0.9703 0.0611 0.0305
0 0.6931 0.7367 0.0514 0.0273
0 0.7875 0.7461 0.0472 0.0312
0 0.8389 0.725 0.0556 0.0188
0 0.8125 0.7727 0.0542 0.0273
0 0.5542 0.6289 0.0458 0.0125
0 0.1 0.6367 0.0278 0.0273
0 0.1292 0.8312 0.0333 0.0258
0 0.5819 0.7578 0.0458 0.0219
0 0.5139 0.8156 0.0403 0.0258
0 0.5611 0.8188 0.0375 0.0266
0 0.6014 0.575 0.0375 0.0203
0 0.6097 0.5469 0.0125 0.018
