0 0.5514 0.4469 0.0319 0.0234
0 0.6125 0.475 0.0444 0.0203
0 0.5569 0.4789 0.0347 0.0164
0 0.5167 0.5094 0.0389 0.0211
0 0.4917 0.568 0.0431 0.0141
0 0.5778 0.5883 0.0569 0.018
0 0.4639 0.6211 0.0306 0.0164
0 0.4708 0.5945 0.0222 0.0078
0 0.3931 0.6016 0.0292 0.0234
0 0.5125 0.6219 0.0236 0.018
0 0.5931 0.6281 0.0375 0.0227
0 0.8764 0.6492 0.0403 0.0211
0 0.925 0.6203 0.0375 0.018
0 0.9917 0.6344 0.0125 0.0172
0 0.6111 0.55 0.0208 0.0156
0 0.8472 0.6781 0.0264 0.0172
0 0.9917 0.6695 0.0139 0.0172
0 0.6653 0.6891 0.0333 0.0133
