0 0.6083 0.1922 0.0458 0.0242
0 0.7472 0.1328 0.0611 0.0234
0 0.8 0.1344 0.0431 0.0266
0 0.8069 0.1609 0.05 0.0289
0 0.7528 0.1648 0.0611 0.0375
0 0.6292 0.2164 0.0458 0.0109
0 0.75 0.2336 0.0389 0.0258
0 0.5542 0.2531 0.0333 0.0156
0 0.0653 0.3016 0.0403 0.0227
0 0.0417 0.2945 0.0319 0.0164
0 0.0542 0.3141 0.0389 0.0164
0 0.0236 0.4258 0.0444 0.0258
0 0.5639 0.4422 0.0597 0.0258
0 0.6208 0.275 0.0333 0.0289
0 0.5847 0.2891 0.0486 0.032
0 0.6722 0.3086 0.0486 0.0266
0 0.8 0.2969 0.0347 0.018
0 0.8111 0.332 0.05 0.0281
0 0.8458 0.3406 0.0486 0.0273
0 0.6083 0.3469 0.0236 0.0133
0 0.7194 0.4422 0.0347 0.0203
0 0.5431 0.4883 0.0458 0.0281
0 0.6472 0.5125 0.0403 0.0227
0 0.6736 0.4984 0.0597 0.0289
0 0.7444 0.5312 0.0347 0.0219
0 0.7944 0.518 0.0472 0.0234
0 0.8361 0.5281 0.0514 0.0203
0 0.7958 0.5352 0.0486 0.0219
0 0.6569 0.5305 0.0444 0.0188
0 0.5431 0.525 0.0306 0.0156
0 0.6139 0.5711 0.0458 0.0266
0 0.7042 0.5672 0.0375 0.0164
0 0.7236 0.6492 0.0389 0.0297
0 0.7667 0.6383 0.0514 0.032
0 0.8292 0.5625 0.0319 0.0242
0 0.1 0.5883 0.0347 0.0227
0 0.1028 0.6375 0.0528 0.0281
0 0.1181 0.6648 0.0181 0.0188
0 0.1639 0.6953 0.0528 0.025
0 0.5056 0.5992 0.0375 0.0195
0 0.5806 0.6148 0.0361 0.0367
0 0.5847 0.5789 0.0569 0.0172
0 0.6806 0.6461 0.0569 0.032
0 0.5083 0.6836 0.0431 0.0242
0 0.45 0.6203 0.0486 0.0203
0 0.5569 0.6242 0.0264 0.018
0 0.4861 0.6297 0.0361 0.0141
0 0.1653 0.7617 0.0514 0.0289
0 0.2417 0.7922 0.0347 0.0242
0 0.1972 0.8844 0.0403 0.0234
0 0.1847 0.868 0.0347 0.0188
0 0.3125 0.8602 0.0278 0.0195
0 0.85 0.7625 0.0556 0.0344
0 0.9042 0.8125 0.0583 0.0305
0 0.75 0.6641 0.0486 0.0195
0 0.6764 0.4375 0.0486 0.0258
0 0.4042 0.568 0.0222 0.0141
0 0.3694 0.493 0.0153 0.0156
0 0.075 0.7969 0.0403 0.0211
0 0.0722 0.857 0.0125 0.018
