0 0.2056 0.1219 0.0319 0.0195
0 0.2056 0.1391 0.0319 0.0148
0 0.2514 0.1414 0.0278 0.0141
0 0.2611 0.1508 0.0139 0.0086
0 0.3306 0.1602 0.0347 0.0172
0 0.3181 0.1414 0.0125 0.0094
0 0.0444 0.193 0.0375 0.0266
0 0.0319 0.2141 0.0292 0.0156
0 0.0139 0.2086 0.025 0.0156
0 0.1736 0.1836 0.0292 0.0164
0 0.2347 0.182 0.0194 0.0133
0 0.0833 0.2508 0.0278 0.0188
0 0.1014 0.2312 0.025 0.0109
0 0.1528 0.2469 0.0403 0.0273
0 0.1153 0.2562 0.0431 0.0266
0 0.1472 0.2711 0.0292 0.0203
0 0.0931 0.275 0.0361 0.0273
0 0.1167 0.3055 0.0417 0.0289
0 0.0736 0.3016 0.0458 0.0227
0 0.0792 0.325 0.0417 0.0203
0 0.05 0.3398 0.0278 0.0203
0 0.0236 0.3359 0.0222 0.0172
0 0.0167 0.3266 0.0306 0.0211
0 0.2236 0.2555 0.0292 0.0195
0 0.3042 0.2648 0.05 0.0297
0 0.3403 0.2305 0.0306 0.0219
0 0.275 0.1938 0.0333 0.0234
0 0.3542 0.1758 0.0361 0.0156
0 0.475 0.2867 0.0347 0.0219
0 0.5111 0.2812 0.0375 0.0203
0 0.0361 0.4359 0.05 0.0227
0 0.0819 0.4617 0.0569 0.0297
0 0.2431 0.4648 0.0347 0.0203
0 0.2208 0.3461 0.0403 0.0203
0 0.2611 0.3617 0.0444 0.0227
0 0.2042 0.3117 0.0444 0.0227
0 0.1667 0.3039 0.0403 0.0227
0 0.1583 0.325 0.0292 0.0211
0 0.3972 0.357 0.0417 0.0258
0 0.4153 0.3219 0.05 0.0258
0 0.4778 0.3078 0.0431 0.0258
0 0.4889 0.3766 0.0403 0.0273
0 0.4125 0.3734 0.0375 0.0195
0 0.0597 0.525 0.0458 0.0211
0 0.1583 0.5383 0.05 0.0258
0 0.2444 0.5336 0.0444 0.0234
0 0.3097 0.518 0.0375 0.0133
0 0.4 0.482 0.0292 0.0195
0 0.3944 0.5234 0.0389 0.0242
0 0.3639 0.5469 0.0361 0.0195
0 0.3903 0.557 0.0417 0.0242
0 0.4667 0.625 0.0417 0.0211
0 0.3375 0.5875 0.0403 0.0211
0 0.2194 0.6125 0.0333 0.0195
0 0.4056 0.725 0.0292 0.0211
0 0.5792 0.6609 0.0264 0.0117
0 0.5764 0.5859 0.0319 0.0164
0 0.6819 0.6086 0.0389 0.0195
0 0.6069 0.2203 0.025 0.0219
0 0.7542 0.2953 0.0361 0.0195
0 0.5847 0.3883 0.0306 0.0219
0 0.8556 0.2984 0.0361 0.018
0 0.7889 0.2867 0.0431 0.025
0 0.8278 0.268 0.0389 0.0211
0 0.9778 0.1859 0.0347 0.0172
0 0.9875 0.1961 0.0208 0.0133
0 0.9833 0.2562 0.0278 0.0148
0 0.9639 0.2461 0.0347 0.0156
0 0.7264 0.5 0.0389 0.0242
0 0.7375 0.5156 0.0486 0.0234
0 0.8097 0.5445 0.0319 0.0156
0 0.8333 0.55 0.0375 0.0133
0 0.7264 0.568 0.0278 0.0109
0 0.7597 0.5586 0.0292 0.0125
0 0.4278 0.7398 0.0306 0.0125
0 0.4583 0.7102 0.0292 0.0164
0 0.4792 0.7172 0.0153 0.0148
0 0.3417 0.6086 0.0208 0.0188
0 0.2847 0.5617 0.0306 0.0172
0 0.6861 0.2219 0.0194 0.0117
0 0.2361 0.2078 0.0153 0.0102
0 0.2556 0.6352 0.0125 0.0156
0 0.3569 0.6531 0.0236 0.0148
0 0.1278 0.3492 0.0361 0.0203
0 0.225 0.3828 0.0333 0.0172
0 0.2792 0.3867 0.0264 0.0125
0 0.9597 0.4508 0.0236 0.0117
0 0.9833 0.4594 0.0236 0.0102
0 0.9653 0.4906 0.0208 0.0102
0 0.9556 0.6039 0.0347 0.0172
0 0.6306 0.6047 0.025 0.0117
0 0.6042 0.5602 0.0389 0.0102
0 0.5931 0.5477 0.0194 0.0148
0 0.6528 0.5266 0.0431 0.0188
0 0.9181 0.6602 0.0333 0.0172
