0 0.2097 0.5781 0.0444 0.0203
0 0.1694 0.5859 0.0278 0.0242
0 0.2139 0.5555 0.0125 0.0148
0 0.225 0.5391 0.0417 0.0156
0 0.7347 0.593 0.0333 0.0297
0 0.6792 0.5859 0.0208 0.0227
0 0.9847 0.6461 0.0264 0.0289
0 0.9625 0.5766 0.0361 0.0219
0 0.9417 0.5891 0.0444 0.0125
0 0.1028 0.4953 0.0347 0.0211
0 0.0917 0.4797 0.0292 0.0164
0 0.05 0.4477 0.0389 0.0188
0 0.1167 0.4469 0.0375 0.0148
0 0.1222 0.4258 0.0222 0.0164
0 0.3264 0.4508 0.0236 0.0148
0 0.8069 0.4586 0.0333 0.0086
0 0.3806 0.4383 0.0278 0.0148
0 0.3569 0.4297 0.0361 0.0156
0 0.0472 0.3953 0.0347 0.0133
0 0.0403 0.3242 0.0306 0.0141
0 0.1958 0.3898 0.0319 0.0094
0 0.2458 0.3883 0.0236 0.0156
0 0.2403 0.3734 0.0306 0.0156
0 0.425 0.3508 0.0417 0.0203
0 0.4931 0.3938 0.0361 0.018
0 0.5264 0.3719 0.0319 0.0188
0 0.5028 0.3719 0.0264 0.0148
0 0.5306 0.4312 0.0278 0.0141
0 0.5319 0.4164 0.0347 0.0133
0 0.4097 0.4453 0.0292 0.0125
0 0.75 0.4633 0.025 0.0164
0 0.6444 0.4086 0.0389 0.0195
0 0.7125 0.3625 0.0319 0.0219
0 0.5875 0.3961 0.0319 0.0148
0 0.8958 0.3078 0.0417 0.0242
0 0.9403 0.3125 0.0514 0.0273
0 0.9542 0.3656 0.0417 0.0195
0 0.8847 0.368 0.0222 0.0141
0 0.8222 0.3922 0.0278 0.018
0 0.7917 0.3883 0.0306 0.018
0 0.9375 0.3516 0.0347 0.0133
0 0.2111 0.2477 0.0236 0.0148
0 0.2653 0.3281 0.0278 0.0117
0 0.7208 0.2789 0.0486 0.0203
0 0.9167 0.2914 0.0528 0.0281
0 0.9639 0.2758 0.0486 0.0273
0 0.9292 0.2008 0.0431 0.0133
0 0.9361 0.1695 0.0306 0.0273
0 0.8847 0.1633 0.0306 0.0266
