0 0.9167 0.0328 0.0806 0.0508
0 0.8625 0.0148 0.0542 0.0266
0 0.7736 0.0305 0.0556 0.0289
0 0.6056 0.218 0.0625 0.0312
0 0.625 0.2523 0.075 0.0461
0 0.6097 0.3438 0.0694 0.0398
0 0.6403 0.4227 0.0583 0.0328
0 0.7542 0.4555 0.0639 0.0312
0 0.6639 0.4664 0.0806 0.0469
0 0.5778 0.4414 0.0708 0.0383
0 0.5931 0.4891 0.0597 0.0461
0 0.5736 0.5258 0.0403 0.0234
0 0.8361 0.5508 0.0569 0.0242
0 0.8264 0.6492 0.0361 0.0281
0 0.6792 0.6594 0.0528 0.0328
0 0.6792 0.5555 0.0681 0.0305
0 0.5917 0.5648 0.0722 0.0234
0 0.675 0.5305 0.0639 0.0242
0 0.5514 0.4898 0.0472 0.0328
0 0.5806 0.2484 0.0292 0.0125
0 0.9917 0.5547 0.0139 0.0266
