0 0.4875 0.0383 0.0458 0.0289
0 0.5028 0.0438 0.0319 0.0234
0 0.3569 0.1516 0.0444 0.0242
0 0.2764 0.1984 0.05 0.0266
0 0.3944 0.1555 0.0319 0.0234
0 0.4333 0.1562 0.0403 0.0258
0 0.4708 0.1977 0.0333 0.0195
0 0.4736 0.2344 0.05 0.0289
0 0.4292 0.2406 0.0403 0.0297
0 0.3 0.2422 0.0472 0.0289
0 0.3389 0.2484 0.0444 0.0297
0 0.4028 0.2703 0.0472 0.0289
0 0.5167 0.2336 0.0292 0.0203
0 0.2903 0.3242 0.05 0.0281
0 0.4417 0.3039 0.0403 0.025
0 0.4069 0.3039 0.0347 0.0234
0 0.4694 0.3289 0.0319 0.0219
0 0.3486 0.3398 0.0333 0.0211
0 0.3861 0.3992 0.0444 0.032
0 0.3181 0.382 0.0431 0.0273
0 0.5889 0.4227 0.0417 0.0289
0 0.5611 0.4414 0.0444 0.0234
0 0.5056 0.468 0.0444 0.0242
0 0.3514 0.4773 0.0403 0.0234
0 0.3389 0.4555 0.0444 0.025
0 0.2972 0.4688 0.0611 0.0266
0 0.3625 0.725 0.0667 0.0367
0 0.7917 0.6477 0.0597 0.0344
0 0.8014 0.6836 0.0458 0.025
0 0.5819 0.5648 0.0375 0.0211
0 0.5444 0.5719 0.0347 0.0195
0 0.3306 0.5633 0.0514 0.025
0 0.5389 0.5922 0.0403 0.0219
0 0.5847 0.6117 0.0431 0.032
0 0.2111 0.6234 0.0292 0.0273
0 0.1861 0.6109 0.0486 0.0273
0 0.8542 0.5516 0.0458 0.0234
0 0.4792 0.382 0.0375 0.0234
0 0.2333 0.4055 0.0486 0.0195
0 0.5056 0.4188 0.0514 0.0219
0 0.1444 0.4648 0.0361 0.0188
0 0.1125 0.4695 0.0375 0.0258
0 0.5667 0.2508 0.0208 0.0148
0 0.3569 0.4945 0.0222 0.0141
0 0.3125 0.4953 0.0236 0.025
0 0.7792 0.6977 0.0333 0.0164
0 0.4042 0.7227 0.0361 0.0281
0 0.9472 0.6109 0.0417 0.0141
0 0.9861 0.6742 0.0236 0.0289
0 0.9903 0.5289 0.0167 0.0156
0 0.9389 0.4703 0.0292 0.0188
