0 0.8528 0.4352 0.0569 0.0305
0 0.8472 0.3812 0.0556 0.0297
0 0.7681 0.5086 0.0458 0.0211
0 0.6611 0.568 0.0444 0.0281
0 0.5958 0.5648 0.05 0.0258
0 0.2472 0.4852 0.0375 0.0219
0 0.2931 0.45 0.0403 0.0195
0 0.1889 0.4648 0.0403 0.0219
0 0.2181 0.4125 0.0458 0.0273
0 0.0792 0.4336 0.0319 0.0172
0 0.7333 0.307 0.0431 0.0297
0 0.65 0.3609 0.0319 0.025
0 0.4042 0.4492 0.0361 0.0203
0 0.4014 0.3055 0.0403 0.0203
0 0.2681 0.1953 0.0347 0.0172
0 0.4528 0.1578 0.0389 0.0234
0 0.4917 0.1141 0.0375 0.0211
0 0.6222 0.1172 0.0389 0.0234
0 0.5069 0.1508 0.0375 0.018
0 0.4681 0.2133 0.0264 0.0242
0 0.5125 0.2156 0.0375 0.0188
0 0.5347 0.1953 0.0375 0.0219
0 0.6681 0.1852 0.0417 0.0242
0 0.6528 0.2062 0.0403 0.0172
0 0.8583 0.1766 0.0375 0.0219
0 0.9472 0.2305 0.0389 0.0188
0 0.8847 0.218 0.0306 0.0125
0 0.8639 0.2055 0.0319 0.0156
0 0.7319 0.1703 0.0458 0.0227
0 0.6653 0.2617 0.0264 0.0195
0 0.7375 0.4023 0.0375 0.018
0 0.6361 0.2523 0.025 0.0172
0 0.5069 0.1734 0.0306 0.0258
0 0.5583 0.1859 0.0236 0.018
0 0.5917 0.1258 0.0292 0.0156
0 0.8194 0.1477 0.0361 0.0227
0 0.6903 0.4375 0.0333 0.0172
0 0.4931 0.3109 0.0347 0.0172
0 0.4333 0.2469 0.0264 0.0188
0 0.4167 0.1711 0.0375 0.0211
0 0.6194 0.1672 0.0403 0.0273
0 0.6986 0.2117 0.0347 0.0188
0 0.4833 0.4797 0.0319 0.018
0 0.6847 0.5359 0.0514 0.0234
0 0.4861 0.1961 0.0306 0.0141
0 0.4528 0.1797 0.0236 0.0125
0 0.6097 0.2117 0.0389 0.0234
0 0.5889 0.1898 0.0375 0.0164
0 0.3653 0.2984 0.0347 0.018
0 0.3778 0.3102 0.0278 0.0102
0 0.0125 0.3008 0.0194 0.0148
0 0.2375 0.1953 0.0319 0.0203
0 0.2986 0.2977 0.0375 0.0172
0 0.325 0.2922 0.025 0.0125
0 0.0111 0.4562 0.0194 0.0164
0 0.1056 0.4195 0.025 0.0109
0 0.2278 0.4695 0.0347 0.0211
0 0.4667 0.507 0.0278 0.0188
0 0.4972 0.525 0.0236 0.0125
0 0.4861 0.5484 0.0278 0.018
0 0.6375 0.5602 0.0347 0.0227
0 0.6583 0.4641 0.0222 0.0156
0 0.7514 0.4195 0.0347 0.0141
0 0.5639 0.393 0.0236 0.0203
0 0.6361 0.2711 0.0361 0.018
0 0.6875 0.2312 0.0375 0.0195
0 0.8181 0.3195 0.0403 0.0133
0 0.9236 0.35 0.0361 0.0352
0 0.9847 0.2867 0.0278 0.0281
0 0.9194 0.2578 0.0306 0.0211
0 0.9931 0.2195 0.0111 0.0172
0 0.7903 0.1547 0.0278 0.0188
0 0.7014 0.1391 0.0333 0.0203
0 0.7389 0.132 0.0347 0.0133
0 0.5431 0.1734 0.0417 0.0195
0 0.675 0.3477 0.0347 0.0195
0 0.7667 0.3148 0.0264 0.0258
0 0.7681 0.3312 0.0222 0.007
0 0.7875 0.4516 0.0306 0.0133
