0 0.1417 0.0156 0.0597 0.0305
0 0.1583 0.0438 0.05 0.0352
0 0.0875 0.0711 0.05 0.0289
0 0.1708 0.093 0.0486 0.0281
0 0.3069 0.0719 0.0361 0.018
0 0.3639 0.0789 0.0264 0.0195
0 0.3931 0.0773 0.0306 0.0195
0 0.4417 0.1086 0.0292 0.0188
0 0.4875 0.0906 0.0361 0.0211
0 0.5264 0.1031 0.0292 0.0211
0 0.6292 0.0961 0.0375 0.0211
0 0.7653 0.0859 0.0389 0.0234
0 0.7972 0.0531 0.0403 0.0211
0 0.1139 0.1055 0.0167 0.0148
0 0.1861 0.1555 0.0333 0.0164
0 0.2486 0.1586 0.0306 0.0133
0 0.2833 0.1398 0.0236 0.0148
0 0.3486 0.143 0.0208 0.0141
0 0.3917 0.143 0.0306 0.0148
0 0.425 0.15 0.0375 0.0242
0 0.4597 0.1484 0.0319 0.0211
0 0.5444 0.1414 0.0389 0.025
0 0.5375 0.1617 0.0583 0.025
0 0.5194 0.182 0.0319 0.0125
0 0.1514 0.2109 0.0306 0.0141
0 0.2361 0.2219 0.0597 0.0383
0 0.2514 0.1766 0.0319 0.0133
0 0.0792 0.2797 0.0389 0.025
0 0.1264 0.2812 0.0556 0.025
0 0.0264 0.2477 0.0306 0.0148
0 0.0389 0.3 0.0347 0.0141
0 0.1333 0.3094 0.0639 0.0383
0 0.1931 0.3109 0.0611 0.043
0 0.2333 0.3492 0.0569 0.0219
0 0.2708 0.3164 0.0569 0.032
0 0.2472 0.2781 0.0236 0.0156
0 0.3389 0.2945 0.0306 0.0234
0 0.3556 0.2922 0.0236 0.0148
0 0.3875 0.2922 0.0472 0.0305
0 0.4153 0.3023 0.0375 0.0336
0 0.4861 0.318 0.0153 0.0078
0 0.4986 0.225 0.0403 0.0305
0 0.5375 0.2242 0.0347 0.0281
0 0.5667 0.2328 0.0389 0.0273
0 0.525 0.2508 0.0486 0.0219
0 0.5972 0.2516 0.0167 0.0156
0 0.6167 0.268 0.0347 0.0273
0 0.6528 0.2461 0.0417 0.0258
0 0.6569 0.2211 0.0444 0.0195
0 0.6181 0.2086 0.0347 0.0242
0 0.6611 0.175 0.0306 0.0281
0 0.6389 0.1672 0.0153 0.0141
0 0.7306 0.1547 0.0431 0.0172
0 0.6917 0.1844 0.0389 0.018
0 0.8736 0.1445 0.0486 0.0266
0 0.9417 0.0375 0.0472 0.025
0 0.9917 0.15 0.0139 0.0219
0 0.7472 0.2102 0.0375 0.0258
0 0.7583 0.2281 0.0458 0.0234
0 0.7569 0.25 0.0361 0.0156
0 0.8722 0.2656 0.0319 0.0242
0 0.9014 0.2734 0.0347 0.0227
0 0.9306 0.2828 0.0194 0.018
0 0.9347 0.2391 0.025 0.0156
0 0.9611 0.2062 0.0403 0.0188
0 0.9125 0.1992 0.0431 0.0273
0 0.9278 0.175 0.0347 0.0086
0 0.8264 0.4312 0.0347 0.0266
0 0.8611 0.443 0.0361 0.0234
0 0.5264 0.4469 0.0514 0.0305
0 0.425 0.3898 0.0569 0.0289
0 0.4819 0.3516 0.0472 0.0227
0 0.5653 0.3711 0.0236 0.0109
0 0.3292 0.3258 0.0403 0.0336
0 0.0222 0.4234 0.0431 0.0469
0 0.0694 0.4102 0.0625 0.0258
0 0.1764 0.4328 0.0333 0.0172
0 0.3056 0.4086 0.0319 0.0148
0 0.3306 0.3664 0.0417 0.0242
0 0.0833 0.4508 0.0653 0.0359
0 0.0806 0.4914 0.0625 0.032
0 0.2653 0.5398 0.0583 0.0312
0 0.3236 0.5086 0.0306 0.0188
0 0.0583 0.5922 0.0611 0.032
0 0.1375 0.6008 0.0458 0.0234
0 0.0694 0.6594 0.0611 0.0297
0 0.1194 0.7508 0.0611 0.0336
0 0.0944 0.8484 0.0472 0.0273
0 0.1681 0.8812 0.0361 0.0273
0 0.3389 0.8164 0.0236 0.0305
0 0.3389 0.7727 0.0639 0.0383
0 0.4028 0.6367 0.0889 0.0477
0 0.4056 0.6016 0.0833 0.0359
0 0.4708 0.6414 0.025 0.0188
0 0.4458 0.7547 0.0778 0.0562
0 0.5389 0.7039 0.0431 0.0172
0 0.5917 0.6977 0.0375 0.0336
0 0.4208 0.8461 0.0736 0.0445
0 0.5069 0.8469 0.0931 0.0516
0 0.4792 0.8852 0.0708 0.0281
0 0.7083 0.8094 0.0583 0.032
0 0.7903 0.8391 0.0611 0.0406
0 0.8472 0.7992 0.0389 0.0273
0 0.8681 0.782 0.0472 0.0258
0 0.85 0.8344 0.0597 0.0305
0 0.9861 0.8219 0.0236 0.0219
0 0.7111 0.6891 0.0847 0.0422
0 0.6778 0.6133 0.0236 0.0102
0 0.8083 0.6109 0.0361 0.018
