0 0.2125 0.7086 0.0583 0.0312
0 0.2597 0.5953 0.0667 0.0359
0 0.4153 0.5609 0.0611 0.0367
0 0.4653 0.6 0.0486 0.0234
0 0.4778 0.6234 0.0472 0.0172
0 0.7181 0.6758 0.0431 0.0203
0 0.6778 0.668 0.0389 0.0195
0 0.6069 0.6664 0.0194 0.0156
0 0.6319 0.6445 0.0444 0.0289
0 0.6694 0.6203 0.0292 0.0258
0 0.5944 0.5797 0.0458 0.0344
0 0.6333 0.5953 0.0361 0.0305
0 0.6806 0.5492 0.0139 0.0117
0 0.7389 0.532 0.0528 0.032
0 0.5528 0.5156 0.0139 0.0195
0 0.6569 0.468 0.0708 0.0328
0 0.6514 0.4938 0.0347 0.0203
0 0.7083 0.3914 0.0611 0.0344
0 0.7569 0.4117 0.0389 0.0227
0 0.4625 0.4766 0.0542 0.0219
0 0.525 0.4477 0.0486 0.0227
0 0.4778 0.432 0.0528 0.0242
0 0.5028 0.3984 0.0458 0.0266
0 0.3569 0.2766 0.0569 0.0375
0 0.5069 0.0406 0.0569 0.0289
0 0.4444 0.0539 0.0292 0.0203
0 0.5097 0.0773 0.0611 0.0328
0 0.5875 0.0828 0.0583 0.025
0 0.425 0.1414 0.0625 0.0391
0 0.3972 0.2352 0.0569 0.0305
0 0.4708 0.393 0.0194 0.0133
0 0.45 0.4391 0.0264 0.0172
0 0.3944 0.2695 0.0472 0.0352
0 0.6083 0.2227 0.0264 0.0219
0 0.6556 0.232 0.0361 0.0273
0 0.7097 0.4867 0.0417 0.0188
0 0.4972 0.5047 0.0597 0.0203
0 0.4222 0.5336 0.0264 0.0156
0 0.0347 0.7477 0.0639 0.0289
0 0.6194 0.7781 0.0639 0.0328
0 0.6708 0.7867 0.0597 0.0383
0 0.8264 0.7914 0.0375 0.0352
0 0.9431 0.7414 0.0542 0.0273
0 0.7806 0.7 0.0597 0.0234
0 0.8694 0.6992 0.0431 0.0195
0 0.8319 0.5242 0.0458 0.0219
0 0.7986 0.532 0.0181 0.018
