0 0.8667 0.3078 0.0458 0.0211
0 0.8306 0.2977 0.0194 0.0156
0 0.8653 0.2875 0.0236 0.0203
0 0.0097 0.4891 0.0208 0.0203
0 0.7056 0.4484 0.0444 0.0266
0 0.7486 0.4242 0.0389 0.018
0 0.7944 0.4672 0.0486 0.0297
0 0.8167 0.4875 0.0625 0.0266
0 0.7569 0.4805 0.0278 0.0164
0 0.9069 0.4719 0.0347 0.0328
0 0.95 0.4508 0.0542 0.0234
0 0.9736 0.5031 0.05 0.0188
0 0.9417 0.6172 0.0611 0.0367
0 0.7792 0.5336 0.0292 0.0219
0 0.7347 0.5484 0.0556 0.0258
0 0.5931 0.6562 0.0486 0.032
0 0.6931 0.6125 0.0569 0.0312
0 0.7028 0.5875 0.0194 0.0117
0 0.9611 0.6664 0.0333 0.0203
0 0.6444 0.6562 0.0444 0.0242
0 0.1208 0.7375 0.0472 0.0258
0 0.0486 0.668 0.025 0.0242
0 0.0764 0.6836 0.0431 0.0188
0 0.0736 0.6969 0.0208 0.0117
