0 0.3556 0.3234 0.0486 0.0234
0 0.3486 0.3547 0.0431 0.0234
0 0.4111 0.3578 0.0514 0.025
0 0.2625 0.4117 0.0556 0.0297
0 0.2611 0.482 0.0194 0.0211
0 0.2431 0.5188 0.0375 0.0328
0 0.3764 0.6164 0.0444 0.0258
0 0.5306 0.6156 0.0556 0.0305
0 0.4903 0.682 0.0611 0.0258
0 0.5736 0.6914 0.0403 0.0195
0 0.3542 0.7008 0.0556 0.0289
0 0.5528 0.7453 0.0431 0.0289
0 0.2778 0.7836 0.0597 0.0367
0 0.45 0.7992 0.0486 0.0328
0 0.4 0.843 0.0472 0.0188
0 0.4806 0.8617 0.0361 0.0297
0 0.4986 0.8133 0.0542 0.0266
0 0.5722 0.8969 0.0403 0.0148
0 0.5208 0.8898 0.0292 0.0164
0 0.6667 0.6211 0.0361 0.0195
0 0.1278 0.8273 0.0722 0.0391
0 0.4125 0.6664 0.0347 0.0164
0 0.3806 0.8188 0.0583 0.0266
0 0.3125 0.3391 0.0292 0.0141
0 0.2708 0.5219 0.0278 0.0125
0 0.6139 0.6188 0.0472 0.0156
0 0.3694 0.6531 0.0361 0.0203
0 0.3931 0.725 0.0583 0.0219
0 0.4889 0.7352 0.0583 0.0281
0 0.5431 0.7102 0.0319 0.0242
0 0.6028 0.7406 0.0389 0.0234
0 0.0819 0.9367 0.0569 0.0289
0 0.3069 0.8539 0.0208 0.018
0 0.5208 0.7906 0.0208 0.0133
0 0.6694 0.7391 0.0417 0.0234
0 0.8792 0.9633 0.0486 0.032
0 0.9431 0.9633 0.0278 0.0234
0 0.6347 0.9148 0.0319 0.0203
0 0.4931 0.4734 0.0389 0.0219
