0 0.7139 0.0258 0.0333 0.0289
0 0.7583 0.0273 0.0542 0.0297
0 0.7639 0.007 0.0375 0.0102
0 0.6431 0.1 0.0486 0.032
0 0.5333 0.2102 0.05 0.0297
0 0.5722 0.2156 0.0236 0.0258
0 0.5833 0.1969 0.0486 0.0195
0 0.4514 0.2531 0.0486 0.025
0 0.4764 0.3008 0.0569 0.0305
0 0.5097 0.3086 0.0431 0.0312
0 0.5792 0.2969 0.0431 0.0305
0 0.625 0.2969 0.0542 0.0305
0 0.6153 0.2688 0.0292 0.0148
0 0.6708 0.2906 0.0222 0.0164
0 0.5417 0.3297 0.0472 0.0297
0 0.5583 0.3406 0.0347 0.0164
0 0.6069 0.3656 0.0514 0.0273
0 0.4528 0.3828 0.0556 0.032
0 0.5167 0.4016 0.0444 0.0258
0 0.5472 0.393 0.0236 0.0164
0 0.6847 0.4172 0.025 0.0125
0 0.7431 0.4266 0.0292 0.0211
0 0.5431 0.4641 0.0292 0.0266
0 0.6069 0.4797 0.0194 0.0172
0 0.4736 0.4586 0.0403 0.0391
0 0.3861 0.4641 0.0431 0.0203
0 0.2375 0.5234 0.0444 0.0266
0 0.45 0.5297 0.0542 0.0234
0 0.4917 0.5211 0.0389 0.0203
0 0.5528 0.5 0.0222 0.0203
0 0.5111 0.5414 0.0444 0.025
0 0.6431 0.5336 0.0472 0.0266
0 0.6986 0.5062 0.0403 0.0258
0 0.7292 0.4883 0.0458 0.0273
0 0.7278 0.5094 0.0222 0.0086
0 0.4792 0.5609 0.0375 0.0312
0 0.4361 0.5695 0.025 0.0164
0 0.3139 0.6734 0.0319 0.0172
0 0.4625 0.6258 0.0431 0.0281
0 0.3278 0.6969 0.0375 0.0188
0 0.6806 0.6367 0.025 0.0195
0 0.7139 0.6336 0.0444 0.0211
0 0.6861 0.6594 0.0222 0.018
0 0.7514 0.6852 0.0431 0.0211
0 0.9667 0.725 0.0556 0.0359
0 0.9583 0.7617 0.05 0.0242
0 0.6014 0.8102 0.0597 0.043
