0 0.0986 0.0961 0.0958 0.0609
0 0.1931 0.0992 0.0903 0.0625
0 0.3667 0.0391 0.0403 0.0219
0 0.3903 0.0266 0.0375 0.0211
0 0.4111 0.0125 0.0431 0.0234
0 0.3167 0.0047 0.0417 0.0078
0 0.3639 0.0648 0.0361 0.0172
0 0.4194 0.0484 0.0403 0.0211
0 0.4764 0.0422 0.0417 0.0234
0 0.6833 0.1227 0.0764 0.0547
0 0.8583 0.1094 0.0903 0.0531
0 0.9125 0.0562 0.1 0.0594
0 0.8389 0.1414 0.0861 0.043
0 0.6681 0.1609 0.075 0.0461
0 0.4847 0.232 0.0792 0.0531
0 0.5625 0.2258 0.0764 0.0492
0 0.7417 0.2094 0.0667 0.0297
0 0.7625 0.2336 0.0458 0.025
0 0.8042 0.2312 0.0389 0.0289
0 0.9486 0.2883 0.075 0.0391
0 0.9889 0.2547 0.0181 0.0156
0 0.6625 0.2875 0.0556 0.0289
0 0.6056 0.3242 0.0431 0.0297
0 0.6986 0.3234 0.0403 0.0195
0 0.7389 0.3609 0.0333 0.0211
0 0.8444 0.3852 0.0556 0.0336
0 0.8764 0.4148 0.0486 0.0227
0 0.7417 0.4656 0.0653 0.0328
0 0.7972 0.4797 0.05 0.0336
0 0.8222 0.4836 0.0389 0.0289
0 0.3444 0.3055 0.0833 0.0477
0 0.1181 0.25 0.0514 0.0406
0 0.2444 0.2461 0.0389 0.0227
0 0.2764 0.2367 0.0375 0.0266
0 0.3236 0.2586 0.0319 0.0234
0 0.0264 0.2898 0.05 0.0414
0 0.0167 0.1961 0.0333 0.0336
0 0.0361 0.3117 0.0708 0.0344
0 0.1139 0.343 0.0778 0.0477
0 0.2639 0.3641 0.0778 0.0484
0 0.3361 0.4031 0.0653 0.0375
0 0.3472 0.4195 0.0639 0.032
0 0.2986 0.4344 0.0556 0.0375
0 0.1583 0.3867 0.0778 0.0328
0 0.3278 0.4727 0.0542 0.0273
0 0.2056 0.5195 0.0583 0.0383
0 0.3556 0.5414 0.05 0.032
0 0.3181 0.5672 0.0306 0.0227
0 0.0639 0.5797 0.0569 0.018
0 0.0972 0.6477 0.0417 0.0336
0 0.1556 0.6414 0.0556 0.0219
0 0.3361 0.6203 0.0389 0.0273
0 0.5278 0.4562 0.0583 0.0297
0 0.4069 0.4312 0.0333 0.0234
0 0.4903 0.5102 0.0444 0.0234
0 0.525 0.5117 0.0361 0.0266
0 0.6083 0.5398 0.0458 0.0289
0 0.6375 0.5211 0.0431 0.0227
0 0.8778 0.4875 0.0375 0.0172
0 0.4903 0.5898 0.0361 0.0219
0 0.5319 0.5859 0.0444 0.0297
0 0.4153 0.6273 0.0292 0.0219
0 0.3931 0.632 0.0208 0.0195
0 0.4319 0.6219 0.0208 0.0148
0 0.8889 0.5992 0.0236 0.018
0 0.8431 0.5922 0.0389 0.0305
0 0.2139 0.8312 0.0583 0.0391
0 0.1458 0.832 0.0556 0.032
0 0.1667 0.8414 0.0361 0.0219
0 0.6097 0.7656 0.0278 0.0156
0 0.6944 0.7227 0.0222 0.0117
0 0.8014 0.7383 0.0153 0.0117
0 0.9264 0.7664 0.0236 0.0117
0 0.8972 0.8438 0.0194 0.0141
0 0.7806 0.8898 0.0333 0.0195
0 0.7583 0.9086 0.025 0.0133
0 0.9583 0.9352 0.0264 0.0211
0 0.7847 0.9172 0.0319 0.0164
0 0.6194 0.8172 0.0222 0.0156
0 0.5736 0.8586 0.0153 0.0156
0 0.3292 0.9492 0.0347 0.0227
0 0.5514 0.3273 0.0694 0.0383
0 0.0556 0.0586 0.0667 0.0188
0 0.0861 0.0141 0.0417 0.0195
0 0.0139 0.1234 0.0222 0.0234
0 0.0611 0.1453 0.05 0.0367
0 0.5444 0.0086 0.0222 0.0156
0 0.7389 0.243 0.0556 0.0219
0 0.3722 0.2648 0.0222 0.0062
