0 0.5583 0.0047 0.0194 0.0078
0 0.4514 0.1695 0.0431 0.0242
0 0.5736 0.1492 0.0375 0.0281
0 0.5042 0.1203 0.0458 0.0258
0 0.5292 0.1094 0.025 0.0164
0 0.4903 0.0398 0.0375 0.0227
0 0.5736 0.0062 0.0181 0.0109
0 0.6736 0.0141 0.0444 0.0273
0 0.625 0.0141 0.0403 0.0219
0 0.6486 0.0039 0.0472 0.007
0 0.5458 0.1469 0.0208 0.0227
0 0.625 0.1289 0.0583 0.0359
0 0.5736 0.0852 0.0361 0.0172
0 0.4125 0.2062 0.0194 0.0164
0 0.0861 0.2922 0.0264 0.018
0 0.0736 0.3047 0.0333 0.018
0 0.4181 0.243 0.0375 0.0172
0 0.4194 0.2578 0.0375 0.0125
0 0.5486 0.2438 0.0333 0.0258
0 0.4847 0.2695 0.05 0.0281
0 0.0583 0.3461 0.0194 0.0219
0 0.4639 0.318 0.0347 0.018
0 0.4833 0.3328 0.0556 0.0258
0 0.6264 0.2266 0.0403 0.0242
0 0.725 0.2305 0.0444 0.025
0 0.5306 0.3562 0.0292 0.0195
0 0.1736 0.4117 0.0486 0.0258
0 0.1889 0.3805 0.0361 0.0078
0 0.4 0.4273 0.05 0.0266
0 0.4278 0.3984 0.0514 0.0344
0 0.4222 0.368 0.0431 0.0266
0 0.7069 0.3203 0.0458 0.025
0 0.7389 0.3305 0.0347 0.0266
0 0.8292 0.2602 0.0389 0.025
0 0.7639 0.3367 0.0361 0.0141
0 0.1347 0.5062 0.0583 0.0297
0 0.4153 0.475 0.0278 0.0109
0 0.8222 0.375 0.0583 0.0289
0 0.6931 0.4125 0.0361 0.0188
0 0.8806 0.3398 0.0347 0.0227
0 0.9069 0.4133 0.05 0.0305
0 0.8431 0.4758 0.05 0.025
0 0.3097 0.6352 0.0417 0.0188
0 0.8778 0.5117 0.0444 0.0242
0 0.8583 0.5312 0.0361 0.0188
0 0.8917 0.4648 0.0333 0.0164
0 0.9306 0.5211 0.0472 0.0188
0 0.9861 0.5281 0.0236 0.0133
0 0.7056 0.6281 0.0444 0.0164
0 0.525 0.625 0.0361 0.0188
0 0.7472 0.6773 0.0431 0.0188
0 0.7431 0.693 0.0403 0.0148
0 0.9 0.7633 0.0486 0.018
0 0.9111 0.8305 0.0389 0.0266
0 0.8917 0.6164 0.025 0.0188
0 0.0653 0.568 0.0333 0.0141
0 0.6153 0.0641 0.025 0.0102
0 0.0819 0.4141 0.0222 0.0148
0 0.3639 0.4234 0.0403 0.0141
0 0.3222 0.4766 0.0194 0.0133
0 0.3319 0.5352 0.0278 0.0078
0 0.9181 0.3633 0.0417 0.0195
0 0.6931 0.118 0.0292 0.0211
