0 0.0194 0.1648 0.0361 0.0227
0 0.0486 0.175 0.0236 0.0141
0 0.0639 0.1547 0.0278 0.0148
0 0.1292 0.193 0.0347 0.0172
0 0.1 0.2109 0.0306 0.0148
0 0.1417 0.2188 0.0417 0.025
0 0.1792 0.2102 0.0417 0.0266
0 0.1833 0.2328 0.0431 0.0219
0 0.1194 0.2375 0.0319 0.0289
0 0.0972 0.2664 0.0389 0.0234
0 0.1375 0.2695 0.0431 0.0234
0 0.0944 0.2891 0.0319 0.0188
0 0.0083 0.2992 0.0181 0.0188
0 0.0236 0.2898 0.0375 0.0133
0 0.0417 0.3016 0.0167 0.0148
0 0.2514 0.2172 0.0278 0.0195
0 0.3375 0.2289 0.0472 0.0281
0 0.0639 0.3039 0.0292 0.0188
0 0.0931 0.3 0.0292 0.0133
0 0.1458 0.3141 0.0278 0.0164
0 0.1958 0.268 0.0389 0.0195
0 0.2278 0.275 0.0389 0.0211
0 0.1833 0.2914 0.0264 0.0203
0 0.2472 0.3125 0.0375 0.0219
0 0.2875 0.3305 0.0375 0.0195
0 0.0611 0.4008 0.0458 0.0195
0 0.1028 0.4297 0.0472 0.0273
0 0.0833 0.4938 0.0389 0.0203
0 0.1833 0.5094 0.0417 0.0234
0 0.2667 0.4352 0.0306 0.0172
0 0.2681 0.5055 0.0458 0.0164
0 0.2347 0.5875 0.0333 0.0156
0 0.275 0.6055 0.0125 0.0125
0 0.3264 0.4906 0.0264 0.0148
0 0.3056 0.5305 0.0417 0.0227
0 0.3583 0.5828 0.0194 0.0141
0 0.3569 0.5602 0.0347 0.018
0 0.4208 0.4984 0.0361 0.0195
0 0.4236 0.4555 0.0278 0.0148
0 0.3889 0.518 0.0375 0.018
0 0.4153 0.5312 0.0361 0.0195
0 0.3708 0.6266 0.0194 0.0117
0 0.4264 0.6969 0.0264 0.018
0 0.4806 0.6844 0.0264 0.0156
0 0.4417 0.7125 0.0264 0.0148
0 0.4931 0.5992 0.0389 0.0203
0 0.6014 0.6336 0.0222 0.0148
0 0.6097 0.5602 0.0292 0.0172
0 0.6597 0.5781 0.0167 0.0133
0 0.5375 0.6102 0.0222 0.0086
0 0.2292 0.0844 0.0236 0.0164
0 0.2333 0.0977 0.0278 0.0148
0 0.2778 0.1008 0.0236 0.0148
0 0.2986 0.1586 0.0264 0.0148
0 0.3639 0.1242 0.0306 0.0211
0 0.3806 0.1406 0.0264 0.0203
0 0.3694 0.193 0.0208 0.0148
0 0.4944 0.1633 0.0264 0.0109
0 0.4472 0.2891 0.0458 0.0242
0 0.425 0.3266 0.0444 0.0258
0 0.55 0.2492 0.0347 0.0188
0 0.5153 0.2523 0.0403 0.0203
0 0.5167 0.2773 0.0417 0.0188
0 0.4431 0.3445 0.0278 0.0172
0 0.5236 0.3453 0.0417 0.0219
0 0.5569 0.3453 0.0153 0.0164
0 0.6181 0.3594 0.0306 0.0227
0 0.6458 0.1875 0.025 0.0211
0 0.7306 0.1906 0.025 0.0094
0 0.875 0.2375 0.0306 0.018
0 0.9028 0.2695 0.0306 0.018
0 0.7986 0.2664 0.0319 0.0156
0 0.8361 0.257 0.0444 0.025
0 0.6861 0.5836 0.0153 0.0148
0 0.7097 0.5859 0.0278 0.0156
0 0.6917 0.5039 0.0361 0.0203
0 0.7597 0.4734 0.0403 0.0203
0 0.7778 0.4914 0.0417 0.0211
0 0.8694 0.525 0.0236 0.0148
0 0.8403 0.518 0.0292 0.0172
0 0.7958 0.532 0.0319 0.0117
0 0.7653 0.5453 0.0292 0.0117
0 0.775 0.6039 0.0306 0.0133
0 0.25 0.3523 0.0333 0.0203
0 0.2986 0.3547 0.0319 0.0125
0 0.6861 0.3172 0.0264 0.0133
0 0.9514 0.6398 0.0278 0.0156
0 0.975 0.6453 0.025 0.0125
0 0.3528 0.1023 0.0153 0.0109
0 0.2694 0.3 0.0306 0.0242
0 0.1958 0.1445 0.0278 0.0125
0 0.0931 0.4508 0.0319 0.0188
0 0.9833 0.5844 0.0292 0.0203
0 0.6236 0.525 0.0194 0.0164
0 0.6347 0.5352 0.0375 0.0086
0 0.8708 0.2688 0.0319 0.0219
