0 0.4306 0.6812 0.0333 0.0258
0 0.2542 0.6211 0.025 0.0188
0 0.0556 0.5945 0.0264 0.0227
0 0.0597 0.5305 0.0139 0.0094
0 0.2944 0.4977 0.0181 0.0102
0 0.1569 0.4875 0.0347 0.0148
0 0.7042 0.4406 0.0181 0.0094
0 0.7278 0.4492 0.0389 0.018
0 0.5389 0.3992 0.0222 0.0086
0 0.0972 0.4508 0.0458 0.0234
0 0.0944 0.4688 0.0181 0.0117
0 0.0514 0.4703 0.0347 0.0086
0 0.0347 0.4484 0.0556 0.0297
0 0.1903 0.3898 0.0375 0.0188
0 0.0306 0.343 0.0403 0.0195
0 0.0847 0.3484 0.0319 0.0266
0 0.1514 0.4016 0.0167 0.0156
0 0.1222 0.325 0.0403 0.0266
0 0.1681 0.3328 0.0472 0.0172
0 0.1736 0.3195 0.0222 0.0062
0 0.1708 0.307 0.0361 0.0211
0 0.1278 0.3125 0.0264 0.0133
0 0.1528 0.2961 0.0181 0.007
0 0.0792 0.2789 0.0444 0.0203
0 0.1125 0.275 0.0264 0.0102
0 0.1028 0.257 0.0389 0.0188
0 0.175 0.2008 0.0403 0.025
0 0.0819 0.1523 0.0514 0.0211
0 0.0083 0.0461 0.0181 0.025
0 0.7028 0.2078 0.0431 0.0266
0 0.7431 0.218 0.0431 0.0242
0 0.7986 0.5164 0.0292 0.0125
0 0.6958 0.1336 0.0333 0.0211
0 0.5444 0.107 0.0389 0.0234
0 0.5722 0.0586 0.0514 0.0328
0 0.5389 0.0758 0.0514 0.025
0 0.4958 0.075 0.0458 0.0258
0 0.5097 0.0461 0.0486 0.0203
0 0.2681 0.7086 0.0431 0.0305
