0 0.05 0.1148 0.0486 0.032
0 0.0181 0.1297 0.0306 0.032
0 0.0361 0.1555 0.0472 0.0297
0 0.025 0.1727 0.0472 0.0289
0 0.0736 0.1789 0.0528 0.0305
0 0.0375 0.2023 0.0458 0.0289
0 0.0472 0.2336 0.0528 0.0328
0 0.0931 0.2242 0.0472 0.0273
0 0.0042 0.2727 0.0097 0.0227
0 0.0917 0.3445 0.0389 0.0242
0 0.1361 0.2383 0.0431 0.0266
0 0.6097 0.2023 0.05 0.0305
0 0.6194 0.225 0.05 0.0227
0 0.0097 0.3297 0.0167 0.0328
0 0.05 0.4141 0.0375 0.0242
0 0.5278 0.3734 0.0639 0.0352
0 0.5139 0.4414 0.05 0.032
0 0.4694 0.4461 0.05 0.0328
0 0.2278 0.4344 0.0375 0.0141
0 0.2333 0.4703 0.0486 0.0195
0 0.1653 0.5297 0.0597 0.0305
0 0.0125 0.5164 0.0236 0.0297
0 0.0611 0.4555 0.0569 0.0312
0 0.0986 0.4453 0.0569 0.0328
0 0.1792 0.457 0.0333 0.0289
0 0.2042 0.4375 0.0264 0.0188
0 0.2528 0.5781 0.0458 0.0242
0 0.0722 0.6094 0.0375 0.0109
0 0.0639 0.6789 0.0417 0.0281
0 0.0417 0.693 0.0333 0.0266
0 0.1417 0.6922 0.0417 0.0297
0 0.0583 0.7344 0.0347 0.0352
0 0.2222 0.7469 0.0431 0.0219
0 0.3028 0.7047 0.0361 0.0273
0 0.4125 0.618 0.0611 0.0227
0 0.0194 0.7641 0.0319 0.0234
0 0.8264 0.0188 0.0583 0.0367
0 0.6458 0.0852 0.0292 0.0242
0 0.7125 0.0688 0.0181 0.0203
0 0.8917 0.3156 0.0444 0.0258
0 0.6833 0.4547 0.0639 0.0352
0 0.8625 0.5234 0.0486 0.0273
0 0.7764 0.5383 0.0361 0.0273
0 0.8819 0.6062 0.0542 0.0305
0 0.9319 0.6109 0.0472 0.0336
0 0.7194 0.5445 0.0389 0.0281
0 0.7194 0.05 0.0306 0.0227
0 0.7944 0.0281 0.0389 0.0273
0 0.0111 0.7016 0.0181 0.0211
0 0.9611 0.6297 0.0458 0.0133
