0 0.5139 0.0797 0.0472 0.0195
0 0.5444 0.1352 0.05 0.0305
0 0.5056 0.2438 0.0472 0.0242
0 0.4653 0.2625 0.0403 0.0172
0 0.5083 0.2656 0.0417 0.0203
0 0.4722 0.2867 0.0528 0.0297
0 0.7167 0.2906 0.0389 0.0273
0 0.5014 0.3125 0.0417 0.0117
0 0.5125 0.3391 0.05 0.0312
0 0.4736 0.35 0.0347 0.0234
0 0.4236 0.3586 0.0333 0.0258
0 0.6361 0.3453 0.0347 0.0188
0 0.7236 0.4148 0.0139 0.0195
0 0.675 0.4375 0.0472 0.0273
0 0.5875 0.4328 0.0417 0.0203
0 0.4708 0.4586 0.0486 0.0281
0 0.4333 0.4828 0.0431 0.025
0 0.6569 0.4859 0.0403 0.0219
0 0.6222 0.5398 0.05 0.0289
0 0.6736 0.5453 0.0444 0.0227
0 0.3306 0.5898 0.0375 0.0219
0 0.2903 0.5812 0.0361 0.0273
0 0.3806 0.6797 0.05 0.0242
0 0.2403 0.7172 0.0542 0.0305
0 0.2694 0.7469 0.0542 0.0297
0 0.3375 0.7531 0.0347 0.0203
0 0.3111 0.7578 0.0333 0.0148
0 0.3903 0.3336 0.0333 0.007
0 0.4306 0.332 0.0222 0.0078
0 0.4764 0.3172 0.0361 0.007
0 0.6375 0.2445 0.0361 0.0234
0 0.6028 0.2125 0.0264 0.0133
0 0.2847 0.4227 0.0333 0.0258
0 0.4153 0.4555 0.0278 0.0102
0 0.4 0.5117 0.0333 0.0156
0 0.7028 0.5789 0.0292 0.0148
0 0.6847 0.4805 0.0194 0.0234
0 0.6931 0.393 0.0333 0.0258
0 0.55 0.5016 0.0278 0.0172
0 0.6319 0.6734 0.0208 0.0156
0 0.9819 0.782 0.0319 0.032
0 0.8361 0.8227 0.0375 0.0219
0 0.5153 0.2805 0.0403 0.0195
0 0.0097 0.6297 0.0194 0.0234
0 0.0167 0.6758 0.0347 0.0234
0 0.7806 0.7297 0.0306 0.0133
0 0.7889 0.6359 0.0208 0.0125
0 0.6111 0.568 0.0444 0.0242
0 0.6292 0.507 0.0306 0.0133
0 0.6264 0.368 0.0431 0.025
0 0.6597 0.3719 0.0292 0.0203
0 0.6472 0.3984 0.0403 0.0258
