0 0.9181 0.7609 0.0583 0.0391
0 0.7472 0.593 0.0347 0.018
0 0.9875 0.5977 0.0208 0.0156
0 0.6069 0.6633 0.0431 0.0156
0 0.7694 0.5297 0.0194 0.0109
0 0.7958 0.5078 0.0417 0.0242
0 0.7333 0.5023 0.0486 0.0164
0 0.7764 0.4922 0.0347 0.0195
0 0.1958 0.4984 0.0264 0.0148
0 0.1764 0.4953 0.0375 0.018
0 0.925 0.5023 0.0472 0.025
0 0.9792 0.4773 0.0333 0.0188
0 0.8194 0.4758 0.0167 0.0086
0 0.8167 0.4359 0.0333 0.0203
0 0.6625 0.4367 0.0222 0.0117
0 0.7556 0.4406 0.0306 0.0148
0 0.7597 0.425 0.0361 0.0188
0 0.7292 0.3594 0.0472 0.0297
0 0.8931 0.3375 0.0472 0.0219
0 0.7931 0.3758 0.0361 0.0258
0 0.8069 0.307 0.0389 0.0219
0 0.8222 0.3141 0.0417 0.0266
0 0.9403 0.2672 0.0222 0.0148
0 0.8944 0.2719 0.0444 0.0289
0 0.85 0.2773 0.0403 0.0258
0 0.7875 0.2906 0.0347 0.0266
0 0.7556 0.2805 0.0528 0.0273
0 0.2139 0.2625 0.0347 0.025
0 0.25 0.2711 0.0375 0.0188
0 0.7264 0.2359 0.0444 0.0258
0 0.7986 0.1922 0.0375 0.0266
0 0.8347 0.1891 0.0306 0.0336
0 0.0139 0.1195 0.0292 0.0281
0 0.0069 0.1367 0.0111 0.0109
0 0.0097 0.1742 0.0125 0.0148
0 0.1944 0.193 0.0403 0.0242
0 0.9028 0.082 0.0542 0.032
0 0.9792 0.7688 0.0361 0.0211
0 0.9764 0.8328 0.0292 0.0117
