0 0.0403 0.2375 0.0319 0.0211
0 0.0361 0.2523 0.0278 0.0148
0 0.0319 0.2617 0.0208 0.0086
0 0.0278 0.2812 0.0278 0.0156
0 0.0889 0.2633 0.0181 0.0117
0 0.0667 0.268 0.0403 0.0172
0 0.0889 0.3344 0.0125 0.0102
0 0.1278 0.3258 0.0306 0.018
0 0.1583 0.3164 0.0236 0.0125
0 0.1333 0.2203 0.0236 0.0164
0 0.1597 0.2289 0.0319 0.0102
0 0.2403 0.2609 0.0556 0.0359
0 0.2931 0.2891 0.0583 0.0344
0 0.2736 0.3188 0.0597 0.0289
0 0.2097 0.3438 0.0222 0.0148
0 0.2306 0.3531 0.0264 0.0125
0 0.2431 0.3789 0.0208 0.0086
0 0.3236 0.3656 0.0208 0.0109
0 0.3042 0.3625 0.0153 0.0086
0 0.3681 0.3695 0.0597 0.0352
0 0.3569 0.418 0.0222 0.0102
0 0.3361 0.4203 0.0153 0.0133
0 0.3292 0.4289 0.0125 0.0086
0 0.3639 0.325 0.0139 0.0141
0 0.4111 0.3047 0.0236 0.0219
0 0.0319 0.482 0.025 0.0234
0 0.0181 0.5469 0.0333 0.0219
0 0.0486 0.6047 0.0278 0.0141
0 0.1347 0.5898 0.0306 0.018
0 0.0694 0.5102 0.0458 0.0227
0 0.1111 0.5062 0.0181 0.0117
0 0.1722 0.6492 0.0222 0.0148
0 0.1708 0.5031 0.0222 0.0086
0 0.2 0.5398 0.0347 0.0234
0 0.2208 0.4859 0.0264 0.0125
0 0.2403 0.4711 0.0389 0.0188
0 0.3056 0.4836 0.0167 0.0102
0 0.3181 0.5398 0.0264 0.0133
0 0.3472 0.5352 0.0292 0.0156
0 0.3736 0.5289 0.0264 0.0148
0 0.4264 0.5258 0.025 0.0156
0 0.4528 0.525 0.0278 0.0148
0 0.4319 0.5555 0.0278 0.0148
0 0.4556 0.5898 0.0292 0.0164
0 0.5639 0.5531 0.0319 0.018
0 0.6069 0.6281 0.0222 0.0117
0 0.5264 0.3711 0.0292 0.0078
0 0.7417 0.107 0.0333 0.0211
0 0.7708 0.1117 0.0319 0.0188
0 0.7972 0.1102 0.0208 0.0141
0 0.8181 0.1211 0.0306 0.0164
0 0.8069 0.0867 0.0208 0.0117
0 0.8444 0.0945 0.0361 0.0203
0 0.8833 0.0891 0.0375 0.0242
0 0.9028 0.0609 0.0347 0.0219
0 0.9917 0.0797 0.0097 0.0172
0 0.9528 0.0828 0.0278 0.0141
0 0.8889 0.1102 0.0389 0.018
0 0.9111 0.1148 0.0347 0.0156
0 0.9792 0.1117 0.0361 0.0195
0 0.9333 0.1398 0.0417 0.025
0 0.8917 0.1633 0.0333 0.018
0 0.9903 0.1539 0.0167 0.0133
0 0.5639 0.4398 0.0403 0.0203
0 0.5319 0.4273 0.0347 0.0148
0 0.5806 0.4578 0.0417 0.0211
0 0.6236 0.525 0.0583 0.032
0 0.6639 0.5469 0.05 0.0234
0 0.6931 0.5531 0.0306 0.0164
0 0.7306 0.5766 0.0319 0.0172
0 0.5986 0.4211 0.0319 0.0234
0 0.6319 0.4312 0.0486 0.0273
0 0.8889 0.5656 0.0389 0.0211
0 0.8597 0.5305 0.0292 0.018
0 0.7014 0.4484 0.0542 0.0242
0 0.7861 0.4609 0.0444 0.0281
0 0.6444 0.3938 0.0292 0.0102
0 0.7292 0.3898 0.0292 0.0164
0 0.7667 0.3953 0.0444 0.0219
0 0.7403 0.3508 0.0431 0.0211
0 0.7986 0.4078 0.0403 0.0211
0 0.85 0.4203 0.0653 0.0164
0 0.8764 0.493 0.05 0.0289
0 0.9264 0.4844 0.0514 0.0242
0 0.9819 0.4711 0.0333 0.0352
0 0.8528 0.382 0.0431 0.0203
0 0.9514 0.2562 0.0403 0.0234
0 0.9931 0.2898 0.0083 0.0172
0 0.9861 0.3102 0.0208 0.0188
0 0.9389 0.2719 0.0375 0.0172
0 0.8833 0.2766 0.0375 0.0234
0 0.8514 0.2742 0.0319 0.0203
0 0.8389 0.2562 0.0417 0.0242
0 0.8056 0.2727 0.0375 0.0227
0 0.7806 0.2734 0.0181 0.0172
0 0.8514 0.2398 0.0319 0.0117
0 0.6597 0.3641 0.0319 0.0078
0 0.5139 0.3047 0.0333 0.0094
0 0.5306 0.3117 0.0347 0.0109
0 0.4889 0.3281 0.0375 0.0188
0 0.5347 0.3312 0.0264 0.0086
0 0.9764 0.0961 0.0264 0.0172
0 0.0639 0.2477 0.0278 0.0125
0 0.0903 0.2352 0.0222 0.0109
0 0.125 0.3398 0.0222 0.0094
