0 0.3583 0.0711 0.0444 0.0195
0 0.4125 0.0734 0.0333 0.0297
0 0.3403 0.1023 0.0556 0.0328
0 0.4097 0.1055 0.0403 0.0297
0 0.2181 0.1344 0.0542 0.0219
0 0.2347 0.1734 0.05 0.0359
0 0.2542 0.2141 0.0542 0.0305
0 0.2542 0.2352 0.0333 0.0164
0 0.2125 0.2406 0.0569 0.025
0 0.4292 0.1805 0.0389 0.0289
0 0.3347 0.2648 0.0458 0.0211
0 0.4528 0.2875 0.0431 0.0312
0 0.4917 0.2953 0.0514 0.0289
0 0.8611 0.25 0.0444 0.0234
0 0.8694 0.2711 0.0458 0.0227
0 0.9111 0.2805 0.0417 0.0172
0 0.0542 0.3992 0.0639 0.0297
0 0.1111 0.4492 0.0542 0.0312
0 0.2042 0.4602 0.05 0.0266
0 0.1694 0.4805 0.0375 0.0211
0 0.2083 0.4859 0.0417 0.0195
0 0.3167 0.3953 0.0431 0.0281
0 0.3583 0.4023 0.0458 0.0211
0 0.3111 0.4578 0.05 0.0234
0 0.3444 0.4758 0.0556 0.0305
0 0.3875 0.4828 0.05 0.0227
0 0.4222 0.4883 0.0514 0.0289
0 0.3764 0.4984 0.0375 0.0133
0 0.2556 0.5359 0.0556 0.0273
0 0.5028 0.4945 0.0361 0.0227
0 0.5264 0.4883 0.0375 0.0234
0 0.8764 0.3992 0.0528 0.0297
0 0.9181 0.418 0.0528 0.0289
0 0.9667 0.4164 0.0431 0.0188
0 0.975 0.5359 0.0472 0.0281
0 0.5986 0.5398 0.0319 0.0117
0 0.3444 0.6062 0.0556 0.0312
0 0.1986 0.5734 0.05 0.0281
0 0.1125 0.6492 0.0458 0.0234
0 0.3042 0.6172 0.0694 0.0281
0 0.1931 0.5906 0.0472 0.0219
0 0.2389 0.5812 0.0264 0.0195
0 0.4 0.7344 0.0583 0.0359
0 0.4319 0.7906 0.0611 0.0273
0 0.3903 0.1344 0.0236 0.0156
0 0.0681 0.4234 0.0444 0.0133
0 0.8583 0.2891 0.0278 0.0133
