0 0.275 0.2266 0.0389 0.0242
0 0.2458 0.2328 0.0306 0.0234
0 0.4125 0.15 0.0333 0.0188
0 0.4347 0.0922 0.0306 0.0219
0 0.4444 0.1328 0.0278 0.0219
0 0.3889 0.1148 0.0181 0.0148
0 0.4139 0.1219 0.0264 0.0211
0 0.4167 0.1328 0.025 0.0102
0 0.3653 0.2109 0.0347 0.0148
0 0.4708 0.2484 0.0375 0.0273
0 0.4403 0.4148 0.0458 0.0258
0 0.4167 0.368 0.0319 0.0227
0 0.3319 0.3688 0.0347 0.0172
0 0.2653 0.6297 0.0278 0.0164
0 0.6278 0.6422 0.0319 0.0211
0 0.6681 0.6492 0.0403 0.025
0 0.9236 0.3203 0.0347 0.0227
0 0.9556 0.1992 0.05 0.0297
0 0.9917 0.4297 0.0139 0.0234
0 0.9806 0.5414 0.0264 0.0195
0 0.975 0.593 0.0333 0.0125
0 0.9597 0.3297 0.0222 0.0164
0 0.9903 0.3188 0.0153 0.0211
0 0.9403 0.6281 0.0347 0.018
0 0.2333 0.5516 0.0403 0.0188
0 0.2431 0.5688 0.0306 0.0141
0 0.075 0.4117 0.0292 0.0141
0 0.1069 0.3586 0.0139 0.0164
