0 0.1528 0.3898 0.0181 0.0109
0 0.1806 0.3945 0.0292 0.0141
0 0.2917 0.4102 0.0292 0.0156
0 0.3347 0.3648 0.0264 0.0133
0 0.3667 0.3836 0.0097 0.0062
0 0.3931 0.3852 0.0056 0.0055
0 0.4111 0.407 0.0194 0.0148
0 0.4625 0.4102 0.0111 0.0109
0 0.5194 0.4031 0.0125 0.0078
0 0.2611 0.5266 0.0153 0.007
0 0.2597 0.5688 0.0194 0.0102
0 0.2375 0.6039 0.0111 0.007
0 0.2764 0.5422 0.0139 0.0086
0 0.0444 0.675 0.0139 0.0188
0 0.0917 0.7008 0.0292 0.018
0 0.075 0.7352 0.0319 0.0234
0 0.4639 0.6062 0.0194 0.0172
0 0.5153 0.6094 0.0306 0.007
0 0.5486 0.6219 0.0347 0.0156
0 0.5819 0.5898 0.0306 0.0117
0 0.6125 0.5602 0.0194 0.0109
0 0.5111 0.5586 0.0194 0.0117
0 0.5958 0.5641 0.0083 0.0047
0 0.7028 0.6078 0.0264 0.0125
0 0.6167 0.6719 0.0139 0.007
0 0.6306 0.6828 0.0264 0.0172
0 0.5847 0.7102 0.0194 0.0133
0 0.6056 0.7164 0.0264 0.0133
0 0.6458 0.7031 0.0167 0.0102
0 0.7333 0.7227 0.0181 0.0055
0 0.7861 0.7492 0.0153 0.0148
0 0.7292 0.7531 0.0556 0.025
0 0.85 0.6719 0.025 0.0117
0 0.8236 0.6219 0.0167 0.0078
0 0.7292 0.468 0.0111 0.0062
0 0.7403 0.4406 0.0125 0.0109
0 0.7028 0.4461 0.0153 0.0125
0 0.5958 0.4352 0.0111 0.0062
0 0.4167 0.325 0.0069 0.007
0 0.1792 0.4227 0.0125 0.0086
0 0.6333 0.3953 0.0306 0.0078
0 0.5542 0.3188 0.0208 0.0109
0 0.5389 0.3016 0.0125 0.0141
0 0.5972 0.2891 0.025 0.0164
0 0.6264 0.2883 0.025 0.0141
0 0.6639 0.2625 0.0111 0.0117
0 0.6028 0.2562 0.0097 0.0125
0 0.5694 0.2711 0.0208 0.0164
0 0.5819 0.2336 0.0236 0.0133
0 0.4639 0.1945 0.0222 0.0109
0 0.5139 0.2586 0.0264 0.0172
0 0.4792 0.2469 0.0194 0.0125
0 0.4819 0.2633 0.0167 0.0094
0 0.4292 0.2695 0.0236 0.0172
0 0.4014 0.268 0.0264 0.0156
0 0.4139 0.2516 0.0194 0.0094
0 0.6153 0.2664 0.0181 0.0094
0 0.5278 0.1914 0.0097 0.007
0 0.6847 0.3438 0.0167 0.0094
0 0.7111 0.3609 0.0167 0.0102
0 0.3681 0.4742 0.0486 0.0148
0 0.3861 0.4297 0.0125 0.0047
0 0.6667 0.7188 0.0111 0.0102
0 0.1861 0.3703 0.0222 0.0125
0 0.1972 0.3797 0.0222 0.018
0 0.4917 0.2766 0.0319 0.0172
0 0.3236 0.6508 0.0528 0.0219
0 0.2722 0.6602 0.0431 0.0164
0 0.85 0.6977 0.0153 0.0117
0 0.8125 0.6477 0.0333 0.018
