0 0.6889 0.1156 0.0458 0.0289
0 0.6 0.1875 0.05 0.0289
0 0.4778 0.2945 0.0389 0.0258
0 0.4028 0.3383 0.0458 0.0258
0 0.5319 0.2984 0.0236 0.0242
0 0.5806 0.375 0.0431 0.0289
0 0.5375 0.3797 0.0431 0.0281
0 0.4222 0.3797 0.0472 0.0258
0 0.4639 0.3883 0.0431 0.0289
0 0.5139 0.407 0.05 0.0289
0 0.4097 0.4602 0.0472 0.0289
0 0.5597 0.4406 0.0486 0.0266
0 0.7167 0.4969 0.0278 0.0234
0 0.6319 0.3703 0.0194 0.0164
0 0.7 0.5594 0.0403 0.0211
0 0.5014 0.5375 0.0347 0.0242
0 0.4278 0.5195 0.0458 0.0172
0 0.5875 0.3469 0.0486 0.025
0 0.6139 0.6062 0.0458 0.0305
0 0.6694 0.5781 0.0542 0.0211
0 0.6931 0.707 0.0431 0.0234
0 0.6528 0.7117 0.0333 0.0172
0 0.4653 0.6117 0.0486 0.0258
0 0.4444 0.632 0.0403 0.0266
0 0.4111 0.6047 0.0569 0.025
0 0.4528 0.5914 0.0403 0.0211
0 0.4278 0.7008 0.0375 0.0227
0 0.5111 0.893 0.0708 0.0484
0 0.9292 0.8039 0.0597 0.0328
0 0.9375 0.8375 0.0514 0.025
0 0.3042 0.7695 0.0417 0.0242
0 0.3417 0.5398 0.0333 0.0227
0 0.6556 0.7375 0.0542 0.0289
0 0.2194 0.6031 0.0514 0.0305
0 0.6444 0.1148 0.0306 0.0203
0 0.5042 0.2953 0.0222 0.0219
0 0.5292 0.4203 0.0319 0.0188
0 0.5181 0.4375 0.025 0.018
0 0.4764 0.4758 0.05 0.0234
0 0.7222 0.7578 0.0264 0.0164
0 0.9278 0.8711 0.0472 0.0133
0 0.9361 0.8539 0.0514 0.0164
0 0.2903 0.7477 0.0222 0.0148
0 0.6389 0.0812 0.0222 0.0117
0 0.7 0.1008 0.0278 0.0141
0 0.5778 0.4633 0.0319 0.0172
0 0.5958 0.5508 0.0403 0.0133
0 0.5806 0.5172 0.0222 0.0289
0 0.5931 0.8602 0.0167 0.0203
