0 0.8792 0.2414 0.0597 0.032
0 0.9167 0.2273 0.0694 0.0352
0 0.9583 0.2719 0.0569 0.025
0 0.6042 0.3422 0.0417 0.0281
0 0.9708 0.3086 0.0472 0.0281
0 0.925 0.3398 0.0778 0.0367
0 0.8889 0.3906 0.0333 0.0234
0 0.8694 0.4453 0.0514 0.0359
0 0.9889 0.3633 0.0181 0.0242
0 0.8097 0.4609 0.0431 0.0266
0 0.7722 0.4977 0.0375 0.0281
0 0.7236 0.4977 0.0486 0.0258
0 0.6875 0.5281 0.0431 0.0227
0 0.6486 0.5266 0.0417 0.0289
0 0.8611 0.5453 0.0389 0.0211
0 0.6736 0.5797 0.0222 0.0188
0 0.7931 0.8578 0.0611 0.0336
0 0.7806 0.3039 0.0236 0.018
0 0.9806 0.1273 0.0361 0.0281
0 0.9597 0.3836 0.0583 0.0352
0 0.9792 0.4273 0.0375 0.0164
0 0.1083 0.7234 0.0653 0.0375
0 0.5972 0.7992 0.0333 0.0305
0 0.6028 0.8859 0.0514 0.0297
0 0.8944 0.7406 0.0153 0.007
0 0.9056 0.2711 0.0194 0.0156
0 0.7056 0.3547 0.0375 0.0203
0 0.7472 0.3555 0.0306 0.0102
0 0.8167 0.3797 0.0278 0.0148
0 0.9542 0.6406 0.0236 0.0172
0 0.8875 0.8422 0.0347 0.0211
0 0.5167 0.7656 0.0514 0.0188
0 0.5333 0.7461 0.0389 0.0227
0 0.6083 0.5961 0.0472 0.0195
0 0.6125 0.5797 0.0292 0.0203
0 0.0806 0.5445 0.0528 0.0305
0 0.1236 0.6055 0.0361 0.0188
0 0.1153 0.6898 0.0236 0.0258
0 0.0167 0.6398 0.0319 0.0297
