0 0.2736 0.4773 0.0319 0.0289
0 0.3264 0.4758 0.0431 0.0219
0 0.3597 0.4922 0.0569 0.0289
0 0.3889 0.5016 0.0375 0.0188
0 0.3806 0.5352 0.0472 0.0219
0 0.2722 0.6125 0.0292 0.0219
0 0.3028 0.6289 0.0403 0.0188
0 0.3847 0.632 0.0306 0.0297
0 0.3819 0.6523 0.0292 0.0188
0 0.475 0.6383 0.0375 0.0203
0 0.1903 0.6867 0.0417 0.0242
0 0.5569 0.7945 0.0417 0.0156
0 0.1347 0.6125 0.0167 0.0172
0 0.5014 0.807 0.025 0.0195
0 0.7361 0.8297 0.0389 0.0258
0 0.2417 0.6258 0.0319 0.0188
0 0.0181 0.6172 0.0292 0.0141
0 0.3403 0.6742 0.0458 0.0195
0 0.4347 0.7414 0.0417 0.0234
0 0.9042 0.6328 0.0444 0.0242
0 0.9833 0.6266 0.025 0.0133
0 0.9847 0.6562 0.0264 0.0258
0 0.9931 0.5977 0.0111 0.0188
