0 0.1083 0.668 0.0264 0.0172
0 0.0722 0.6797 0.0139 0.0148
0 0.9417 0.582 0.0236 0.0109
0 0.0139 0.5328 0.0264 0.0195
0 0.5583 0.4938 0.0375 0.0102
0 0.5514 0.4797 0.0444 0.0086
0 0.2056 0.5234 0.0125 0.0086
0 0.1389 0.4898 0.0097 0.0086
0 0.2389 0.468 0.025 0.0078
0 0.0444 0.4375 0.0361 0.0195
0 0.0153 0.4469 0.0208 0.0156
0 0.0389 0.3891 0.0319 0.018
0 0.0153 0.375 0.0264 0.018
0 0.0264 0.3539 0.0347 0.0227
0 0.0333 0.3398 0.0167 0.0094
0 0.0278 0.25 0.0361 0.025
0 0.5764 0.2664 0.0431 0.0289
0 0.5347 0.2562 0.0375 0.0258
0 0.5236 0.1867 0.0292 0.0219
0 0.3736 0.1695 0.0319 0.0227
0 0.3903 0.118 0.0472 0.0297
0 0.3639 0.1367 0.0431 0.018
0 0.3222 0.1344 0.0472 0.0227
0 0.3347 0.107 0.0528 0.0195
0 0.2903 0.7195 0.0417 0.0242
0 0.1278 0.7562 0.0458 0.0297
