0 0.7042 0.1164 0.0458 0.0289
0 0.6514 0.0836 0.0403 0.0203
0 0.6139 0.1883 0.05 0.0289
0 0.7139 0.1039 0.0403 0.0219
0 0.4972 0.2953 0.0389 0.0258
0 0.4208 0.3383 0.0458 0.0258
0 0.55 0.2992 0.0306 0.0234
0 0.5972 0.3742 0.0417 0.0289
0 0.5569 0.3781 0.0431 0.0281
0 0.4444 0.3812 0.0472 0.0258
0 0.4819 0.3883 0.0431 0.0289
0 0.5236 0.407 0.05 0.0234
0 0.4278 0.4625 0.0472 0.0289
0 0.5806 0.4438 0.0486 0.0266
0 0.7389 0.4961 0.0444 0.0234
0 0.65 0.3711 0.0333 0.0164
0 0.7167 0.5602 0.0403 0.0211
0 0.5208 0.5383 0.0347 0.0242
0 0.4458 0.5234 0.0458 0.0172
0 0.6014 0.3414 0.0486 0.025
0 0.6347 0.6078 0.0458 0.0305
0 0.6903 0.5773 0.0542 0.0211
0 0.7139 0.7102 0.0431 0.0234
0 0.675 0.7148 0.0333 0.0172
0 0.4847 0.6164 0.0486 0.0258
0 0.4583 0.6344 0.0403 0.0266
0 0.4278 0.607 0.0569 0.025
0 0.4681 0.5945 0.0403 0.0211
0 0.4528 0.7023 0.0375 0.0227
0 0.5472 0.8961 0.0708 0.0484
0 0.9556 0.807 0.0597 0.0328
0 0.9639 0.8391 0.0514 0.0258
0 0.3278 0.775 0.0514 0.0242
0 0.3597 0.5398 0.0333 0.0227
0 0.6708 0.7406 0.0542 0.0289
0 0.2306 0.6039 0.0583 0.0305
0 0.6639 0.1164 0.0306 0.0203
0 0.5208 0.2969 0.0222 0.0219
0 0.5375 0.418 0.0319 0.0188
0 0.5333 0.4375 0.025 0.018
0 0.4583 0.5406 0.0139 0.0203
0 0.4917 0.4789 0.05 0.0234
0 0.7444 0.7625 0.0264 0.0164
0 0.6208 0.8648 0.0569 0.0148
0 0.9333 0.8727 0.0472 0.0133
0 0.9583 0.857 0.0514 0.0164
0 0.3056 0.7523 0.0222 0.0148
0 0.55 0.5695 0.0097 0.018
