0 0.8042 0.0656 0.0681 0.0359
0 0.8056 0.0148 0.025 0.0102
0 0.8083 0.0031 0.0264 0.0055
0 0.9486 0.0141 0.0472 0.0273
0 0.8833 0.0234 0.0292 0.0109
0 0.8556 0.0266 0.05 0.0164
0 0.8556 0.043 0.0542 0.0203
0 0.6639 0.0789 0.0556 0.0312
0 0.8278 0.0867 0.0278 0.0141
0 0.6097 0.1148 0.0486 0.0297
0 0.6417 0.1531 0.0514 0.0266
0 0.7056 0.1703 0.0375 0.0258
0 0.9347 0.1352 0.0458 0.0219
0 0.9681 0.168 0.0597 0.0438
0 0.8528 0.1945 0.0542 0.0297
0 0.9528 0.2484 0.0431 0.0156
0 0.725 0.2141 0.0625 0.0422
0 0.8097 0.2562 0.0542 0.0414
0 0.8917 0.2688 0.025 0.0117
0 0.6431 0.1867 0.05 0.0312
0 0.6958 0.2406 0.05 0.032
0 0.6028 0.2414 0.0528 0.032
0 0.6278 0.2117 0.0306 0.018
0 0.7236 0.3133 0.0417 0.0195
0 0.0486 0.2695 0.0667 0.0344
0 0.0764 0.3 0.0569 0.0312
0 0.0236 0.2984 0.0458 0.0414
0 0.0056 0.332 0.0125 0.0266
0 0.0236 0.3453 0.0319 0.0125
0 0.5764 0.3055 0.0528 0.032
0 0.5764 0.2609 0.0542 0.0312
0 0.9403 0.3602 0.0792 0.0359
0 0.8861 0.368 0.0222 0.018
0 0.0458 0.4195 0.0486 0.0258
0 0.1014 0.4172 0.0639 0.0273
0 0.1042 0.4953 0.0542 0.0234
0 0.4528 0.432 0.0389 0.0242
0 0.4972 0.4289 0.0472 0.025
0 0.5375 0.4289 0.0375 0.0203
0 0.6264 0.4359 0.0514 0.0305
0 0.6125 0.3383 0.0375 0.0227
0 0.9125 0.425 0.0667 0.0383
0 0.8694 0.4633 0.0583 0.0156
0 0.8611 0.425 0.0139 0.0117
0 0.2514 0.4805 0.0319 0.0141
0 0.3042 0.4703 0.0264 0.018
0 0.4625 0.482 0.0375 0.0195
0 0.5347 0.5102 0.0583 0.0297
0 0.6431 0.4859 0.0528 0.0219
0 0.7042 0.4594 0.0556 0.0266
0 0.0736 0.632 0.05 0.0273
0 0.0389 0.5742 0.0236 0.0109
0 0.8014 0.4992 0.0472 0.032
0 0.7097 0.4891 0.0333 0.0133
0 0.5292 0.607 0.0472 0.0258
0 0.5653 0.5914 0.0514 0.0234
0 0.5875 0.5867 0.0458 0.0289
0 0.6222 0.5898 0.0194 0.0141
0 0.7736 0.6281 0.0542 0.0266
0 0.8875 0.5906 0.0347 0.0281
0 0.3528 0.6758 0.0389 0.0203
0 0.3903 0.6812 0.0486 0.0281
0 0.4403 0.6922 0.0556 0.025
0 0.4667 0.6664 0.0625 0.0242
0 0.5194 0.6414 0.0556 0.0281
0 0.5111 0.7039 0.0542 0.0359
0 0.9694 0.6609 0.0569 0.0531
0 0.8111 0.7508 0.0667 0.0367
0 0.5389 0.7883 0.0417 0.0336
0 0.7028 0.8789 0.0472 0.0352
0 0.9236 0.8469 0.0486 0.0273
0 0.9125 0.6352 0.0486 0.0234
0 0.8028 0.5164 0.0236 0.0148
