0 0.4278 0.1461 0.0597 0.0297
0 0.475 0.3609 0.0514 0.0273
0 0.2375 0.3844 0.0361 0.025
0 0.2208 0.432 0.0458 0.0297
0 0.8389 0.4477 0.0458 0.0258
0 0.9028 0.5242 0.0403 0.0227
0 0.8778 0.4969 0.0403 0.0195
0 0.6208 0.4453 0.025 0.0195
0 0.9111 0.5453 0.0375 0.0172
0 0.1778 0.5523 0.0292 0.0211
0 0.6667 0.443 0.0333 0.0164
0 0.1097 0.5695 0.0417 0.0188
0 0.4278 0.4875 0.0514 0.0289
0 0.4514 0.5289 0.0431 0.0117
0 0.5903 0.2609 0.025 0.0148
0 0.6333 0.3391 0.0278 0.025
0 0.7875 0.4562 0.0472 0.0219
0 0.2222 0.5508 0.0306 0.0148
