0 0.4361 0.0203 0.0389 0.0219
0 0.5569 0.0438 0.0528 0.0352
0 0.2042 0.2492 0.0542 0.0289
0 0.2458 0.2367 0.0528 0.0258
0 0.2681 0.2289 0.0431 0.0273
0 0.2778 0.2617 0.0569 0.0266
0 0.1083 0.2898 0.0472 0.025
0 0.5028 0.1727 0.0319 0.0297
0 0.5764 0.0961 0.0347 0.0281
0 0.5514 0.107 0.0375 0.0328
0 0.6042 0.1438 0.0444 0.0312
0 0.5736 0.1781 0.0472 0.0336
0 0.4792 0.2016 0.0444 0.0258
0 0.5389 0.1844 0.0361 0.0203
0 0.5083 0.2508 0.0528 0.0312
0 0.5542 0.2328 0.05 0.0273
0 0.5986 0.2312 0.0361 0.0273
0 0.4472 0.282 0.0431 0.0242
0 0.4264 0.2617 0.0139 0.0133
0 0.0903 0.3844 0.0417 0.025
0 0.05 0.3922 0.0514 0.0305
0 0.0139 0.3914 0.025 0.0234
0 0.0181 0.4094 0.0306 0.0195
0 0.4986 0.2805 0.0583 0.032
0 0.6431 0.2828 0.0556 0.0289
0 0.2292 0.4375 0.0403 0.0297
0 0.5194 0.3234 0.0292 0.0344
0 0.4472 0.3023 0.0236 0.0125
0 0.4583 0.3672 0.0514 0.0297
0 0.4333 0.3789 0.0306 0.0242
0 0.5514 0.2844 0.05 0.0367
0 0.5431 0.3445 0.0514 0.032
0 0.6 0.3406 0.0583 0.0352
0 0.65 0.3164 0.0528 0.0297
0 0.2236 0.4711 0.0486 0.0211
0 0.0319 0.4875 0.0486 0.0242
0 0.3958 0.4695 0.0528 0.0203
0 0.4792 0.4344 0.0542 0.0344
0 0.3847 0.4992 0.0319 0.0156
0 0.5931 0.4898 0.0444 0.0273
0 0.6403 0.4859 0.0528 0.0328
0 0.7111 0.3625 0.0569 0.0352
0 0.7292 0.4578 0.0403 0.0297
0 0.4472 0.5508 0.0458 0.0234
0 0.4639 0.5914 0.0403 0.0234
0 0.2583 0.6633 0.0236 0.0219
0 0.375 0.6359 0.0403 0.0258
0 0.6458 0.6086 0.0583 0.0367
0 0.6931 0.6305 0.0556 0.0219
0 0.6208 0.5266 0.0292 0.0219
0 0.5639 0.5398 0.0222 0.0211
0 0.5875 0.5539 0.0486 0.0219
0 0.7653 0.4539 0.0361 0.0273
0 0.6708 0.4297 0.0319 0.0195
0 0.6903 0.4109 0.0264 0.0203
0 0.7486 0.5023 0.0444 0.0188
0 0.3028 0.682 0.0403 0.0164
0 0.3139 0.7328 0.0389 0.0219
0 0.5667 0.6344 0.0556 0.0297
0 0.7778 0.6055 0.05 0.0297
0 0.5667 0.5 0.0333 0.0266
0 0.9319 0.5898 0.05 0.0297
0 0.8181 0.6188 0.0514 0.0195
0 0.8778 0.6242 0.05 0.0211
0 0.8875 0.5922 0.0333 0.0148
0 0.9208 0.6219 0.0361 0.0227
0 0.9681 0.6336 0.0472 0.0281
0 0.1764 0.7852 0.0556 0.025
0 0.0194 0.7836 0.0389 0.0297
0 0.0097 0.8312 0.0167 0.0289
0 0.5556 0.8461 0.0472 0.0188
0 0.6028 0.7586 0.0458 0.0188
0 0.725 0.7766 0.0472 0.0312
0 0.7542 0.7633 0.0389 0.0203
0 0.7125 0.7156 0.0403 0.0227
0 0.7681 0.6711 0.0472 0.0336
0 0.6583 0.8914 0.0639 0.0398
0 0.8167 0.882 0.0528 0.0398
0 0.9111 0.8695 0.025 0.0109
0 0.9694 0.8086 0.0486 0.0375
0 0.85 0.7133 0.0389 0.0281
0 0.7875 0.6352 0.0556 0.0289
0 0.8069 0.6477 0.0319 0.0156
0 0.9736 0.7688 0.05 0.0289
0 0.3194 0.8406 0.0458 0.0305
0 0.8486 0.7805 0.0583 0.025
0 0.875 0.8055 0.0444 0.0242
0 0.8083 0.7961 0.0375 0.0234
0 0.8389 0.8156 0.0278 0.0219
0 0.8806 0.7242 0.0431 0.0266
0 0.2528 0.4062 0.0417 0.0227
0 0.2625 0.4977 0.0431 0.018
0 0.8014 0.3016 0.0583 0.0312
0 0.9278 0.2984 0.05 0.0289
0 0.9819 0.3109 0.0333 0.032
0 0.7236 0.325 0.0278 0.0266
0 0.2972 0.4305 0.0264 0.0125
0 0.8472 0.9875 0.0764 0.0234
