0 0.3306 0.1086 0.0403 0.0266
0 0.3514 0.0859 0.0347 0.0203
0 0.4375 0.0883 0.0389 0.0156
0 0.5139 0.243 0.0403 0.0234
0 0.5361 0.2594 0.0417 0.0266
0 0.4319 0.4055 0.0403 0.0297
0 0.4097 0.4156 0.0333 0.0227
0 0.5375 0.425 0.0333 0.0172
0 0.6097 0.4398 0.0472 0.0305
0 0.5681 0.4812 0.0264 0.0164
0 0.5597 0.5289 0.0472 0.0258
0 0.4875 0.4945 0.0403 0.0281
0 0.4583 0.5047 0.0264 0.0227
0 0.3722 0.4914 0.05 0.0289
0 0.3458 0.4961 0.0319 0.0258
0 0.4667 0.6188 0.0486 0.0227
0 0.325 0.6062 0.0486 0.0242
0 0.1444 0.5914 0.0569 0.0273
0 0.1681 0.5609 0.0278 0.025
0 0.1861 0.5195 0.0333 0.0297
0 0.0764 0.4242 0.0333 0.0172
0 0.4861 0.4242 0.0333 0.0188
0 0.5139 0.3078 0.0264 0.0094
0 0.1028 0.4336 0.0347 0.0227
