0 0.0694 0.0992 0.0403 0.0273
0 0.0875 0.0797 0.0319 0.0195
0 0.2819 0.2391 0.0431 0.0242
0 0.3056 0.2562 0.0458 0.0289
0 0.2833 0.3141 0.0472 0.0188
0 0.1861 0.0812 0.0222 0.0164
0 0.1806 0.4133 0.0625 0.0367
0 0.1375 0.4992 0.0444 0.0305
0 0.1111 0.5055 0.0375 0.0289
0 0.2583 0.5031 0.0431 0.025
0 0.2306 0.5172 0.025 0.0203
0 0.3347 0.4555 0.0472 0.0312
0 0.0889 0.6219 0.0528 0.0273
0 0.2556 0.632 0.05 0.0219
0 0.3403 0.5359 0.05 0.0273
0 0.3389 0.4844 0.0361 0.0281
0 0.2486 0.4273 0.0486 0.0172
0 0.3069 0.4266 0.0264 0.0203
0 0.3611 0.4453 0.0194 0.0125
0 0.9486 0.5273 0.0208 0.0109
0 0.9931 0.5055 0.0097 0.0148
0 0.9917 0.4703 0.0125 0.0094
