0 0.8958 0.0828 0.0472 0.0258
0 0.9347 0.0664 0.0389 0.0273
0 0.9556 0.0422 0.0458 0.0289
0 0.9778 0.0781 0.0236 0.0195
0 0.9111 0.1578 0.0319 0.0188
0 0.9403 0.1484 0.0306 0.0172
0 0.9306 0.1906 0.0264 0.0164
0 0.9639 0.2227 0.0458 0.0227
0 0.9208 0.1844 0.0278 0.0156
0 0.8917 0.1766 0.0264 0.0148
0 0.8167 0.2367 0.0389 0.0227
0 0.9 0.2609 0.0403 0.0211
0 0.9431 0.2992 0.0375 0.0195
0 0.8028 0.2828 0.0319 0.0195
0 0.7486 0.3055 0.0361 0.0219
0 0.7194 0.2891 0.0194 0.0109
0 0.5444 0.2781 0.0292 0.018
0 0.4625 0.307 0.0361 0.0164
0 0.5403 0.3148 0.0264 0.0109
0 0.6653 0.3383 0.0333 0.0188
0 0.0125 0.2336 0.0236 0.0242
0 0.0347 0.2484 0.0319 0.0148
0 0.025 0.2844 0.0222 0.0188
0 0.0458 0.3055 0.0375 0.0227
0 0.0847 0.3156 0.0278 0.0164
0 0.0361 0.3375 0.0278 0.018
0 0.0111 0.3352 0.0208 0.0156
0 0.0806 0.3477 0.0361 0.0172
0 0.325 0.3328 0.0319 0.0172
0 0.3431 0.3391 0.0236 0.0156
0 0.1 0.3789 0.0375 0.0188
0 0.2 0.3734 0.0444 0.0242
0 0.2361 0.3703 0.0361 0.0195
0 0.1875 0.4086 0.0375 0.0227
0 0.0819 0.4477 0.0361 0.0188
0 0.1806 0.425 0.0375 0.0195
0 0.2167 0.4328 0.0361 0.0164
0 0.5389 0.4219 0.0375 0.0227
0 0.5875 0.3672 0.0333 0.0203
0 0.6403 0.3961 0.0333 0.0164
0 0.6958 0.3859 0.0361 0.0203
0 0.7042 0.3992 0.0194 0.0133
0 0.1361 0.4695 0.025 0.0086
0 0.0833 0.4906 0.0347 0.0219
0 0.1181 0.493 0.0361 0.0148
0 0.1222 0.5109 0.0319 0.0133
0 0.1625 0.525 0.0347 0.0172
0 0.1181 0.5703 0.0361 0.0172
0 0.1444 0.5852 0.0389 0.0195
0 0.1944 0.5906 0.0389 0.0219
0 0.2736 0.5641 0.0472 0.0219
0 0.5458 0.6859 0.0903 0.0523
0 0.5014 0.6617 0.0417 0.043
0 0.4944 0.6875 0.025 0.0211
0 0.45 0.7016 0.0403 0.0266
0 0.5917 0.7477 0.0542 0.0266
0 0.6583 0.7375 0.0556 0.0273
0 0.7569 0.6953 0.0403 0.0133
0 0.9722 0.8016 0.0514 0.0375
0 0.6819 0.6508 0.0431 0.0133
0 0.7083 0.6312 0.0625 0.0297
0 0.6583 0.5891 0.0264 0.0188
0 0.7625 0.6109 0.0583 0.0391
0 0.8403 0.6438 0.0833 0.0359
0 0.8958 0.6023 0.0708 0.0602
0 0.9208 0.6422 0.0389 0.0242
0 0.7736 0.6516 0.0556 0.0266
0 0.4236 0.5234 0.0389 0.0195
0 0.4194 0.5641 0.0639 0.0305
0 0.5167 0.5344 0.0514 0.0328
0 0.6611 0.5422 0.0514 0.0289
0 0.9111 0.5414 0.0736 0.0328
0 0.9083 0.5047 0.0153 0.0125
0 0.5681 0.4336 0.0264 0.0164
0 0.6208 0.4148 0.0222 0.0164
0 0.8903 0.432 0.0417 0.0258
0 0.9222 0.4453 0.0361 0.0305
0 0.9833 0.4383 0.0306 0.0172
0 0.8792 0.3773 0.0472 0.0219
0 0.9208 0.3758 0.0333 0.0219
0 0.9889 0.3742 0.0194 0.0234
