0 0.0375 0.4648 0.0264 0.018
0 0.0083 0.5039 0.0139 0.0156
0 0.2292 0.3352 0.0292 0.0172
0 0.1875 0.3516 0.0278 0.0133
0 0.2208 0.3578 0.0278 0.0148
0 0.1069 0.3812 0.0208 0.0109
0 0.1236 0.3359 0.0181 0.0102
0 0.1528 0.3141 0.025 0.0125
0 0.1708 0.3344 0.0222 0.0133
0 0.0292 0.2266 0.0319 0.0203
0 0.1208 0.2391 0.0236 0.0141
0 0.1 0.2742 0.0236 0.0094
0 0.2069 0.3008 0.0153 0.0102
0 0.4319 0.418 0.0153 0.0094
0 0.4528 0.3844 0.0167 0.0094
0 0.0153 0.5094 0.0278 0.0188
0 0.0153 0.4453 0.0111 0.018
0 0.2542 0.4102 0.025 0.0133
0 0.2972 0.457 0.0222 0.0188
0 0.3125 0.357 0.025 0.0094
