0 0.0444 0.6211 0.05 0.0305
0 0.1597 0.4414 0.0431 0.0219
0 0.4556 0.0562 0.0444 0.0227
0 0.4208 0.0852 0.0417 0.0219
0 0.4111 0.1234 0.0417 0.0258
0 0.4097 0.1508 0.05 0.0242
0 0.4208 0.1758 0.0319 0.0195
0 0.3458 0.2109 0.0333 0.0211
0 0.5542 0.1508 0.0569 0.0281
0 0.5069 0.1406 0.0375 0.0297
0 0.4556 0.1195 0.0417 0.0172
0 0.4972 0.1141 0.0417 0.0242
0 0.3931 0.2016 0.0333 0.0188
0 0.6222 0.1492 0.0444 0.0258
0 0.6625 0.1586 0.0417 0.0258
0 0.7569 0.2016 0.0444 0.0258
0 0.7639 0.1719 0.0431 0.0203
0 0.8097 0.1984 0.0542 0.0234
0 0.8236 0.2258 0.0528 0.0266
0 0.7917 0.2188 0.0361 0.0195
0 0.8708 0.225 0.0375 0.0203
0 0.7431 0.1508 0.0403 0.0273
0 0.6153 0.1148 0.0472 0.0227
0 0.4847 0.3359 0.0472 0.0195
0 0.5167 0.3766 0.0431 0.0242
0 0.6528 0.3438 0.0278 0.0203
0 0.5597 0.3297 0.0403 0.0148
0 0.625 0.4391 0.0347 0.0234
0 0.6736 0.4367 0.0347 0.025
0 0.9361 0.5656 0.0625 0.0352
0 0.3792 0.6047 0.0431 0.0297
0 0.3472 0.5641 0.0486 0.0266
0 0.3625 0.5133 0.0472 0.0234
0 0.3528 0.5391 0.0278 0.0203
0 0.1736 0.407 0.0319 0.0164
0 0.1333 0.393 0.0208 0.0102
0 0.35 0.4117 0.0278 0.0164
0 0.4944 0.4008 0.0389 0.0172
0 0.5236 0.4281 0.0347 0.0273
0 0.5181 0.4734 0.0403 0.0102
0 0.6736 0.3539 0.0292 0.0211
0 0.6653 0.3672 0.0375 0.0078
0 0.7389 0.4461 0.0236 0.0227
0 0.6667 0.3102 0.0375 0.0188
0 0.5736 0.1812 0.025 0.0203
0 0.5458 0.2297 0.0236 0.0211
0 0.3847 0.0828 0.0292 0.0242
0 0.5319 0.1719 0.0319 0.0266
0 0.4222 0.2461 0.0431 0.0242
0 0.4361 0.2633 0.0431 0.0148
0 0.6181 0.2172 0.0361 0.018
0 0.8208 0.1781 0.0319 0.0219
0 0.6847 0.1516 0.0361 0.0211
0 0.6417 0.357 0.0333 0.018
0 0.625 0.3398 0.0319 0.018
0 0.7153 0.3094 0.0292 0.0234
0 0.4056 0.4102 0.0306 0.0141
0 0.5 0.3828 0.0361 0.0203
0 0.0444 0.3398 0.0264 0.0148
0 0.0292 0.6031 0.0347 0.0211
0 0.0611 0.6016 0.0389 0.0164
0 0.1181 0.5781 0.0292 0.0227
0 0.0667 0.582 0.0347 0.0195
0 0.2486 0.5789 0.0403 0.0172
0 0.5569 0.7086 0.0403 0.032
0 0.5639 0.6609 0.0389 0.0242
0 0.6264 0.6672 0.0514 0.0297
0 0.5444 0.4945 0.0431 0.0148
0 0.6542 0.4531 0.0319 0.0156
0 0.6986 0.3547 0.0194 0.0109
0 0.8639 0.4664 0.0236 0.0141
0 0.8583 0.4836 0.0236 0.0211
0 0.9 0.4758 0.0139 0.0195
0 0.9375 0.4469 0.0278 0.0148
0 0.9653 0.4508 0.0333 0.0117
0 0.9764 0.432 0.0264 0.0172
