0 0.4208 0.4945 0.0403 0.0188
0 0.8319 0.5773 0.0486 0.0297
0 0.8889 0.5797 0.0458 0.0305
0 0.4681 0.4562 0.0375 0.0172
0 0.4306 0.4227 0.0486 0.0227
0 0.3694 0.4719 0.0458 0.0219
0 0.1403 0.4352 0.0403 0.0195
0 0.25 0.443 0.0375 0.0203
0 0.8319 0.3594 0.0319 0.0234
0 0.9 0.3992 0.0361 0.0234
0 0.9444 0.3031 0.0444 0.0305
0 0.9764 0.5141 0.0417 0.0188
0 0.9153 0.4617 0.0361 0.0188
0 0.9125 0.5422 0.0403 0.0227
0 0.5958 0.4586 0.0431 0.025
0 0.8639 0.4398 0.025 0.0156
0 0.5708 0.3039 0.0375 0.0172
0 0.5333 0.2984 0.0347 0.0203
0 0.4375 0.1945 0.0389 0.0195
0 0.6917 0.2109 0.0403 0.0188
0 0.6681 0.1062 0.0403 0.0219
0 0.6347 0.1539 0.0389 0.0266
0 0.6028 0.1664 0.0361 0.0242
0 0.6542 0.2055 0.0208 0.0219
0 0.6181 0.243 0.0361 0.0211
0 0.7625 0.1828 0.0319 0.0219
0 0.9375 0.1617 0.0403 0.0227
0 0.875 0.1766 0.0403 0.0211
0 0.8611 0.1984 0.0472 0.0219
0 0.7806 0.218 0.0333 0.0195
0 0.8083 0.107 0.0403 0.0258
0 0.7681 0.1141 0.0306 0.0211
0 0.6917 0.143 0.0403 0.0195
0 0.7194 0.1859 0.0403 0.0273
0 0.8236 0.257 0.0264 0.0156
0 0.8222 0.1586 0.0361 0.025
0 0.6708 0.1672 0.0319 0.0227
0 0.1556 0.3039 0.0306 0.0141
0 0.7944 0.2445 0.0333 0.0148
0 0.4014 0.4758 0.0333 0.0211
0 0.3278 0.432 0.0194 0.007
0 0.1514 0.4633 0.0375 0.0164
0 0.0306 0.3805 0.025 0.0102
0 0.4486 0.4742 0.0264 0.0148
0 0.6667 0.4867 0.0347 0.0219
0 0.8431 0.4664 0.0236 0.0125
0 0.7347 0.3906 0.025 0.0156
0 0.6458 0.5141 0.0361 0.0195
0 0.6736 0.5312 0.0319 0.0172
0 0.9361 0.3578 0.0292 0.018
0 0.9778 0.3297 0.0264 0.0125
0 0.8528 0.35 0.0319 0.0234
0 0.5472 0.3102 0.0236 0.0102
0 0.4611 0.3008 0.0375 0.0219
0 0.4861 0.2938 0.025 0.0125
0 0.4125 0.1938 0.0361 0.0172
0 0.1097 0.2945 0.025 0.0102
0 0.6569 0.3109 0.0278 0.0164
0 0.6597 0.3375 0.0347 0.0195
0 0.7944 0.2664 0.0264 0.0172
0 0.7333 0.2633 0.0278 0.0109
0 0.7153 0.1688 0.0361 0.0172
0 0.6639 0.1922 0.025 0.0125
0 0.6319 0.2008 0.0222 0.0148
0 0.7958 0.0891 0.0347 0.0219
0 0.8125 0.2039 0.0431 0.0219
0 0.975 0.1406 0.0306 0.0172
0 0.9931 0.1406 0.0097 0.0156
0 0.9292 0.1227 0.0319 0.0141
