0 0.4431 0.2969 0.0389 0.018
0 0.4861 0.3 0.0347 0.0195
0 0.6667 0.2656 0.0361 0.018
0 0.6917 0.2438 0.0389 0.0227
0 0.4708 0.4164 0.0347 0.0172
0 0.1569 0.4273 0.0278 0.0195
0 0.5667 0.4062 0.0347 0.0219
0 0.6361 0.4188 0.0278 0.0172
0 0.6111 0.4 0.0375 0.0156
0 0.5819 0.5203 0.05 0.0172
0 0.3306 0.4148 0.0278 0.0195
0 0.775 0.2594 0.0417 0.0242
0 0.5986 0.3031 0.0375 0.0172
0 0.5389 0.3836 0.0347 0.0086
0 0.6694 0.4094 0.0319 0.0109
0 0.375 0.6914 0.0528 0.0359
0 0.4264 0.6906 0.05 0.025
0 0.4694 0.6922 0.0458 0.0344
0 0.4306 0.7086 0.0583 0.0211
0 0.45 0.4703 0.0514 0.0227
0 0.5708 0.3195 0.0514 0.0172
0 0.1986 0.4281 0.0236 0.0156
0 0.075 0.5477 0.0306 0.0211
0 0.6403 0.6539 0.0319 0.0266
0 0.9028 0.6297 0.0375 0.0203
0 0.9069 0.6094 0.0319 0.0195
0 0.8583 0.6234 0.0514 0.0266
0 0.7153 0.6438 0.0528 0.0336
0 0.7472 0.6305 0.0361 0.0219
0 0.6806 0.5805 0.0194 0.0117
0 0.8694 0.5188 0.0167 0.0125
0 0.8472 0.5367 0.0292 0.0188
0 0.9903 0.6641 0.0153 0.0086
0 0.7569 0.7492 0.0625 0.0273
0 0.7583 0.7219 0.0583 0.0242
0 0.7583 0.6953 0.0458 0.018
0 0.5861 0.4164 0.0292 0.0203
0 0.7681 0.3 0.0208 0.0141
0 0.4639 0.4875 0.0417 0.0188
0 0.6722 0.4867 0.0264 0.0172
0 0.5222 0.6453 0.0472 0.0266
