0 0.5125 0.3047 0.0514 0.0273
0 0.6514 0.2703 0.0472 0.0344
0 0.6528 0.2391 0.0458 0.0195
0 0.7014 0.2398 0.0583 0.0273
0 0.7125 0.2703 0.0389 0.0266
0 0.7236 0.2547 0.0208 0.0133
0 0.5347 0.3367 0.0514 0.0352
0 0.6931 0.3383 0.0486 0.0258
0 0.5486 0.3727 0.0361 0.0312
0 0.4556 0.3633 0.0569 0.0242
0 0.5042 0.3977 0.0583 0.0273
0 0.6069 0.4172 0.0542 0.0242
0 0.7361 0.4391 0.0514 0.0297
0 0.775 0.4469 0.0542 0.0281
0 0.5972 0.5508 0.0528 0.025
0 0.6403 0.5539 0.0444 0.025
0 0.4 0.5609 0.0611 0.0281
0 0.3722 0.5773 0.0375 0.0219
0 0.4292 0.6031 0.0347 0.0266
0 0.475 0.6094 0.0153 0.0219
0 0.4125 0.6344 0.0472 0.0227
0 0.4556 0.643 0.0486 0.0219
0 0.2944 0.6391 0.0556 0.018
0 0.3472 0.6055 0.0389 0.0148
0 0.5861 0.6109 0.0417 0.0219
0 0.6069 0.6273 0.0611 0.0336
0 0.6208 0.6477 0.0417 0.0188
0 0.6972 0.6375 0.0431 0.0266
0 0.7472 0.6477 0.05 0.0297
0 0.7097 0.6594 0.0389 0.0188
0 0.6778 0.6891 0.0403 0.0227
0 0.7347 0.6922 0.0194 0.0164
0 0.5361 0.6969 0.0542 0.0297
0 0.6486 0.7133 0.0347 0.0102
0 0.4903 0.7352 0.0486 0.0281
0 0.4722 0.7547 0.025 0.0219
0 0.4958 0.7531 0.0306 0.0188
0 0.4 0.8219 0.0542 0.0273
0 0.1333 0.9352 0.0375 0.0273
0 0.6125 0.7836 0.0694 0.0289
0 0.6694 0.7734 0.0569 0.0336
0 0.6667 0.8 0.0431 0.0219
0 0.7458 0.9141 0.0569 0.0359
0 0.1528 0.7992 0.0319 0.0203
0 0.7931 0.9773 0.0625 0.0375
0 0.0431 0.8289 0.0375 0.0266
0 0.1278 0.8328 0.0167 0.0141
0 0.0472 0.882 0.0347 0.0281
0 0.0542 0.9055 0.0458 0.0203
0 0.1319 0.982 0.0389 0.0227
0 0.0139 0.7648 0.0292 0.025
0 0.0153 0.7117 0.0278 0.025
0 0.5014 0.6391 0.0153 0.0148
