0 0.3486 0.1453 0.0319 0.0258
0 0.3167 0.1414 0.0319 0.0141
0 0.2833 0.1812 0.0264 0.0172
0 0.2028 0.257 0.0472 0.0273
0 0.3375 0.2375 0.0333 0.0203
0 0.9347 0.1227 0.0556 0.0312
0 0.9236 0.1023 0.0417 0.0266
0 0.8306 0.2258 0.0403 0.0281
0 0.8806 0.2523 0.0375 0.0258
0 0.8278 0.2609 0.0375 0.0258
0 0.2667 0.2711 0.0375 0.0172
0 0.3181 0.307 0.0264 0.0172
0 0.5069 0.3273 0.0417 0.0195
0 0.5333 0.3344 0.0292 0.0172
0 0.925 0.3844 0.0514 0.0297
0 0.8958 0.3906 0.0361 0.0266
0 0.9389 0.3031 0.0333 0.0219
0 0.9486 0.2414 0.0139 0.0164
0 0.4319 0.3383 0.0278 0.0234
0 0.4431 0.3867 0.0375 0.0148
0 0.3181 0.3859 0.0458 0.0148
0 0.7972 0.3375 0.0361 0.018
0 0.95 0.4117 0.0292 0.0148
0 0.7014 0.4469 0.0431 0.0195
0 0.8181 0.5039 0.0486 0.0195
0 0.3583 0.4945 0.0444 0.0289
0 0.2958 0.5711 0.0236 0.0164
0 0.1056 0.4258 0.0347 0.0172
0 0.0319 0.4008 0.0347 0.0203
0 0.5097 0.4508 0.0514 0.0227
0 0.575 0.4406 0.0431 0.0234
0 0.8056 0.6539 0.0403 0.025
0 0.0708 0.6438 0.0514 0.025
0 0.3167 0.1805 0.0361 0.0195
0 0.3903 0.2023 0.0417 0.0219
0 0.8764 0.2305 0.0361 0.0164
0 0.9889 0.2766 0.0181 0.0109
0 0.7792 0.3961 0.0292 0.0203
0 0.2014 0.4984 0.0264 0.0203
0 0.7806 0.5523 0.0444 0.0195
