0 0.0222 0.1539 0.0222 0.0188
0 0.0056 0.1719 0.0111 0.0141
0 0.0222 0.1797 0.0222 0.0164
0 0.0389 0.1586 0.025 0.0211
0 0.0681 0.1602 0.0292 0.0164
0 0.0708 0.1758 0.0236 0.0133
0 0.0903 0.182 0.0264 0.0133
0 0.1028 0.1984 0.0347 0.0172
0 0.0736 0.2195 0.0306 0.0172
0 0.2194 0.0922 0.025 0.018
0 0.2194 0.1055 0.0264 0.0133
0 0.2694 0.1109 0.0292 0.0164
0 0.2458 0.1562 0.0306 0.0141
0 0.3556 0.1383 0.0292 0.0219
0 0.3708 0.1539 0.0278 0.018
0 0.2944 0.1688 0.0222 0.0148
0 0.1431 0.1797 0.0222 0.0148
0 0.15 0.2289 0.0431 0.025
0 0.1917 0.2203 0.0431 0.0273
0 0.2639 0.2289 0.0264 0.0211
0 0.1889 0.2461 0.0389 0.0219
0 0.3514 0.1203 0.0278 0.0164
0 0.1306 0.2477 0.0167 0.0273
0 0.0972 0.2766 0.0403 0.025
0 0.1417 0.2812 0.0389 0.0281
0 0.1986 0.2828 0.0444 0.0227
0 0.2389 0.2914 0.0347 0.0234
0 0.0069 0.2938 0.0139 0.0242
0 0.0125 0.3109 0.025 0.0156
0 0.0333 0.3148 0.0319 0.0172
0 0.0722 0.2992 0.0333 0.018
0 0.1194 0.3281 0.0333 0.0164
0 0.1875 0.3062 0.0375 0.0211
0 0.2028 0.3234 0.0444 0.0188
0 0.2486 0.3297 0.0292 0.018
0 0.2819 0.3484 0.0375 0.0195
0 0.0667 0.4219 0.05 0.0227
0 0.1083 0.4508 0.0556 0.0266
0 0.0681 0.5172 0.0431 0.0211
0 0.175 0.5344 0.0486 0.0258
0 0.2556 0.5305 0.0444 0.0219
0 0.3042 0.5586 0.0444 0.0195
0 0.2028 0.6156 0.0319 0.0148
0 0.2611 0.4578 0.0306 0.0211
0 0.3847 0.4789 0.0292 0.0102
0 0.3375 0.5891 0.0417 0.0188
0 0.325 0.6109 0.0153 0.0188
0 0.2264 0.6359 0.0153 0.0141
0 0.3222 0.6586 0.0167 0.0141
0 0.3806 0.7328 0.0236 0.0203
0 0.4375 0.718 0.0264 0.018
0 0.4764 0.6344 0.0403 0.0195
0 0.3931 0.7469 0.0347 0.0148
0 0.4167 0.5281 0.0403 0.0219
0 0.3861 0.5477 0.0389 0.0172
0 0.4097 0.5609 0.0417 0.0234
0 0.5972 0.5953 0.0264 0.0164
0 0.6389 0.6125 0.0097 0.0172
0 0.6847 0.6203 0.0306 0.0195
0 0.7528 0.6406 0.0444 0.0117
0 0.4833 0.1875 0.0264 0.0203
0 0.3514 0.2453 0.0486 0.0305
0 0.4639 0.3109 0.0458 0.0281
0 0.5319 0.3 0.0403 0.025
0 0.5708 0.2719 0.0389 0.0164
0 0.5347 0.275 0.0361 0.0195
0 0.4375 0.3492 0.0458 0.0242
0 0.4417 0.3688 0.0347 0.0156
0 0.5319 0.3727 0.0403 0.0242
0 0.5569 0.3727 0.0153 0.018
0 0.6111 0.3875 0.0278 0.0227
0 0.6417 0.2125 0.0264 0.0172
0 0.7208 0.2211 0.0264 0.0148
0 0.875 0.2719 0.0319 0.0219
0 0.8389 0.2883 0.0417 0.0211
0 0.8014 0.2992 0.0278 0.0164
0 0.9014 0.3055 0.0319 0.0188
0 0.7625 0.5078 0.0444 0.0227
0 0.7764 0.5273 0.0403 0.0188
0 0.6861 0.5375 0.0347 0.0219
0 0.8347 0.5617 0.0306 0.0133
0 0.7903 0.5695 0.0319 0.0172
0 0.7653 0.5852 0.0333 0.0148
0 0.2667 0.318 0.0319 0.0211
0 0.2403 0.1859 0.0278 0.0172
0 0.1667 0.1844 0.0236 0.018
0 0.0694 0.3117 0.0361 0.0148
0 0.2806 0.3742 0.0319 0.0133
0 0.6556 0.3422 0.0306 0.0148
0 0.8722 0.3 0.0292 0.0164
0 0.8833 0.532 0.025 0.0078
0 0.9417 0.6219 0.0389 0.0203
0 0.1847 0.4898 0.0208 0.0125
0 0.1306 0.518 0.0306 0.0156
0 0.0181 0.55 0.0361 0.0211
0 0.525 0.6633 0.0375 0.0109
0 0.5583 0.6711 0.0167 0.0117
0 0.9097 0.6773 0.0319 0.0188
0 0.8917 0.6797 0.0153 0.0094
