0 0.225 0.1141 0.0486 0.0297
0 0.2083 0.0938 0.0375 0.0219
0 0.1778 0.0812 0.0458 0.0328
0 0.2014 0.068 0.0486 0.0297
0 0.1347 0.0633 0.0417 0.0188
0 0.1125 0.0453 0.0333 0.0227
0 0.0486 0.0492 0.0486 0.0281
0 0.0153 0.0477 0.0222 0.0164
0 0.0556 0.0844 0.0444 0.0297
0 0.0264 0.0812 0.025 0.0258
0 0.0208 0.0922 0.0389 0.0203
0 0.1472 0.1172 0.0417 0.0273
0 0.1958 0.1875 0.05 0.0336
0 0.0875 0.1797 0.0361 0.018
0 0.0486 0.15 0.0403 0.0188
0 0.0264 0.1844 0.0292 0.018
0 0.2097 0.2414 0.0514 0.0297
0 0.6667 0.1305 0.0458 0.0258
0 0.5806 0.1461 0.0417 0.0234
0 0.675 0.1688 0.0486 0.025
0 0.6097 0.1734 0.0347 0.0227
0 0.7333 0.1883 0.0375 0.0211
0 0.6917 0.2148 0.0389 0.0227
0 0.7625 0.225 0.0431 0.0219
0 0.7611 0.1984 0.0319 0.0195
0 0.7819 0.1891 0.0403 0.0211
0 0.7917 0.1727 0.0417 0.0266
0 0.8222 0.1797 0.0375 0.0211
0 0.8056 0.2062 0.0403 0.0227
0 0.8556 0.193 0.0444 0.0242
0 0.8347 0.2078 0.0278 0.0141
0 0.8764 0.1711 0.0472 0.0227
0 0.9194 0.1688 0.0306 0.0156
0 0.9167 0.1461 0.0444 0.0227
0 0.9542 0.1547 0.05 0.0195
0 0.9847 0.1805 0.0236 0.0156
0 0.95 0.2359 0.0347 0.0188
0 0.9903 0.2344 0.0139 0.0219
0 0.9444 0.2664 0.0486 0.0289
0 0.9764 0.2617 0.0292 0.0258
0 0.6097 0.2352 0.0333 0.0188
0 0.5653 0.2242 0.0417 0.0234
0 0.4833 0.1695 0.0208 0.0227
0 0.9389 0.3352 0.0347 0.0164
0 0.4597 0.2125 0.0389 0.0219
0 0.4847 0.225 0.0375 0.0227
0 0.0569 0.207 0.0208 0.0133
0 0.3194 0.2375 0.0389 0.0203
0 0.3472 0.2062 0.0361 0.0148
0 0.3597 0.1969 0.0167 0.0133
0 0.425 0.2086 0.0347 0.0227
0 0.3806 0.2109 0.0361 0.0133
0 0.4 0.243 0.0306 0.0172
0 0.4542 0.2367 0.0389 0.0242
0 0.5125 0.293 0.0403 0.0219
0 0.3986 0.2594 0.0389 0.0211
0 0.1542 0.2898 0.0528 0.0273
0 0.0375 0.3266 0.0569 0.032
0 0.0194 0.3547 0.0361 0.0305
0 0.1333 0.3836 0.0417 0.0266
0 0.1681 0.3688 0.0444 0.025
0 0.3194 0.3062 0.0542 0.0312
0 0.3542 0.3188 0.0431 0.0234
0 0.4792 0.3609 0.0361 0.018
0 0.3889 0.3453 0.0361 0.0258
0 0.525 0.343 0.0306 0.0117
0 0.5653 0.35 0.0236 0.0141
0 0.1264 0.4602 0.0417 0.0188
0 0.5111 0.4062 0.0264 0.0156
0 0.4139 0.368 0.0292 0.0133
0 0.5736 0.3594 0.0208 0.0141
0 0.6319 0.3828 0.0222 0.0141
0 0.6431 0.4125 0.0292 0.0164
0 0.6736 0.4102 0.0306 0.0203
0 0.7083 0.4312 0.0306 0.0141
0 0.6931 0.4727 0.0472 0.0266
0 0.6292 0.4508 0.0278 0.0148
0 0.7736 0.3836 0.0222 0.0109
0 0.8222 0.3742 0.0347 0.0148
0 0.9264 0.3969 0.0361 0.0117
0 0.8625 0.4039 0.0236 0.0156
0 0.7583 0.4789 0.0431 0.0258
0 0.7903 0.4781 0.0181 0.0133
0 0.7861 0.4945 0.0306 0.0141
0 0.8722 0.4727 0.0306 0.0188
0 0.9111 0.45 0.0667 0.0312
0 0.9208 0.4789 0.0583 0.0266
0 0.9611 0.4898 0.0625 0.0273
0 0.9319 0.5125 0.0403 0.018
0 0.8528 0.5266 0.0444 0.0273
0 0.7903 0.5555 0.0625 0.032
0 0.8333 0.568 0.025 0.0219
0 0.6264 0.5102 0.0278 0.0172
0 0.6458 0.5383 0.0444 0.0258
0 0.1042 0.3039 0.025 0.0148
0 0.1889 0.3211 0.0361 0.0164
0 0.7153 0.5961 0.0528 0.0273
0 0.8111 0.6391 0.0556 0.0258
0 0.7028 0.6258 0.0625 0.032
0 0.75 0.6828 0.0569 0.0312
0 0.4736 0.6633 0.0264 0.0188
0 0.5361 0.625 0.0333 0.0195
0 0.5306 0.6047 0.0306 0.0195
0 0.5708 0.5648 0.0556 0.0305
0 0.4111 0.5938 0.0347 0.0195
0 0.425 0.5758 0.0361 0.0203
0 0.4875 0.5883 0.0375 0.0133
0 0.4806 0.5688 0.0514 0.0273
0 0.4069 0.5508 0.05 0.0266
0 0.4306 0.507 0.0514 0.0289
0 0.2764 0.5883 0.0306 0.0164
0 0.3181 0.6164 0.0403 0.0172
0 0.4097 0.4961 0.0236 0.0172
0 0.0264 0.1117 0.0194 0.0148
0 0.075 0.0164 0.0278 0.0172
0 0.8903 0.2797 0.0319 0.0227
0 0.0181 0.5133 0.0361 0.0297
0 0.2625 0.3461 0.0389 0.0172
0 0.1194 0.1531 0.0319 0.0195
0 0.0222 0.375 0.0431 0.0203
0 0.0431 0.2922 0.0389 0.0227
