0 0.1569 0.1633 0.0347 0.0188
0 0.2125 0.1914 0.0528 0.0305
0 0.2528 0.1758 0.05 0.0305
0 0.2167 0.2211 0.0486 0.0297
0 0.1792 0.2438 0.0097 0.0195
0 0.1806 0.3133 0.0194 0.025
0 0.1778 0.3344 0.0306 0.0234
0 0.2806 0.2359 0.0542 0.0273
0 0.3069 0.2516 0.0667 0.0359
0 0.9833 0.382 0.0306 0.0227
0 0.3292 0.3008 0.0458 0.0258
0 0.375 0.2992 0.0514 0.0266
0 0.3569 0.3336 0.0542 0.0258
0 0.4361 0.3805 0.0708 0.0273
0 0.2819 0.3898 0.0431 0.0273
0 0.3 0.3492 0.0417 0.0234
0 0.3194 0.3711 0.0472 0.0211
0 0.275 0.4109 0.0347 0.018
0 0.3528 0.3844 0.0569 0.0242
0 0.3889 0.4273 0.0528 0.0281
0 0.4569 0.4422 0.0472 0.0211
0 0.9125 0.468 0.0472 0.0219
0 0.9472 0.4758 0.0306 0.0133
0 0.9889 0.4297 0.0194 0.0188
0 0.0139 0.5102 0.025 0.018
0 0.3778 0.457 0.0375 0.0164
0 0.4556 0.4758 0.0903 0.0375
0 0.85 0.5406 0.0458 0.0312
0 0.8278 0.4977 0.0292 0.0164
0 0.9236 0.5094 0.0319 0.0148
0 0.7417 0.6383 0.0472 0.0203
0 0.8972 0.6578 0.0556 0.0289
0 0.9611 0.6398 0.0431 0.0258
0 0.8181 0.5969 0.025 0.0211
0 0.3486 0.5102 0.0583 0.0297
0 0.3514 0.5359 0.0319 0.0219
0 0.4042 0.5594 0.0528 0.0234
0 0.2319 0.5539 0.0514 0.0305
0 0.2917 0.5477 0.0472 0.0258
0 0.0181 0.5383 0.0347 0.0281
0 0.0986 0.5617 0.0444 0.0305
0 0.3042 0.5922 0.0444 0.0438
0 0.4125 0.6133 0.0375 0.0242
0 0.5208 0.7156 0.0514 0.0312
0 0.5542 0.7125 0.0375 0.0281
0 0.1778 0.7078 0.0528 0.0273
0 0.0389 0.5906 0.0542 0.0258
0 0.1319 0.5539 0.0583 0.043
0 0.1028 0.6195 0.0431 0.0242
0 0.1347 0.6156 0.0167 0.0141
0 0.0736 0.5281 0.0306 0.0156
0 0.1903 0.6656 0.0417 0.0297
0 0.3125 0.6641 0.05 0.0312
0 0.3625 0.657 0.0389 0.0258
0 0.1653 0.7711 0.0542 0.0273
0 0.2611 0.7695 0.0333 0.0297
0 0.2806 0.7953 0.0514 0.0242
0 0.0722 0.857 0.0347 0.0203
0 0.1889 0.8312 0.0583 0.0289
0 0.2028 0.9805 0.0361 0.0375
0 0.3042 0.482 0.0236 0.0102
