0 0.7306 0.1695 0.0292 0.0211
0 0.5986 0.2484 0.0375 0.025
0 0.6736 0.2328 0.0486 0.0172
0 0.7347 0.1453 0.0417 0.0281
0 0.7097 0.1289 0.0375 0.0281
0 0.7944 0.2734 0.0431 0.0281
0 0.7667 0.1531 0.0333 0.0219
0 0.7681 0.107 0.0361 0.0258
0 0.1222 0.2047 0.0236 0.0195
0 0.1458 0.2117 0.0319 0.0188
0 0.2333 0.2023 0.0306 0.0141
0 0.2042 0.2031 0.0333 0.0102
0 0.1681 0.2211 0.0306 0.0117
0 0.5708 0.2562 0.0486 0.0258
0 0.1917 0.357 0.0458 0.0234
0 0.1264 0.3492 0.0486 0.0273
0 0.1569 0.418 0.0514 0.0281
0 0.7347 0.4016 0.0403 0.0297
0 0.2236 0.4562 0.0403 0.0211
0 0.0583 0.4797 0.0431 0.0258
0 0.2889 0.4141 0.0319 0.0211
0 0.1042 0.507 0.0375 0.0188
0 0.7597 0.4492 0.0528 0.0297
0 0.2431 0.4422 0.0236 0.0148
0 0.2153 0.5188 0.0431 0.0219
0 0.3458 0.4375 0.0333 0.0156
0 0.6083 0.3922 0.0389 0.0195
0 0.1111 0.4812 0.0333 0.0133
0 0.1569 0.4773 0.0444 0.0156
0 0.5153 0.5883 0.0208 0.0172
0 0.7361 0.6133 0.0278 0.0141
0 0.5444 0.6695 0.0403 0.0156
0 0.8792 0.4352 0.025 0.0148
0 0.2458 0.5016 0.0278 0.0141
0 0.1653 0.5062 0.0181 0.0109
