0 0.5333 0.0219 0.0431 0.0297
0 0.0139 0.0727 0.0278 0.0242
0 0.0319 0.1609 0.0306 0.0156
0 0.0792 0.2633 0.0361 0.0219
0 0.0319 0.2664 0.0319 0.0156
0 0.1042 0.293 0.0361 0.0188
0 0.0403 0.2898 0.0292 0.0156
0 0.0153 0.3359 0.0264 0.018
0 0.5764 0.3039 0.0417 0.0266
0 0.525 0.4094 0.0306 0.0141
0 0.1125 0.3961 0.0236 0.018
0 0.1569 0.4508 0.0361 0.0164
0 0.1806 0.4695 0.0347 0.0156
0 0.1319 0.5102 0.025 0.0117
0 0.5306 0.4992 0.0403 0.0297
0 0.3208 0.4547 0.0278 0.0109
0 0.4611 0.6258 0.0278 0.0234
0 0.7889 0.6594 0.0417 0.018
0 0.4542 0.6883 0.0389 0.0297
0 0.1903 0.6688 0.0194 0.0133
0 0.3778 0.7516 0.0583 0.0289
0 0.6458 0.7594 0.0528 0.0219
0 0.5278 0.0406 0.0472 0.0172
0 0.3333 0.5078 0.0306 0.0203
0 0.3986 0.493 0.0319 0.0148
0 0.8972 0.625 0.0361 0.0172
0 0.6181 0.632 0.0319 0.0195
