0 0.5056 0.2078 0.0472 0.0289
0 0.2944 0.3633 0.0306 0.0211
0 0.3306 0.3672 0.0361 0.0133
0 0.3194 0.4375 0.0417 0.0242
0 0.3292 0.4695 0.0403 0.0211
0 0.1736 0.4547 0.0236 0.0117
0 0.2722 0.5523 0.0278 0.0227
0 0.0778 0.5492 0.0389 0.0156
0 0.1056 0.5352 0.0292 0.0148
0 0.3083 0.6117 0.0333 0.0203
0 0.2639 0.6258 0.0542 0.0297
0 0.2861 0.6648 0.0431 0.0234
0 0.5042 0.4609 0.0444 0.0219
0 0.7083 0.4359 0.0417 0.0266
0 0.6542 0.4008 0.0306 0.0172
0 0.9 0.5641 0.0208 0.0086
0 0.7958 0.6711 0.0319 0.018
0 0.2347 0.4547 0.0319 0.0219
0 0.5458 0.4406 0.025 0.0164
0 0.6069 0.4047 0.0236 0.0211
0 0.6347 0.4148 0.0389 0.0141
0 0.1125 0.5117 0.0236 0.0273
0 0.3125 0.5547 0.0556 0.0203
0 0.4972 0.7438 0.0486 0.0156
0 0.6278 0.6859 0.0139 0.0172
0 0.6722 0.6227 0.0167 0.0117
0 0.8653 0.6375 0.0375 0.0164
0 0.8875 0.6695 0.0417 0.0258
0 0.9292 0.6641 0.0347 0.0141
0 0.9347 0.6844 0.0292 0.0211
