0 0.7222 0.6109 0.0389 0.0273
0 0.6417 0.2797 0.0431 0.0273
0 0.7111 0.2719 0.0403 0.0203
0 0.6042 0.1594 0.0319 0.0227
0 0.6639 0.3008 0.0417 0.0234
0 0.6236 0.2984 0.0375 0.0234
0 0.7083 0.3531 0.0306 0.0188
0 0.6806 0.357 0.0236 0.0188
0 0.7917 0.3383 0.0361 0.0234
0 0.9194 0.3312 0.0458 0.0211
0 0.9222 0.3547 0.0361 0.018
0 0.8694 0.3789 0.0389 0.0188
0 0.6083 0.3797 0.0208 0.0164
0 0.2194 0.3367 0.0319 0.0172
0 0.0722 0.3172 0.0278 0.0133
0 0.0472 0.3602 0.025 0.0156
0 0.2972 0.4102 0.0389 0.0172
0 0.7389 0.1945 0.0236 0.0156
0 0.6514 0.1625 0.0361 0.0172
0 0.4889 0.3422 0.025 0.0195
0 0.7903 0.5273 0.0472 0.0227
0 0.6903 0.5898 0.0278 0.0219
0 0.6778 0.5375 0.0347 0.0203
0 0.8181 0.3555 0.0333 0.0188
0 0.3194 0.3578 0.0417 0.0156
0 0.8736 0.4312 0.0444 0.018
0 0.4181 0.3961 0.0361 0.018
0 0.1319 0.3555 0.0194 0.0141
0 0.1292 0.3367 0.0306 0.0141
0 0.0528 0.375 0.0097 0.0133
0 0.1667 0.4133 0.0278 0.0148
0 0.2861 0.3789 0.0375 0.0125
0 0.3333 0.4016 0.0306 0.0109
0 0.3806 0.382 0.0222 0.0094
0 0.8486 0.307 0.0361 0.0156
0 0.7972 0.3742 0.0306 0.0164
0 0.8694 0.3578 0.0403 0.0125
0 0.9764 0.3625 0.0306 0.0195
0 0.9944 0.3641 0.0069 0.025
0 0.9819 0.3148 0.0319 0.0195
0 0.9208 0.3734 0.0264 0.0172
0 0.9764 0.3914 0.0431 0.025
0 0.5861 0.443 0.025 0.0102
0 0.6847 0.5477 0.0361 0.0188
0 0.4736 0.5594 0.0306 0.0273
0 0.4222 0.5555 0.0264 0.0266
0 0.3681 0.4688 0.0264 0.0141
