0 0.3708 0.1273 0.0361 0.018
0 0.3972 0.132 0.0278 0.0203
0 0.4194 0.1312 0.0222 0.0133
0 0.4403 0.1406 0.0278 0.0156
0 0.4597 0.118 0.0306 0.0172
0 0.4917 0.1117 0.0319 0.0211
0 0.5194 0.0867 0.0375 0.0148
0 0.4944 0.1328 0.0278 0.0148
0 0.5208 0.1375 0.0167 0.0164
0 0.5319 0.1578 0.0333 0.0211
0 0.4986 0.1812 0.0306 0.018
0 0.575 0.1375 0.0306 0.0148
0 0.6028 0.1719 0.0181 0.0156
0 0.6569 0.032 0.0319 0.0203
0 0.6569 0.0469 0.0319 0.0156
0 0.7153 0.0484 0.0264 0.018
0 0.7458 0.1133 0.0333 0.0164
0 0.6528 0.1789 0.0417 0.0344
0 0.7014 0.1672 0.0486 0.0312
0 0.7806 0.1773 0.0417 0.0242
0 0.8292 0.0719 0.0111 0.0195
0 0.8375 0.0883 0.0278 0.0227
0 0.8583 0.0766 0.0292 0.0211
0 0.8778 0.0969 0.0361 0.0195
0 0.6958 0.1984 0.0472 0.025
0 0.8806 0.1906 0.0611 0.0344
0 0.0444 0.2609 0.025 0.0156
0 0.1514 0.3672 0.0333 0.0156
0 0.2125 0.3703 0.0208 0.0133
0 0.2472 0.3344 0.025 0.0078
0 0.1597 0.3391 0.0306 0.0141
0 0.325 0.3555 0.0361 0.0211
0 0.3458 0.3945 0.0208 0.0141
0 0.0486 0.4211 0.0347 0.0156
0 0.0042 0.5383 0.0097 0.0094
0 0.025 0.5312 0.0306 0.0148
0 0.05 0.5258 0.025 0.0125
0 0.0778 0.5195 0.0292 0.0148
0 0.1028 0.5188 0.0278 0.0133
0 0.0917 0.5484 0.0292 0.0172
0 0.1153 0.582 0.0278 0.0133
0 0.175 0.5148 0.0458 0.0305
0 0.2167 0.5336 0.0472 0.0234
0 0.1681 0.4188 0.0278 0.0219
0 0.1958 0.4289 0.0403 0.025
0 0.2417 0.4438 0.0458 0.0234
0 0.2819 0.5328 0.0306 0.0164
0 0.3125 0.543 0.0319 0.018
0 0.3569 0.5633 0.0333 0.0172
0 0.475 0.5492 0.0361 0.0195
0 0.5903 0.2391 0.0444 0.0297
0 0.6361 0.2438 0.0458 0.0312
0 0.6944 0.2414 0.05 0.0297
0 0.7528 0.2477 0.05 0.0273
0 0.9847 0.3156 0.0264 0.0234
0 0.975 0.3336 0.0389 0.0234
0 0.7444 0.2961 0.0444 0.0234
0 0.7806 0.3148 0.0389 0.0242
0 0.9444 0.4648 0.0347 0.0172
0 0.9736 0.5281 0.0472 0.0266
0 0.8833 0.7555 0.0236 0.0188
0 0.9486 0.7438 0.0333 0.0203
0 0.6903 0.6266 0.0347 0.0117
0 0.6944 0.6414 0.0264 0.0141
0 0.7903 0.6672 0.0236 0.0156
0 0.325 0.4555 0.0333 0.0219
0 0.3736 0.4836 0.0375 0.0234
0 0.4097 0.4766 0.0431 0.0195
0 0.4681 0.4617 0.0458 0.0281
0 0.4208 0.275 0.0111 0.0094
0 0.4069 0.2797 0.0319 0.0203
0 0.3889 0.2836 0.0181 0.0148
0 0.45 0.2844 0.0264 0.018
0 0.4722 0.2891 0.0361 0.0203
0 0.5194 0.2695 0.0319 0.0195
0 0.5153 0.2844 0.0333 0.018
0 0.5833 0.2602 0.0264 0.0117
0 0.5736 0.3 0.0264 0.0203
0 0.5806 0.318 0.0319 0.0141
0 0.6514 0.2781 0.0361 0.0211
0 0.6847 0.2711 0.0444 0.0266
0 0.7319 0.2711 0.025 0.0172
0 0.6931 0.2898 0.0458 0.025
0 0.5917 0.4117 0.0625 0.0266
0 0.6431 0.4438 0.0514 0.0336
0 0.7722 0.4469 0.0361 0.0195
0 0.5792 0.5195 0.0486 0.0242
0 0.6958 0.5406 0.0486 0.0281
0 0.775 0.532 0.0514 0.0258
0 0.9375 0.5539 0.0403 0.0234
0 0.9611 0.5695 0.0486 0.0289
0 0.8208 0.6211 0.0181 0.018
0 0.85 0.6 0.0444 0.0234
0 0.8361 0.5672 0.0444 0.0258
0 0.8917 0.7719 0.0333 0.0133
0 0.2611 0.3633 0.0194 0.0164
0 0.2778 0.3727 0.0181 0.0102
0 0.2833 0.4242 0.0264 0.025
0 0.3736 0.4188 0.0486 0.0297
0 0.4167 0.3844 0.0319 0.0188
0 0.5042 0.4117 0.0347 0.0156
0 0.5639 0.4352 0.0319 0.0312
0 0.7042 0.4883 0.0181 0.0156
0 0.0625 0.3461 0.0361 0.0141
0 0.0097 0.3188 0.0139 0.0062
0 0.1569 0.318 0.0486 0.0234
0 0.2375 0.5445 0.0278 0.0133
0 0.8444 0.4625 0.0319 0.0156
