0 0.0764 0.0609 0.0403 0.0188
0 0.0097 0.1109 0.0167 0.0164
0 0.0819 0.1484 0.0306 0.0156
0 0.1 0.1195 0.0347 0.0164
0 0.1458 0.1117 0.0431 0.0242
0 0.1958 0.0648 0.0444 0.0289
0 0.1667 0.0672 0.0181 0.0164
0 0.2569 0.0633 0.0292 0.0219
0 0.2778 0.0773 0.0167 0.0125
0 0.2111 0.1008 0.0458 0.0289
0 0.1806 0.0992 0.0278 0.0266
0 0.3319 0.082 0.0194 0.0188
0 0.3181 0.0992 0.0375 0.025
0 0.3361 0.1102 0.0208 0.0195
0 0.3472 0.1297 0.0389 0.0258
0 0.1222 0.1656 0.0236 0.0148
0 0.2069 0.1711 0.0222 0.0156
0 0.225 0.1656 0.0319 0.0156
0 0.0736 0.1867 0.0361 0.0141
0 0.0347 0.2109 0.0514 0.0211
0 0.0208 0.2375 0.0417 0.0227
0 0.1083 0.2016 0.0181 0.0141
0 0.175 0.1969 0.0333 0.0211
0 0.1389 0.2211 0.0319 0.0148
0 0.2764 0.2055 0.0278 0.0203
0 0.3653 0.2094 0.0472 0.0328
0 0.075 0.3891 0.05 0.0258
0 0.0333 0.4172 0.0514 0.0312
0 0.25 0.3523 0.0403 0.0234
0 0.225 0.3867 0.0542 0.0344
0 0.3347 0.3953 0.0431 0.025
0 0.0069 0.5422 0.0125 0.025
0 0.1222 0.5391 0.0319 0.0195
0 0.2042 0.55 0.0486 0.0273
0 0.3569 0.6117 0.0319 0.0172
0 0.3903 0.6398 0.0319 0.0172
0 0.4694 0.6133 0.0194 0.0102
0 0.4917 0.6141 0.025 0.0172
0 0.6264 0.6414 0.0333 0.0164
0 0.6208 0.6242 0.0361 0.018
0 0.5833 0.5758 0.0278 0.0234
0 0.5889 0.6 0.0319 0.0188
0 0.6583 0.5914 0.0472 0.0242
0 0.5764 0.5188 0.0278 0.0188
0 0.6042 0.5281 0.0444 0.0258
0 0.7639 0.5891 0.0528 0.025
0 0.8611 0.5578 0.0333 0.0289
0 0.8583 0.6016 0.0278 0.0172
0 0.7958 0.6422 0.0333 0.0164
0 0.8806 0.6422 0.0319 0.0156
0 0.9819 0.7086 0.0292 0.0273
0 0.9569 0.6484 0.0569 0.032
0 0.9653 0.6195 0.0458 0.025
0 0.9917 0.575 0.0139 0.0258
0 0.325 0.3102 0.0458 0.0125
0 0.3792 0.2648 0.0569 0.0266
0 0.4764 0.3281 0.0486 0.0273
0 0.5097 0.3445 0.0264 0.0133
0 0.5639 0.3781 0.0306 0.0148
0 0.5861 0.4211 0.025 0.0164
0 0.4764 0.2312 0.0264 0.0211
0 0.5028 0.2578 0.0264 0.0156
0 0.5292 0.2242 0.0333 0.0234
0 0.5625 0.2281 0.0333 0.0258
0 0.5903 0.2406 0.0306 0.0195
0 0.5569 0.2508 0.0306 0.018
0 0.5847 0.1867 0.0236 0.0156
0 0.6889 0.2383 0.0333 0.0195
0 0.6194 0.3102 0.0361 0.0164
0 0.6153 0.3625 0.0264 0.0141
0 0.6653 0.3945 0.0208 0.0141
0 0.6861 0.4055 0.0278 0.0141
0 0.6806 0.4227 0.025 0.0172
0 0.7097 0.4211 0.0306 0.0172
0 0.75 0.4383 0.0292 0.0141
0 0.7333 0.4125 0.0306 0.0133
0 0.7486 0.4938 0.025 0.0141
0 0.8625 0.4867 0.0389 0.0242
0 0.9236 0.4945 0.0444 0.0242
0 0.9542 0.4984 0.0181 0.0141
0 0.8236 0.3945 0.0278 0.0148
0 0.8611 0.3969 0.0278 0.0203
0 0.7 0.1617 0.0417 0.0227
0 0.8042 0.1453 0.0486 0.0266
0 0.7681 0.2305 0.0319 0.0141
0 0.7194 0.193 0.0236 0.0148
0 0.8056 0.182 0.0444 0.0219
0 0.8333 0.2031 0.0333 0.0211
0 0.8931 0.1852 0.0361 0.025
0 0.9806 0.1852 0.0361 0.0219
0 0.9208 0.1922 0.0292 0.0188
0 0.8806 0.2039 0.0333 0.0164
0 0.9611 0.2086 0.0319 0.0195
0 0.8972 0.2188 0.0292 0.0164
0 0.8597 0.2359 0.0306 0.0195
0 0.9375 0.3023 0.0278 0.0164
0 0.9569 0.3156 0.0292 0.0156
0 0.9833 0.3445 0.0306 0.0141
0 0.7458 0.3758 0.0167 0.0078
0 0.7403 0.3875 0.0236 0.0086
0 0.7097 0.3797 0.0181 0.0109
0 0.1458 0.3969 0.0278 0.0203
0 0.1889 0.407 0.0556 0.0164
0 0.0167 0.2672 0.0319 0.0227
0 0.1611 0.0914 0.0319 0.0258
0 0.9139 0.3305 0.0264 0.0141
0 0.8833 0.3844 0.0278 0.0156
0 0.0778 0.4633 0.0278 0.0227
0 0.6167 0.5633 0.0375 0.0148
0 0.9208 0.6008 0.0292 0.0156
0 0.8347 0.4375 0.0306 0.0156
0 0.9597 0.4297 0.0319 0.0086
0 0.9389 0.4164 0.0167 0.0164
0 0.9875 0.4109 0.0222 0.0125
0 0.6639 0.4672 0.0194 0.0109
0 0.8153 0.5945 0.0181 0.0141
0 0.4694 0.557 0.0236 0.0195
0 0.1972 0.1281 0.0306 0.0219
0 0.0708 0.243 0.0278 0.0211
0 0.4472 0.2242 0.0375 0.0195
0 0.8444 0.2117 0.0319 0.0172
0 0.9917 0.518 0.0125 0.0109
0 0.5667 0.6859 0.0222 0.0172
