0 0.7708 0.4719 0.0486 0.0281
0 0.4861 0.1523 0.0458 0.025
0 0.5111 0.1344 0.0403 0.0273
0 0.6444 0.2789 0.0486 0.0266
0 0.6583 0.2984 0.0403 0.018
0 0.5528 0.5141 0.0472 0.032
0 0.6542 0.3484 0.0403 0.0188
0 0.5847 0.4391 0.0458 0.0242
0 0.5944 0.1398 0.0347 0.0172
0 0.2486 0.4508 0.0486 0.0242
0 0.075 0.5008 0.0653 0.0336
0 0.3903 0.5469 0.0556 0.0289
0 0.375 0.6164 0.0514 0.0266
0 0.5194 0.6258 0.0458 0.025
0 0.2792 0.4672 0.0444 0.0234
0 0.3556 0.5258 0.0472 0.0211
0 0.375 0.5852 0.0486 0.0266
0 0.5236 0.5227 0.0403 0.0258
0 0.3417 0.4312 0.025 0.018
0 0.6347 0.5281 0.0403 0.025
0 0.6694 0.5172 0.0472 0.0234
0 0.7389 0.5453 0.0486 0.0258
0 0.7278 0.5016 0.0375 0.0219
0 0.6917 0.4516 0.0431 0.025
0 0.6583 0.6344 0.0417 0.0211
0 0.1722 0.3891 0.0333 0.0188
