0 0.525 0.5391 0.0361 0.0328
0 0.5903 0.5344 0.05 0.0211
0 0.6222 0.5508 0.0514 0.0336
0 0.6694 0.5617 0.0458 0.0328
0 0.6264 0.5938 0.0431 0.0195
0 0.4139 0.7531 0.0431 0.0266
0 0.6958 0.818 0.0556 0.0234
0 0.7972 0.8805 0.0556 0.0352
0 0.8069 0.7703 0.0389 0.0258
0 0.7333 0.7055 0.0347 0.0219
0 0.6319 0.6938 0.0347 0.0227
0 0.6306 0.7164 0.0347 0.0242
0 0.5514 0.6969 0.0417 0.0273
0 0.5861 0.7422 0.0278 0.0219
0 0.5153 0.6805 0.0403 0.0258
0 0.1917 0.6789 0.0264 0.0211
0 0.3014 0.6711 0.0264 0.0125
0 0.4778 0.6844 0.0458 0.0258
0 0.8556 0.8758 0.0403 0.0211
0 0.0819 0.7547 0.0458 0.0273
0 0.0528 0.7188 0.0472 0.025
0 0.0389 0.7586 0.0417 0.0281
0 0.0569 0.682 0.025 0.0203
0 0.0875 0.5094 0.0347 0.0219
0 0.0611 0.4945 0.0556 0.0258
0 0.0194 0.4719 0.0319 0.0219
0 0.0111 0.5164 0.0194 0.0188
0 0.1625 0.5297 0.0389 0.018
0 0.0111 0.5398 0.0194 0.0195
0 0.0125 0.5602 0.0208 0.0203
