0 0.4514 0.1367 0.0236 0.0156
0 0.4792 0.1375 0.0167 0.0102
0 0.3667 0.1641 0.0278 0.0156
0 0.4403 0.1594 0.0389 0.0086
0 0.4764 0.1617 0.0236 0.0094
0 0.3139 0.2391 0.0236 0.0172
0 0.3292 0.2242 0.0153 0.0109
0 0.3944 0.2164 0.025 0.0141
0 0.3417 0.2422 0.0319 0.0195
0 0.4111 0.2273 0.025 0.0211
0 0.3875 0.2352 0.0264 0.0156
0 0.4306 0.1828 0.0222 0.0164
0 0.4681 0.2016 0.0292 0.0164
0 0.4639 0.2422 0.0389 0.0172
0 0.5347 0.232 0.0264 0.0164
0 0.4833 0.2898 0.0222 0.0148
0 0.4861 0.2602 0.0278 0.0172
0 0.5181 0.2578 0.0264 0.0141
0 0.0736 0.3664 0.0319 0.0141
0 0.0458 0.3633 0.025 0.0148
0 0.0875 0.3508 0.025 0.0172
0 0.1222 0.3383 0.025 0.0219
0 0.2569 0.3367 0.0333 0.0133
0 0.1722 0.3812 0.0306 0.0109
0 0.4764 0.4156 0.0417 0.0203
0 0.4056 0.3719 0.0181 0.0188
0 0.5722 0.3352 0.0333 0.0156
0 0.5542 0.3125 0.0306 0.0141
0 0.4889 0.4375 0.0319 0.0156
0 0.6125 0.4211 0.0306 0.0133
0 0.5292 0.4336 0.0319 0.0133
0 0.3083 0.4047 0.0097 0.0125
0 0.3208 0.4836 0.0278 0.0156
0 0.4944 0.5375 0.0361 0.0172
0 0.2333 0.5289 0.0542 0.025
0 0.35 0.4992 0.0153 0.0125
0 0.5597 0.5891 0.0403 0.0211
0 0.5208 0.5875 0.0222 0.0148
0 0.3319 0.5906 0.0347 0.0219
0 0.3694 0.5961 0.025 0.0242
0 0.3903 0.5656 0.0222 0.0148
0 0.075 0.6406 0.0292 0.0234
0 0.1472 0.5828 0.0333 0.0211
0 0.1472 0.5617 0.0306 0.0133
0 0.2431 0.582 0.0236 0.0234
0 0.4444 0.6867 0.0458 0.0227
0 0.4722 0.6609 0.0319 0.0156
0 0.5167 0.6523 0.025 0.0117
0 0.6417 0.7312 0.0236 0.0203
0 0.6069 0.7305 0.0333 0.018
0 0.6014 0.6984 0.025 0.0195
0 0.6514 0.6797 0.0306 0.0211
0 0.0833 0.393 0.0333 0.0156
0 0.4486 0.4781 0.0194 0.0141
0 0.7069 0.7688 0.0181 0.0195
0 0.7458 0.7594 0.0333 0.0172
0 0.7042 0.7156 0.0389 0.0172
0 0.7069 0.732 0.0444 0.0148
0 0.5056 0.6953 0.0306 0.0141
0 0.475 0.6766 0.0125 0.0164
0 0.4694 0.2711 0.0167 0.0156
0 0.2903 0.3797 0.0167 0.0125
0 0.7889 0.4086 0.0222 0.0117
0 0.8042 0.4148 0.0264 0.0133
0 0.1278 0.5398 0.0222 0.0109
0 0.1292 0.6211 0.0167 0.0094
0 0.4694 0.6492 0.0278 0.0078
0 0.5972 0.5766 0.0222 0.0094
0 0.6292 0.5898 0.0264 0.0102
0 0.7639 0.5852 0.0208 0.0117
0 0.7556 0.6531 0.0236 0.0133
