0 0.5028 0.1547 0.0333 0.0234
0 0.5236 0.1367 0.0375 0.0195
0 0.6069 0.1367 0.025 0.0141
0 0.6625 0.2766 0.0444 0.0227
0 0.6806 0.2938 0.0403 0.018
0 0.6708 0.3445 0.0333 0.0258
0 0.5972 0.4359 0.0403 0.0203
0 0.7083 0.4438 0.0319 0.0109
0 0.675 0.4398 0.0181 0.0078
0 0.7778 0.4641 0.0472 0.0281
0 0.7514 0.4938 0.0194 0.0211
0 0.7042 0.4695 0.0139 0.0078
0 0.5667 0.5109 0.05 0.0289
0 0.6792 0.5117 0.0417 0.025
0 0.7514 0.5422 0.0486 0.0266
0 0.65 0.5258 0.0306 0.0195
0 0.5403 0.5227 0.0306 0.0156
0 0.4111 0.5422 0.0417 0.0273
0 0.3903 0.6094 0.0486 0.0289
0 0.5361 0.6203 0.0458 0.0258
0 0.6722 0.6289 0.0417 0.0211
0 0.4042 0.5789 0.0264 0.0227
0 0.3611 0.5211 0.0236 0.0195
0 0.2694 0.4508 0.0319 0.0211
0 0.2958 0.4648 0.0292 0.0195
0 0.0903 0.5039 0.0444 0.0258
