0 0.5319 0.0508 0.025 0.0164
0 0.5681 0.0383 0.0181 0.0117
0 0.6167 0.0719 0.0431 0.0258
0 0.6264 0.0578 0.0361 0.018
0 0.575 0.0758 0.0319 0.0195
0 0.5333 0.1469 0.0472 0.0273
0 0.4097 0.2531 0.0375 0.025
0 0.4389 0.2523 0.025 0.0195
0 0.4681 0.2555 0.0194 0.0234
0 0.3375 0.293 0.0444 0.0172
0 0.3611 0.3383 0.0444 0.0242
0 0.3972 0.3445 0.0417 0.0281
0 0.475 0.3359 0.0375 0.0258
0 0.5194 0.332 0.0403 0.0297
0 0.5278 0.3109 0.025 0.0109
0 0.4542 0.3664 0.0472 0.0312
0 0.3472 0.4164 0.0444 0.0266
0 0.4542 0.3945 0.0333 0.0148
0 0.4903 0.3953 0.0444 0.0219
0 0.4056 0.4344 0.0403 0.018
0 0.5181 0.4219 0.0181 0.0125
0 0.6556 0.4516 0.0208 0.0211
0 0.7125 0.4438 0.0222 0.0086
0 0.4333 0.4922 0.0389 0.0297
0 0.3611 0.4836 0.0375 0.025
0 0.2819 0.4969 0.0306 0.0172
0 0.3833 0.5453 0.0375 0.0203
0 0.3986 0.5648 0.0458 0.0258
0 0.3444 0.5562 0.0514 0.0172
0 0.3694 0.5836 0.0264 0.0234
0 0.5528 0.5586 0.0431 0.025
0 0.6319 0.5141 0.0431 0.0211
0 0.6042 0.5336 0.0361 0.018
0 0.2514 0.7188 0.0347 0.0172
0 0.2333 0.6992 0.0222 0.018
0 0.4431 0.8266 0.0778 0.043
0 0.6292 0.6555 0.0417 0.0188
0 0.5917 0.6602 0.0375 0.0156
0 0.5847 0.682 0.0347 0.0141
0 0.8403 0.7453 0.0597 0.0359
0 0.8597 0.782 0.05 0.0289
0 0.6056 0.3445 0.0181 0.0125
0 0.3694 0.5984 0.0264 0.0102
0 0.1847 0.5516 0.0278 0.0188
0 0.1597 0.5578 0.0222 0.0172
0 0.3681 0.6531 0.0361 0.0156
0 0.8361 0.7977 0.0222 0.0156
0 0.6333 0.7 0.0458 0.0219
0 0.9 0.6453 0.0319 0.0133
0 0.5528 0.6531 0.025 0.0141
0 0.5125 0.2969 0.025 0.0211
0 0.5625 0.3281 0.0139 0.0156
0 0.5417 0.5109 0.0306 0.0102
0 0.5208 0.4727 0.0292 0.0242
0 0.4083 0.5836 0.0153 0.0125
0 0.8056 0.5242 0.0514 0.0234
