0 0.1472 0.1289 0.0514 0.0289
0 0.1028 0.1156 0.0389 0.0234
0 0.0972 0.1422 0.0486 0.0289
0 0.1389 0.1422 0.0361 0.0211
0 0.3306 0.1945 0.0417 0.0211
0 0.3486 0.2609 0.0389 0.0234
0 0.3847 0.2703 0.0403 0.0211
0 0.9208 0.1867 0.0347 0.0227
0 0.8792 0.2742 0.0444 0.0289
0 0.9125 0.2781 0.0444 0.0234
0 0.9306 0.3 0.0528 0.032
0 0.9625 0.2695 0.0431 0.0266
0 0.8542 0.3516 0.0514 0.0258
0 0.9028 0.3695 0.05 0.0227
0 0.8833 0.418 0.0417 0.0172
0 0.9014 0.482 0.0375 0.018
0 0.7931 0.4289 0.0444 0.0195
0 0.3292 0.4875 0.0542 0.0273
0 0.8611 0.4914 0.0403 0.0211
0 0.9208 0.5016 0.05 0.0219
0 0.8708 0.582 0.0444 0.0266
0 0.8972 0.5203 0.0319 0.0219
0 0.7306 0.6469 0.0458 0.0234
0 0.9375 0.4258 0.0361 0.0227
0 0.8722 0.4359 0.0583 0.0234
0 0.9458 0.1875 0.0333 0.0344
0 0.8556 0.2328 0.0431 0.025
0 0.1333 0.1781 0.0486 0.0273
0 0.0889 0.7117 0.0333 0.0281
0 0.8486 0.5289 0.0319 0.0195
0 0.9903 0.2688 0.0167 0.0281
