0 0.2278 0.3211 0.0681 0.0328
0 0.1889 0.3047 0.0514 0.0297
0 0.0597 0.3055 0.0653 0.0367
0 0.0111 0.35 0.0208 0.0281
0 0.0417 0.4617 0.0542 0.0305
0 0.0069 0.4609 0.0153 0.0289
0 0.1875 0.6 0.0486 0.032
0 0.2236 0.5969 0.0208 0.0242
0 0.2208 0.6375 0.0625 0.0352
0 0.1458 0.6398 0.0528 0.025
0 0.0917 0.6328 0.0528 0.0242
0 0.0167 0.6641 0.0306 0.0258
0 0.0139 0.6211 0.0278 0.0266
0 0.0056 0.6828 0.0125 0.0219
0 0.0333 0.7273 0.05 0.0297
0 0.0556 0.7398 0.025 0.0156
0 0.0861 0.7398 0.0375 0.0227
0 0.7014 0.7156 0.0542 0.0273
0 0.5667 0.7406 0.05 0.0188
0 0.6292 0.5523 0.0444 0.025
0 0.6 0.568 0.0375 0.0219
0 0.7236 0.5438 0.0556 0.0242
0 0.6653 0.525 0.0319 0.0211
0 0.6639 0.5016 0.0361 0.0133
0 0.7 0.5016 0.0319 0.0188
0 0.7889 0.6875 0.0556 0.032
0 0.7111 0.6188 0.0417 0.0227
0 0.7167 0.5812 0.0431 0.0227
0 0.7417 0.6078 0.0472 0.0273
0 0.6639 0.575 0.0389 0.018
0 0.6236 0.6977 0.0431 0.0148
0 0.0153 0.8289 0.0319 0.0328
0 0.1139 0.7875 0.0333 0.0289
0 0.1611 0.7844 0.0597 0.032
0 0.1639 0.8195 0.0458 0.0328
0 0.3333 0.7867 0.0458 0.0273
0 0.3861 0.8047 0.0542 0.0281
0 0.0792 0.9703 0.0611 0.0305
0 0.6542 0.7648 0.0278 0.0172
0 0.7653 0.7422 0.0514 0.0273
0 0.8569 0.7492 0.0472 0.0312
0 0.9028 0.7273 0.0556 0.0188
0 0.8861 0.775 0.0542 0.0273
0 0.0431 0.5141 0.0278 0.0117
0 0.6153 0.632 0.0458 0.0125
0 0.6722 0.5469 0.0194 0.0156
