0 0.3167 0.4031 0.0236 0.0203
0 0.2792 0.4336 0.0514 0.0266
0 0.3792 0.4258 0.0486 0.0242
0 0.3722 0.4648 0.0417 0.0242
0 0.3139 0.4562 0.0403 0.0172
0 0.2514 0.4477 0.0264 0.0211
0 0.2736 0.5172 0.0194 0.0125
0 0.3653 0.5039 0.0444 0.0273
0 0.3889 0.4945 0.0458 0.0242
0 0.4375 0.5742 0.0542 0.0266
0 0.2875 0.5797 0.0611 0.0242
0 0.3569 0.6039 0.0528 0.025
0 0.0292 0.6867 0.0444 0.0297
0 0.2264 0.7039 0.0444 0.0266
0 0.2181 0.6273 0.0417 0.018
0 0.3069 0.6484 0.025 0.0141
0 0.2736 0.707 0.0347 0.025
0 0.4167 0.6258 0.0444 0.0227
0 0.4903 0.6367 0.0444 0.0336
0 0.5139 0.6594 0.05 0.0227
0 0.5458 0.6156 0.0486 0.018
0 0.9333 0.6156 0.0472 0.0195
0 0.95 0.5586 0.0403 0.0227
0 0.7861 0.6273 0.0444 0.0211
0 0.3264 0.3773 0.0639 0.0188
0 0.2319 0.4656 0.0333 0.0188
0 0.8639 0.5914 0.0472 0.0219
0 0.8056 0.6023 0.0389 0.0164
0 0.8042 0.6195 0.0347 0.0164
