0 0.5611 0.1734 0.0611 0.0312
0 0.7319 0.1969 0.0611 0.0273
0 0.7472 0.1516 0.0431 0.0273
0 0.7181 0.1578 0.0361 0.0273
0 0.5528 0.2484 0.0444 0.0367
0 0.4903 0.268 0.0556 0.0219
0 0.0194 0.2742 0.0292 0.0375
0 0.0361 0.2336 0.0264 0.0195
0 0.0375 0.35 0.0306 0.025
0 0.0111 0.3523 0.0222 0.0242
0 0.0833 0.4305 0.0458 0.0188
0 0.1764 0.5367 0.0389 0.0242
0 0.2069 0.5438 0.0333 0.0172
0 0.0556 0.4773 0.0292 0.0094
0 0.9222 0.4969 0.0306 0.0227
0 0.9889 0.6242 0.0139 0.0102
0 0.9792 0.6852 0.0375 0.0227
