0 0.5278 0.0117 0.0514 0.0227
0 0.5514 0.0375 0.0528 0.0328
0 0.6028 0.0305 0.0514 0.0328
0 0.5042 0.0633 0.0625 0.032
0 0.5333 0.1203 0.0597 0.0383
0 0.5944 0.1266 0.0556 0.0219
0 0.4708 0.1328 0.0375 0.0289
0 0.4444 0.1406 0.0389 0.018
0 0.5819 0.1766 0.0528 0.0406
0 0.6319 0.175 0.0542 0.0312
0 0.6 0.1977 0.0181 0.018
0 0.4875 0.2219 0.0403 0.0297
0 0.3347 0.2609 0.0514 0.0203
0 0.3847 0.268 0.0361 0.0133
0 0.425 0.2992 0.0472 0.0367
0 0.4903 0.2961 0.0306 0.0195
0 0.8056 0.268 0.0639 0.0266
0 0.875 0.2844 0.0583 0.0289
0 0.5361 0.3734 0.0236 0.0227
0 0.0667 0.4797 0.0264 0.032
0 0.1069 0.4422 0.0472 0.0148
0 0.1306 0.4664 0.0444 0.032
0 0.2944 0.5195 0.0569 0.0242
0 0.4667 0.568 0.0611 0.0328
0 0.5403 0.607 0.0694 0.0281
0 0.5556 0.6344 0.05 0.0289
0 0.4958 0.65 0.0653 0.0383
0 0.3569 0.6938 0.0361 0.0172
0 0.55 0.6852 0.0278 0.0234
0 0.8639 0.8109 0.0514 0.0281
0 0.8333 0.7977 0.0389 0.0281
0 0.7486 0.5555 0.0694 0.0367
0 0.6764 0.532 0.0528 0.0258
0 0.7708 0.4883 0.0417 0.0094
0 0.5111 0.1789 0.0653 0.0367
0 0.5347 0.1891 0.0458 0.0375
0 0.6153 0.4289 0.0361 0.0211
0 0.6986 0.4477 0.0681 0.0375
0 0.1014 0.575 0.0528 0.0195
0 0.2764 0.5727 0.0458 0.0258
0 0.0514 0.5891 0.0389 0.0234
0 0.0181 0.6898 0.0306 0.025
0 0.0931 0.7516 0.0389 0.0234
0 0.3208 0.6258 0.0556 0.0203
0 0.6611 0.5883 0.0583 0.0336
0 0.6389 0.582 0.0486 0.0289
