0 0.5403 0.082 0.0417 0.0211
0 0.4833 0.1062 0.0389 0.0219
0 0.4972 0.157 0.0444 0.0188
0 0.5222 0.1734 0.0264 0.0172
0 0.5847 0.1883 0.0444 0.025
0 0.4 0.1812 0.0458 0.0234
0 0.3778 0.2148 0.0403 0.0258
0 0.4167 0.2125 0.0333 0.0211
0 0.4389 0.1867 0.0306 0.0219
0 0.4389 0.2383 0.0347 0.0164
0 0.5153 0.2406 0.0319 0.0203
0 0.5347 0.282 0.0403 0.0227
0 0.5222 0.3023 0.0375 0.0195
0 0.5861 0.3094 0.0375 0.0219
0 0.6444 0.3078 0.0444 0.0289
0 0.5569 0.2727 0.0278 0.0156
0 0.3542 0.2781 0.0458 0.0242
0 0.3778 0.3008 0.0542 0.0203
0 0.4319 0.2742 0.0208 0.0109
0 0.4667 0.3148 0.0292 0.0164
0 0.4792 0.3422 0.0194 0.0203
0 0.3556 0.3883 0.0417 0.025
0 0.4306 0.3609 0.0222 0.0148
0 0.4542 0.3789 0.0278 0.0195
0 0.5236 0.375 0.0486 0.0242
0 0.6806 0.3406 0.0444 0.025
0 0.5903 0.382 0.0347 0.0203
0 0.5056 0.393 0.0514 0.0273
0 0.6875 0.4641 0.0458 0.025
0 0.2972 0.4359 0.0417 0.0148
0 0.2847 0.4648 0.0333 0.0211
0 0.3306 0.4844 0.0403 0.0219
0 0.3583 0.468 0.0306 0.0164
0 0.3819 0.4812 0.0306 0.0164
0 0.4611 0.5344 0.0292 0.0188
0 0.5056 0.5469 0.0278 0.0164
0 0.6208 0.55 0.0333 0.0172
0 0.7083 0.5297 0.0347 0.0133
0 0.7542 0.5359 0.0292 0.018
0 0.2667 0.5039 0.0431 0.0188
0 0.1056 0.5336 0.0389 0.0211
0 0.3708 0.5789 0.0389 0.0195
0 0.2167 0.6586 0.0389 0.0203
0 0.5681 0.6539 0.0347 0.018
0 0.6097 0.718 0.0486 0.0281
0 0.2722 0.6953 0.0403 0.0242
0 0.1194 0.7922 0.0444 0.0258
0 0.0306 0.7648 0.0347 0.0156
0 0.6222 0.7727 0.0417 0.032
0 0.7264 0.7805 0.0472 0.0281
0 0.4125 0.2398 0.0444 0.0203
0 0.4639 0.2234 0.0347 0.0312
0 0.4486 0.293 0.0153 0.0117
0 0.5403 0.3938 0.0236 0.0148
0 0.3028 0.5297 0.0278 0.0156
0 0.2222 0.5656 0.0458 0.0164
0 0.1694 0.6602 0.025 0.0195
0 0.2917 0.7039 0.0306 0.0156
0 0.575 0.5312 0.0181 0.0156
0 0.9639 0.5594 0.0403 0.0172
0 0.6806 0.3945 0.0208 0.0125
0 0.8528 0.6516 0.0236 0.0102
0 0.8806 0.8047 0.0125 0.018
0 0.6861 0.8664 0.0542 0.0312
0 0.1056 0.9258 0.0278 0.0148
0 0.6792 0.9617 0.075 0.0406
0 0.4264 0.6203 0.0431 0.0188
