0 0.5069 0.0289 0.0569 0.0336
0 0.6528 0.0555 0.0583 0.0406
0 0.5625 0.0586 0.0236 0.0164
0 0.6236 0.1227 0.0556 0.0328
0 0.6972 0.1602 0.0403 0.0328
0 0.6389 0.1633 0.0556 0.0258
0 0.5889 0.1906 0.0486 0.0352
0 0.6236 0.2016 0.0417 0.0234
0 0.6653 0.1945 0.0403 0.0383
0 0.5333 0.2234 0.0514 0.0328
0 0.3125 0.2555 0.0569 0.032
0 0.3278 0.2398 0.0389 0.0242
0 0.2569 0.268 0.0625 0.0336
0 0.1389 0.3086 0.0528 0.0273
0 0.3264 0.2859 0.0722 0.0273
0 0.5583 0.2812 0.0278 0.0234
0 0.6569 0.2539 0.0556 0.032
0 0.6042 0.2711 0.0625 0.0328
0 0.6083 0.3039 0.0639 0.0383
0 0.6639 0.3109 0.0486 0.0344
0 0.7 0.3125 0.0306 0.0383
0 0.7319 0.343 0.0542 0.0344
0 0.8667 0.3305 0.0611 0.0344
0 0.9792 0.3289 0.0375 0.0336
0 0.4153 0.3945 0.0542 0.0234
0 0.4972 0.4102 0.0667 0.0375
0 0.5597 0.3992 0.0681 0.0375
0 0.5458 0.3328 0.0611 0.0359
0 0.0861 0.4172 0.0514 0.0312
0 0.0417 0.4234 0.0556 0.0328
0 0.0097 0.4203 0.0208 0.0289
0 0.275 0.4391 0.0389 0.0242
0 0.6764 0.3695 0.0569 0.0375
0 0.6333 0.3695 0.0236 0.0234
0 0.7736 0.3938 0.0653 0.0352
0 0.2306 0.4727 0.0486 0.0336
0 0.0389 0.5367 0.0528 0.0281
0 0.2167 0.5117 0.0611 0.0273
0 0.2583 0.5422 0.0458 0.0219
0 0.4125 0.507 0.05 0.0227
0 0.3833 0.5398 0.0361 0.0211
0 0.6514 0.5305 0.0486 0.0305
0 0.6931 0.5258 0.0556 0.0359
0 0.7792 0.4922 0.0361 0.0328
0 0.7083 0.4648 0.0319 0.0234
0 0.5528 0.468 0.0431 0.0289
0 0.6083 0.4672 0.0625 0.0297
0 0.6264 0.543 0.0333 0.0234
0 0.4986 0.5992 0.05 0.0266
0 0.7694 0.5438 0.0375 0.0242
0 0.6681 0.5625 0.0208 0.0148
0 0.6083 0.5844 0.05 0.025
0 0.6667 0.5961 0.0583 0.0367
0 0.9778 0.6289 0.0417 0.032
0 0.8583 0.6523 0.05 0.032
0 0.9333 0.6375 0.0333 0.0266
0 0.9611 0.6664 0.0375 0.0242
0 0.7514 0.6602 0.0569 0.0422
0 0.7972 0.6836 0.0597 0.0305
0 0.8958 0.7281 0.0375 0.0391
0 0.8319 0.7148 0.0417 0.0289
0 0.8597 0.6828 0.0528 0.0242
0 0.9208 0.7672 0.0347 0.0297
0 0.6528 0.6906 0.0583 0.0359
0 0.5264 0.6406 0.0681 0.0234
0 0.3931 0.6922 0.0486 0.0266
0 0.4722 0.6734 0.0486 0.0258
0 0.4861 0.7508 0.05 0.0258
0 0.0875 0.7148 0.0514 0.0281
0 0.3347 0.8047 0.0597 0.0273
0 0.2736 0.7297 0.0264 0.0195
0 0.0375 0.7836 0.0611 0.0305
0 0.0153 0.8742 0.0264 0.0367
0 0.1917 0.8688 0.0681 0.0367
0 0.8375 0.7789 0.05 0.025
0 0.9472 0.7828 0.0333 0.0203
0 0.6667 0.9297 0.0514 0.0266
0 0.7722 0.975 0.0764 0.0461
0 0.9278 0.8438 0.0569 0.032
0 0.8917 0.8664 0.0431 0.0312
0 0.9597 0.9625 0.0444 0.0484
0 0.8458 0.8312 0.0319 0.018
0 0.2861 0.9211 0.0625 0.0305
0 0.8042 0.4891 0.0444 0.0297
0 0.625 0.325 0.0347 0.018
0 0.5736 0.0031 0.0375 0.0055
0 0.3194 0.4523 0.0306 0.0188
0 0.1139 0.5117 0.025 0.0141
0 0.9417 0.8773 0.0736 0.018
0 0.2472 0.6336 0.0278 0.0172
0 0.9056 0.6672 0.0375 0.0305
0 0.3917 0.875 0.0306 0.0188
