0 0.7958 0.5266 0.0472 0.0258
0 0.5125 0.4133 0.0444 0.0289
0 0.4972 0.3625 0.0431 0.0242
0 0.3861 0.5359 0.0444 0.0266
0 0.3514 0.5312 0.0292 0.0211
0 0.3111 0.5328 0.0431 0.0242
0 0.0972 0.4719 0.0319 0.018
0 0.1319 0.4367 0.0333 0.0164
0 0.0194 0.4492 0.0375 0.0227
0 0.4292 0.507 0.0389 0.0234
0 0.5194 0.4844 0.0306 0.0195
0 0.8319 0.3703 0.0417 0.0203
0 0.9264 0.3203 0.0375 0.0227
0 0.8236 0.3312 0.0389 0.0203
0 0.675 0.275 0.0417 0.0242
0 0.6167 0.3539 0.0292 0.0164
0 0.5597 0.3352 0.0375 0.0219
0 0.2028 0.2969 0.0306 0.0195
0 0.2347 0.3031 0.0292 0.0195
0 0.4861 0.175 0.0361 0.0211
0 0.5014 0.232 0.0319 0.0203
0 0.4028 0.2086 0.0361 0.0203
0 0.4139 0.1875 0.0333 0.0188
0 0.2514 0.1656 0.0347 0.0242
0 0.3056 0.1273 0.0347 0.0195
0 0.2278 0.2477 0.0292 0.0141
0 0.2667 0.2172 0.0319 0.0203
0 0.3181 0.2195 0.0306 0.018
0 0.3556 0.2109 0.0306 0.0164
0 0.5903 0.1523 0.0306 0.0211
0 0.6222 0.1734 0.0375 0.0211
0 0.6264 0.2047 0.0361 0.018
0 0.8403 0.4336 0.0333 0.0125
0 0.5097 0.2094 0.0306 0.0172
0 0.4569 0.2234 0.0278 0.0203
0 0.3097 0.1594 0.0306 0.0172
0 0.2264 0.1805 0.0333 0.0148
0 0.1139 0.2055 0.0292 0.0203
0 0.0903 0.2047 0.0208 0.0148
0 0.6819 0.2219 0.025 0.0117
0 0.4611 0.1484 0.0222 0.0227
0 0.4153 0.1258 0.0403 0.0219
0 0.3792 0.1719 0.0375 0.0156
0 0.3347 0.1766 0.0333 0.0164
0 0.3819 0.1961 0.0319 0.0133
0 0.3306 0.1953 0.0181 0.0148
0 0.3056 0.1961 0.0542 0.018
0 0.425 0.1094 0.0403 0.0156
0 0.3931 0.1328 0.0319 0.0141
0 0.5597 0.1609 0.0389 0.0234
0 0.55 0.1758 0.0222 0.0148
0 0.4917 0.1992 0.0306 0.018
0 0.4986 0.1797 0.0292 0.0195
0 0.4667 0.3008 0.0264 0.0211
0 0.3417 0.3109 0.0347 0.0172
0 0.45 0.3562 0.0278 0.0156
0 0.5681 0.3758 0.025 0.0203
0 0.7306 0.3234 0.0153 0.0234
0 0.7264 0.2141 0.0236 0.0148
0 0.2014 0.4328 0.0292 0.0102
0 0.0069 0.4 0.0139 0.0219
0 0.2931 0.4906 0.025 0.0141
0 0.3 0.4641 0.0319 0.0211
0 0.4542 0.4469 0.0236 0.0172
0 0.5347 0.4438 0.0292 0.0172
0 0.6014 0.4383 0.0208 0.0133
0 0.5458 0.4891 0.0306 0.0125
0 0.9903 0.5586 0.0167 0.0141
0 0.9917 0.6031 0.0139 0.0086
0 0.8417 0.5352 0.0222 0.0086
0 0.7653 0.3289 0.0125 0.0117
0 0.8153 0.3164 0.0306 0.0125
0 0.8778 0.2797 0.0264 0.0188
0 0.6153 0.2812 0.0208 0.0211
0 0.6361 0.2492 0.0236 0.0078
0 0.6528 0.2172 0.0417 0.0125
0 0.1528 0.2984 0.0361 0.0141
0 0.0667 0.4578 0.0194 0.0156
