0 0.2694 0.2234 0.0403 0.0211
0 0.0708 0.382 0.0375 0.0211
0 0.1069 0.3836 0.0292 0.0164
0 0.1042 0.4547 0.0472 0.0266
0 0.1181 0.4844 0.0375 0.0188
0 0.1014 0.5734 0.05 0.0188
0 0.0861 0.6281 0.0264 0.0156
0 0.0583 0.5695 0.0181 0.0195
0 0.075 0.6828 0.0458 0.0219
0 0.3014 0.4719 0.0375 0.0203
0 0.4819 0.4445 0.0375 0.0219
0 0.3917 0.4156 0.0264 0.0188
0 0.4417 0.4102 0.0292 0.0195
0 0.4222 0.4258 0.0194 0.0117
0 0.7611 0.3828 0.0097 0.0055
0 0.7375 0.3531 0.0139 0.0039
0 0.7 0.6727 0.0153 0.0078
0 0.0181 0.4766 0.0333 0.0289
0 0.05 0.6469 0.0556 0.0297
0 0.4042 0.6953 0.0181 0.0188
0 0.5722 0.6711 0.0208 0.0141
0 0.6528 0.6445 0.0431 0.0281
0 0.5667 0.6117 0.0222 0.0094
0 0.9403 0.6297 0.0222 0.0211
0 0.8722 0.6016 0.0278 0.0242
0 0.9069 0.5898 0.0125 0.0156
0 0.9181 0.6586 0.0333 0.0242
0 0.6903 0.5672 0.0236 0.0102
0 0.75 0.5523 0.0319 0.0172
0 0.7028 0.6055 0.0181 0.0141
0 0.9014 0.3062 0.0292 0.0156
0 0.9083 0.3172 0.0222 0.0078
0 0.9389 0.3344 0.0264 0.0172
0 0.9694 0.3398 0.0375 0.018
0 0.9833 0.3227 0.0292 0.0195
0 0.3319 0.4539 0.0181 0.0102
