0 0.1653 0.4992 0.0597 0.0281
0 0.3806 0.443 0.0292 0.0219
0 0.4903 0.5156 0.0458 0.0203
0 0.6278 0.6656 0.0347 0.0258
0 0.9181 0.6023 0.0431 0.0195
0 0.8931 0.582 0.0375 0.0195
0 0.7903 0.5281 0.0403 0.0211
0 0.5806 0.5477 0.05 0.0227
0 0.6028 0.3828 0.0389 0.0242
0 0.7222 0.3578 0.0333 0.0172
0 0.7917 0.3586 0.0292 0.0164
0 0.7736 0.3977 0.0319 0.0141
0 0.5986 0.3602 0.0292 0.0164
0 0.525 0.2703 0.0292 0.0203
0 0.7097 0.125 0.0306 0.018
0 0.7444 0.1234 0.0222 0.0141
0 0.4833 0.1094 0.0306 0.0172
0 0.4472 0.1461 0.0375 0.0172
0 0.3667 0.0586 0.0333 0.0211
0 0.3778 0.1156 0.0264 0.0164
0 0.425 0.1617 0.0278 0.0156
0 0.3417 0.1852 0.025 0.0141
0 0.2319 0.2461 0.0347 0.0172
0 0.1778 0.4492 0.0472 0.0344
0 0.0472 0.457 0.0431 0.0195
0 0.0958 0.4492 0.0306 0.0227
0 0.8944 0.2656 0.0403 0.0195
0 0.7681 0.3062 0.0361 0.0195
0 0.9194 0.1727 0.0389 0.025
0 0.8333 0.2219 0.0389 0.0125
0 0.7139 0.2609 0.0375 0.0172
0 0.6736 0.1406 0.0278 0.0133
0 0.6375 0.1391 0.0333 0.0172
0 0.6069 0.1633 0.0264 0.0195
0 0.5694 0.1516 0.0306 0.0211
0 0.8306 0.2039 0.0264 0.018
0 0.1611 0.2898 0.0306 0.0156
0 0.2167 0.2688 0.025 0.0164
0 0.3653 0.2156 0.0278 0.0148
0 0.2708 0.4836 0.0347 0.0148
0 0.5944 0.3406 0.0389 0.0234
0 0.8708 0.3781 0.0278 0.0172
0 0.2611 0.4359 0.0417 0.025
0 0.4181 0.3906 0.0292 0.0148
0 0.5736 0.3914 0.0333 0.0211
0 0.2556 0.2312 0.0292 0.0188
0 0.3847 0.2836 0.0375 0.0203
0 0.2417 0.3344 0.0278 0.0109
0 0.2417 0.2062 0.025 0.0102
0 0.3597 0.1906 0.0181 0.0141
0 0.3194 0.1859 0.0319 0.0195
0 0.3931 0.1328 0.0278 0.0172
0 0.4361 0.1094 0.0278 0.0219
0 0.4694 0.1008 0.0319 0.0156
0 0.4986 0.0945 0.0153 0.0133
0 0.3806 0.068 0.0236 0.0172
0 0.8931 0.2367 0.0153 0.0164
0 0.5764 0.2508 0.0208 0.0156
0 0.5083 0.2336 0.0236 0.0117
0 0.5056 0.207 0.0306 0.0148
0 0.2389 0.3438 0.0264 0.0125
0 0.3778 0.3211 0.0194 0.0156
0 0.4667 0.2953 0.0292 0.0141
0 0.2778 0.2805 0.0292 0.0141
0 0.3014 0.2734 0.0306 0.0156
0 0.1833 0.3125 0.0167 0.0109
0 0.2139 0.3906 0.0236 0.0117
0 0.2611 0.3742 0.0222 0.0102
0 0.3875 0.3617 0.0278 0.0109
0 0.1556 0.4578 0.0444 0.0227
0 0.1333 0.4438 0.0181 0.0164
0 0.1208 0.4742 0.0458 0.0312
0 0.9611 0.3547 0.0319 0.0172
0 0.6819 0.3492 0.0222 0.0117
0 0.5861 0.2867 0.0319 0.018
0 0.4347 0.4039 0.0264 0.0102
0 0.7639 0.3836 0.0375 0.0188
0 0.8222 0.4234 0.0264 0.0086
0 0.8986 0.4492 0.0347 0.0211
0 0.9292 0.4617 0.0306 0.0188
0 0.9917 0.443 0.0125 0.0148
0 0.9597 0.4023 0.025 0.0141
0 0.7389 0.4312 0.0264 0.0141
0 0.7694 0.4227 0.0319 0.0156
0 0.0222 0.5125 0.0389 0.0148
0 0.0764 0.3914 0.0208 0.0133
0 0.2569 0.4688 0.025 0.0195
0 0.2875 0.4641 0.0264 0.0141
0 0.3125 0.4477 0.0278 0.0211
0 0.4167 0.4336 0.0389 0.0148
0 0.3986 0.4562 0.0236 0.0211
0 0.3736 0.4828 0.0278 0.0133
0 0.2486 0.4891 0.025 0.0188
0 0.2389 0.5031 0.0292 0.0117
0 0.2611 0.5102 0.025 0.0133
0 0.2361 0.518 0.0264 0.0141
0 0.35 0.4984 0.025 0.0148
0 0.4847 0.4867 0.0375 0.0133
0 0.5583 0.4891 0.0611 0.0203
0 0.6444 0.5664 0.0375 0.0234
0 0.6875 0.6219 0.0264 0.0211
0 0.6569 0.6562 0.0319 0.0188
0 0.6125 0.6438 0.0222 0.0133
0 0.6986 0.4781 0.0319 0.0195
0 0.8486 0.532 0.0278 0.0227
0 0.825 0.5406 0.0306 0.0148
0 0.7792 0.5461 0.0333 0.0141
0 0.7833 0.557 0.025 0.0086
0 0.7583 0.55 0.0167 0.0117
0 0.9778 0.5492 0.0333 0.0172
0 0.9708 0.5594 0.0403 0.0133
0 0.2792 0.3125 0.0292 0.0172
0 0.0583 0.3125 0.0264 0.0117
