0 0.9 0.6352 0.05 0.0281
0 0.8583 0.3594 0.0319 0.0242
0 0.8389 0.3078 0.0444 0.0258
0 0.8167 0.2867 0.0472 0.0273
0 0.7972 0.3039 0.0347 0.0242
0 0.9528 0.3438 0.0347 0.0234
0 0.9778 0.3633 0.0319 0.0203
0 0.8653 0.5664 0.0292 0.0227
0 0.3542 0.3445 0.0361 0.0188
0 0.0319 0.4922 0.0306 0.0188
0 0.1333 0.5695 0.0361 0.0211
0 0.0889 0.5781 0.0236 0.0203
0 0.1708 0.3844 0.0194 0.0117
0 0.4569 0.3664 0.0278 0.018
0 0.5653 0.4062 0.0361 0.0172
0 0.4514 0.4266 0.0208 0.0141
0 0.2847 0.4258 0.0347 0.0156
0 0.3111 0.4336 0.0194 0.0109
0 0.1222 0.3844 0.0264 0.007
0 0.0472 0.4445 0.0361 0.0141
0 0.7083 0.3852 0.0319 0.0211
0 0.7389 0.3891 0.0264 0.0172
0 0.1681 0.368 0.0264 0.0148
0 0.1944 0.325 0.0278 0.0203
0 0.4181 0.3898 0.0361 0.0109
0 0.9778 0.5508 0.0389 0.0203
0 0.8764 0.2719 0.0306 0.0203
0 0.7806 0.1602 0.025 0.0211
0 0.8236 0.1648 0.0208 0.0219
0 0.8319 0.1953 0.0431 0.0234
0 0.6208 0.3578 0.0181 0.018
0 0.6431 0.5836 0.0333 0.0258
0 0.1361 0.243 0.0375 0.0172
0 0.2528 0.357 0.0347 0.0266
0 0.0556 0.4227 0.025 0.0156
0 0.0222 0.4742 0.0264 0.0164
0 0.1444 0.5336 0.0417 0.0195
0 0.5931 0.5773 0.0292 0.0242
0 0.4597 0.4125 0.0306 0.0156
0 0.5125 0.3906 0.0181 0.0141
0 0.7278 0.4539 0.0333 0.0102
0 0.6278 0.2734 0.0389 0.0148
0 0.8458 0.3477 0.0333 0.0125
0 0.8375 0.5734 0.0347 0.0234
0 0.8708 0.6164 0.0347 0.0219
