0 0.0736 0.0477 0.0417 0.0234
0 0.0806 0.068 0.0458 0.018
0 0.0611 0.0945 0.0556 0.0336
0 0.1861 0.1227 0.0625 0.0398
0 0.1583 0.1594 0.0486 0.0312
0 0.2056 0.1688 0.0583 0.0359
0 0.0486 0.1633 0.05 0.0289
0 0.1347 0.2016 0.05 0.0266
0 0.1069 0.2352 0.0528 0.0328
0 0.0611 0.2734 0.0542 0.0312
0 0.2069 0.2836 0.05 0.0266
0 0.3 0.2094 0.0417 0.0234
0 0.3167 0.1109 0.0403 0.0273
0 0.3319 0.0391 0.0389 0.0242
0 0.3444 0.0672 0.0431 0.0234
0 0.3639 0.0578 0.0444 0.025
0 0.4458 0.0219 0.0403 0.0312
0 0.3958 0.0656 0.0222 0.0195
0 0.3861 0.0484 0.025 0.0148
0 0.2694 0.2602 0.0347 0.0172
0 0.3597 0.1758 0.0375 0.0242
0 0.4889 0.0211 0.0472 0.0273
0 0.4903 0.0453 0.0361 0.0203
0 0.525 0.0539 0.025 0.0211
0 0.4736 0.0719 0.0444 0.0312
0 0.4458 0.1703 0.0361 0.0195
0 0.4472 0.1891 0.0278 0.0164
0 0.4722 0.193 0.0333 0.0188
0 0.4889 0.0961 0.0403 0.0219
0 0.5097 0.0836 0.0403 0.0273
0 0.5292 0.0797 0.025 0.0219
0 0.5944 0.0391 0.0389 0.0211
0 0.5528 0.1078 0.0319 0.0234
0 0.6514 0.0484 0.0403 0.0242
0 0.7069 0.0797 0.0375 0.0219
0 0.7472 0.0719 0.0264 0.0172
0 0.7361 0.0961 0.0264 0.0141
0 0.4667 0.2695 0.0319 0.0164
0 0.2861 0.2953 0.0389 0.0219
0 0.6125 0.2047 0.0569 0.032
0 0.5056 0.1578 0.0375 0.0211
0 0.6653 0.1406 0.0361 0.0219
0 0.475 0.1078 0.0389 0.0242
0 0.6778 0.1117 0.0375 0.025
0 0.7528 0.2031 0.0597 0.0266
0 0.7431 0.2305 0.0583 0.0289
0 0.7833 0.1945 0.0403 0.0234
0 0.6597 0.2688 0.05 0.0266
0 0.8528 0.0906 0.0444 0.0266
0 0.8278 0.0836 0.0194 0.0227
0 0.8306 0.1633 0.0431 0.0273
0 0.8694 0.1555 0.0444 0.0273
0 0.8764 0.0672 0.05 0.0258
0 0.8875 0.0414 0.0486 0.0266
0 0.9667 0.032 0.0597 0.0297
0 0.9431 0.0422 0.0486 0.0281
0 0.9333 0.0242 0.0375 0.0242
0 0.9403 0.0656 0.0347 0.0289
0 0.9569 0.0719 0.0417 0.032
0 0.9833 0.0727 0.0306 0.0344
0 0.9194 0.1195 0.0528 0.0305
0 0.9347 0.1969 0.0472 0.0242
0 0.5361 0.3109 0.0569 0.0305
0 0.5639 0.3359 0.0528 0.0305
0 0.4958 0.3312 0.025 0.0242
0 0.6153 0.3555 0.0319 0.0258
0 0.9361 0.2273 0.0389 0.0156
0 0.6083 0.2773 0.0375 0.0367
0 0.9472 0.4102 0.075 0.0312
0 0.9069 0.4398 0.0542 0.0422
0 0.5528 0.5852 0.0403 0.0242
0 0.6639 0.5586 0.0347 0.0266
0 0.6319 0.4906 0.0264 0.0227
0 0.7681 0.4688 0.0833 0.0391
0 0.7042 0.5367 0.0694 0.0367
0 0.7556 0.5945 0.0347 0.0273
0 0.8375 0.5883 0.0597 0.0375
0 0.9028 0.5859 0.0417 0.0266
0 0.9861 0.6 0.0181 0.0273
0 0.1181 0.5852 0.0556 0.025
0 0.1306 0.6281 0.0556 0.0336
0 0.1944 0.6547 0.05 0.0281
0 0.2375 0.6734 0.0569 0.0297
0 0.1472 0.7336 0.0597 0.0352
0 0.0722 0.7289 0.0597 0.0344
0 0.0889 0.6977 0.0472 0.0273
0 0.1861 0.6773 0.0472 0.0172
0 0.2181 0.6977 0.0556 0.0312
0 0.4194 0.7062 0.0431 0.0281
0 0.4056 0.6617 0.05 0.0328
0 0.825 0.7469 0.0667 0.0383
0 0.9569 0.007 0.0264 0.0133
0 0.9708 0.1031 0.0542 0.0305
0 0.5194 0.1805 0.0264 0.0188
0 0.7778 0.2781 0.0292 0.0148
0 0.75 0.5688 0.0264 0.0273
