0 0.3681 0.1914 0.0417 0.0219
0 0.3958 0.225 0.0389 0.0219
0 0.3389 0.1383 0.0306 0.0141
0 0.3222 0.2586 0.0458 0.0305
0 0.2903 0.2602 0.0333 0.0219
0 0.3653 0.3016 0.05 0.025
0 0.2764 0.2992 0.0458 0.0242
0 0.5 0.4008 0.0458 0.0273
0 0.5069 0.4656 0.0375 0.0312
0 0.4111 0.4516 0.0431 0.0219
0 0.2889 0.5016 0.0431 0.0227
0 0.6222 0.5008 0.0444 0.025
0 0.6778 0.5234 0.0417 0.025
0 0.5764 0.4367 0.0361 0.0156
0 0.3222 0.4258 0.0528 0.0266
0 0.2042 0.525 0.0583 0.0258
0 0.1778 0.5406 0.0472 0.0312
0 0.2514 0.5969 0.0667 0.0344
0 0.4111 0.4016 0.0278 0.0195
0 0.4139 0.3648 0.0292 0.0195
0 0.4111 0.3117 0.0319 0.018
0 0.2167 0.6258 0.0458 0.0281
0 0.4847 0.5664 0.0458 0.0328
0 0.3292 0.5555 0.0222 0.0281
0 0.5528 0.5531 0.0444 0.0258
0 0.3639 0.6438 0.0514 0.0297
0 0.1736 0.6633 0.0556 0.0211
0 0.1361 0.6812 0.0583 0.0297
0 0.2403 0.7391 0.0444 0.0234
0 0.1472 0.8094 0.0736 0.0383
0 0.525 0.7961 0.0528 0.0312
0 0.5181 0.8281 0.0417 0.0297
0 0.6944 0.7398 0.0431 0.0203
0 0.65 0.7344 0.0389 0.0211
0 0.6444 0.6961 0.05 0.0242
0 0.5222 0.7039 0.0542 0.0266
0 0.3611 0.7234 0.0486 0.0289
0 0.9208 0.8797 0.0611 0.0336
0 0.6208 0.5266 0.0417 0.0258
0 0.6167 0.5602 0.0306 0.0234
0 0.5375 0.5141 0.0194 0.0211
0 0.9861 0.8211 0.0208 0.0164
0 0.2611 0.3469 0.025 0.0156
0 0.4778 0.3828 0.0236 0.0172
0 0.4611 0.4242 0.0181 0.0133
0 0.4222 0.4211 0.0306 0.0188
0 0.2903 0.4562 0.025 0.0164
0 0.1083 0.6062 0.0222 0.0227
0 0.7861 0.9484 0.0319 0.0305
0 0.7236 0.9445 0.0319 0.0281
0 0.7556 0.7336 0.0278 0.0203
0 0.8972 0.5633 0.0292 0.0156
0 0.9875 0.5891 0.0181 0.0148
0 0.9403 0.5742 0.0292 0.0102
0 0.8778 0.6258 0.0264 0.0141
0 0.9111 0.6422 0.0361 0.0164
0 0.8611 0.6609 0.0292 0.0148
