0 0.5014 0.1484 0.0417 0.032
0 0.5417 0.1484 0.0611 0.0367
0 0.5375 0.1695 0.0514 0.0133
0 0.5028 0.2398 0.0625 0.0367
0 0.4694 0.2484 0.0417 0.032
0 0.4014 0.3391 0.0597 0.025
0 0.5833 0.3844 0.0625 0.0312
0 0.5222 0.4109 0.0542 0.0359
0 0.3639 0.4969 0.0486 0.0273
0 0.5278 0.4484 0.0236 0.0102
0 0.5333 0.4797 0.0403 0.025
0 0.5792 0.5031 0.0417 0.0219
0 0.6458 0.5031 0.05 0.0359
0 0.6917 0.4797 0.0389 0.0172
0 0.3042 0.5266 0.0514 0.0336
0 0.2917 0.5516 0.0514 0.0258
0 0.3556 0.5648 0.0403 0.0281
0 0.3458 0.5945 0.05 0.0305
0 0.2847 0.5758 0.0569 0.0281
0 0.2806 0.6016 0.0639 0.0211
0 0.8111 0.5852 0.0556 0.0305
0 0.5764 0.6273 0.025 0.0109
0 0.4139 0.6852 0.0611 0.0258
0 0.3694 0.7133 0.0556 0.0336
0 0.3472 0.6922 0.0486 0.0227
0 0.3222 0.682 0.0444 0.0312
0 0.3139 0.7695 0.0597 0.0352
0 0.3347 0.8945 0.0306 0.0398
0 0.3875 0.9 0.0583 0.0375
0 0.3736 0.3781 0.0597 0.025
0 0.4264 0.5922 0.0306 0.018
0 0.65 0.6906 0.05 0.0289
0 0.1819 0.9172 0.0486 0.0312
0 0.6125 0.4891 0.0361 0.0242
0 0.2722 0.6586 0.0181 0.0117
0 0.4042 0.7383 0.0472 0.0172
0 0.3708 0.9617 0.0222 0.0156
0 0.0806 0.8828 0.0431 0.0141
0 0.5125 0.8602 0.0319 0.0172
