0 0.5153 0.2 0.0528 0.0273
0 0.3278 0.4328 0.0472 0.025
0 0.3375 0.4625 0.0458 0.0203
0 0.1833 0.45 0.0181 0.0109
0 0.0806 0.5398 0.0361 0.0172
0 0.3097 0.6016 0.0361 0.018
0 0.2944 0.6586 0.0403 0.0227
0 0.5083 0.4539 0.0306 0.018
0 0.5556 0.4359 0.0292 0.0172
0 0.7181 0.4312 0.0403 0.0273
0 0.6653 0.3961 0.0292 0.0203
0 0.6458 0.4125 0.0222 0.0125
0 0.6194 0.4 0.0208 0.0219
0 0.9083 0.5594 0.0306 0.0117
0 0.7972 0.6656 0.0347 0.0188
0 0.9444 0.6602 0.0264 0.0133
0 0.2986 0.357 0.0361 0.0227
0 0.3361 0.3617 0.0361 0.0172
0 0.2417 0.4492 0.0292 0.0211
0 0.1194 0.4992 0.0236 0.0164
0 0.1125 0.5391 0.0292 0.0289
0 0.2778 0.5453 0.0278 0.0227
0 0.3139 0.5508 0.0472 0.0188
0 0.2764 0.6211 0.0667 0.0273
0 0.5167 0.7375 0.0417 0.0156
0 0.6431 0.6781 0.0111 0.0164
0 0.8764 0.6336 0.0403 0.0109
0 0.9014 0.6641 0.0472 0.0281
0 0.9458 0.6812 0.0181 0.0195
