0 0.0319 0.0289 0.0347 0.025
0 0.0194 0.0508 0.0347 0.0258
0 0.0528 0.0766 0.0361 0.0172
0 0.0333 0.1109 0.0389 0.0211
0 0.0792 0.0273 0.0389 0.0211
0 0.1153 0.0383 0.05 0.0297
0 0.1417 0.1406 0.0319 0.0211
0 0.0778 0.1906 0.0236 0.018
0 0.075 0.2438 0.0431 0.0258
0 0.1764 0.2039 0.0528 0.032
0 0.2139 0.2102 0.0208 0.0211
0 0.1097 0.2617 0.0236 0.0117
0 0.1444 0.2586 0.0597 0.032
0 0.2667 0.0617 0.0514 0.0352
0 0.3347 0.0422 0.0194 0.0133
0 0.2694 0.1367 0.0583 0.0352
0 0.3056 0.2555 0.0486 0.0305
0 0.3542 0.2125 0.0639 0.0352
0 0.3958 0.125 0.0458 0.032
0 0.4389 0.082 0.0625 0.0352
0 0.4403 0.1367 0.05 0.0375
0 0.4764 0.1836 0.0194 0.0078
0 0.1833 0.6008 0.0153 0.0133
0 0.1625 0.5352 0.0208 0.0203
0 0.275 0.593 0.0208 0.0094
0 0.0694 0.6461 0.05 0.0281
0 0.2056 0.6836 0.05 0.0266
0 0.0236 0.7812 0.0472 0.0328
0 0.4264 0.2648 0.0472 0.0266
0 0.4667 0.275 0.0389 0.0148
0 0.3917 0.2672 0.0278 0.0203
0 0.4222 0.593 0.0417 0.0273
0 0.4278 0.6398 0.0597 0.0312
0 0.3736 0.7453 0.0472 0.032
0 0.4431 0.7531 0.0556 0.0352
0 0.5 0.6664 0.0556 0.0281
0 0.4833 0.6891 0.0403 0.0188
0 0.5083 0.707 0.0458 0.032
0 0.5458 0.6867 0.0597 0.0227
0 0.6806 0.7086 0.0389 0.0242
0 0.7153 0.6688 0.0514 0.0312
0 0.8556 0.5836 0.0403 0.0219
0 0.5236 0.0281 0.0333 0.0227
0 0.55 0.0141 0.0389 0.0266
0 0.5792 0.0234 0.0194 0.0156
0 0.6611 0.0305 0.0444 0.0266
0 0.7042 0.0391 0.05 0.0266
0 0.6722 0.0539 0.0417 0.0195
0 0.8375 0.0062 0.0375 0.0109
0 0.8986 0.0367 0.0347 0.0266
0 0.9347 0.0477 0.0236 0.0203
0 0.8736 0.0664 0.0375 0.0234
0 0.8681 0.0984 0.0347 0.0219
0 0.9194 0.1211 0.0347 0.0195
0 0.9069 0.1656 0.0528 0.032
0 0.9903 0.175 0.0167 0.0125
0 0.9444 0.2344 0.0514 0.0242
0 0.9819 0.2414 0.0319 0.0195
0 0.7 0.082 0.0361 0.0195
0 0.6792 0.125 0.0306 0.0188
0 0.5264 0.1438 0.0333 0.0188
0 0.5875 0.1383 0.0306 0.0188
0 0.5889 0.1562 0.0236 0.0141
0 0.6167 0.1609 0.0306 0.0164
0 0.6542 0.1453 0.0347 0.0172
0 0.6264 0.1805 0.0236 0.0141
0 0.7486 0.168 0.0278 0.0188
0 0.6944 0.2438 0.0319 0.0219
0 0.9375 0.4758 0.0167 0.0258
0 0.8333 0.418 0.0347 0.0156
0 0.7389 0.0656 0.0347 0.0195
0 0.6097 0.5812 0.025 0.0172
0 0.7389 0.3336 0.0444 0.018
0 0.7708 0.3086 0.0444 0.0242
0 0.8417 0.2844 0.0556 0.0328
0 0.8611 0.3078 0.0625 0.0312
0 0.8972 0.3328 0.0514 0.0273
0 0.9139 0.3695 0.0181 0.0172
0 0.0958 0.0953 0.0278 0.0234
0 0.6444 0.0664 0.0403 0.0227
0 0.5861 0.0578 0.0236 0.0102
0 0.4972 0.007 0.0347 0.0141
0 0.6764 0.0047 0.0417 0.0102
0 0.7097 0.0102 0.0264 0.0172
0 0.9431 0.0234 0.025 0.0141
0 0.6903 0.1477 0.0333 0.018
0 0.3819 0.7141 0.0542 0.0297
0 0.9819 0.1961 0.0333 0.0156
