0 0.4431 0.1172 0.0431 0.0258
0 0.4653 0.1438 0.0278 0.0227
0 0.5042 0.1453 0.0542 0.0359
0 0.5556 0.1398 0.0611 0.0391
0 0.5125 0.1656 0.0208 0.0102
0 0.5889 0.2562 0.0361 0.018
0 0.5153 0.3398 0.0611 0.0367
0 0.4389 0.3641 0.0556 0.0289
0 0.4083 0.3859 0.0361 0.0234
0 0.7028 0.4125 0.0278 0.025
0 0.6861 0.4172 0.0389 0.0242
0 0.3472 0.5484 0.0444 0.0297
0 0.5097 0.4781 0.0528 0.0336
0 0.6292 0.4914 0.0514 0.0266
0 0.7139 0.4836 0.0417 0.0242
0 0.7458 0.4812 0.0194 0.0195
0 0.5611 0.5695 0.0667 0.0359
0 0.4389 0.5883 0.0444 0.0133
0 0.5319 0.6156 0.0681 0.0328
0 0.5847 0.6016 0.0403 0.0289
0 0.6306 0.5875 0.0556 0.0336
0 0.6639 0.6094 0.0417 0.0195
0 0.5889 0.6531 0.0347 0.0211
0 0.4986 0.6438 0.0375 0.0219
0 0.6028 0.693 0.0597 0.0289
0 0.6361 0.6641 0.0486 0.0297
0 0.3111 0.8648 0.0583 0.0344
0 0.2917 0.7539 0.0597 0.0203
0 0.5444 0.0281 0.0486 0.0305
0 0.1111 0.8492 0.0403 0.0203
0 0.4264 0.7492 0.0292 0.0172
0 0.9875 0.6742 0.0194 0.0156
0 0.3819 0.5977 0.0389 0.0195
0 0.6542 0.2836 0.025 0.0125
0 0.6569 0.3109 0.0292 0.0234
0 0.4944 0.3891 0.0222 0.0195
0 0.5931 0.2984 0.0139 0.0102
0 0.5611 0.3203 0.0222 0.0133
0 0.5417 0.4758 0.0458 0.0328
0 0.5694 0.4672 0.0403 0.0273
0 0.7153 0.6133 0.0375 0.0172
0 0.6611 0.7727 0.0556 0.0367
0 0.7042 0.9398 0.0694 0.0469
0 0.4847 0.9719 0.0653 0.0352
0 0.4514 0.8469 0.0514 0.0227
