0 0.6347 0.1773 0.05 0.0258
0 0.5528 0.1969 0.0375 0.0289
0 0.5139 0.268 0.0583 0.0305
0 0.6236 0.2547 0.0417 0.0242
0 0.5875 0.2141 0.0333 0.018
0 0.5319 0.3047 0.0458 0.0312
0 0.4583 0.3055 0.0389 0.0273
0 0.5028 0.3094 0.0306 0.0219
0 0.4806 0.3414 0.0319 0.0234
0 0.6347 0.3078 0.0458 0.0273
0 0.6042 0.3328 0.0389 0.0156
0 0.4097 0.3859 0.0528 0.0258
0 0.4556 0.3711 0.0569 0.0242
0 0.4306 0.4023 0.0292 0.0141
0 0.5875 0.393 0.0542 0.0289
0 0.5514 0.3555 0.0181 0.0141
0 0.5931 0.4203 0.0417 0.025
0 0.6875 0.4344 0.0431 0.0281
0 0.4042 0.443 0.0431 0.0188
0 0.5208 0.4477 0.0444 0.0266
0 0.5931 0.4742 0.0306 0.0203
0 0.6361 0.468 0.0556 0.0258
0 0.3986 0.4719 0.0444 0.0273
0 0.3806 0.4812 0.0222 0.0141
0 0.4833 0.4789 0.05 0.0211
0 0.4819 0.4539 0.0375 0.0164
0 0.5181 0.5148 0.0403 0.0227
0 0.4917 0.6703 0.0417 0.0227
0 0.6319 0.6094 0.0431 0.0266
0 0.5347 0.5344 0.0347 0.0188
0 0.5389 0.5578 0.0458 0.0297
0 0.6583 0.4969 0.0236 0.0203
0 0.7208 0.5906 0.0278 0.0195
0 0.7097 0.5305 0.0292 0.0133
0 0.7889 0.5625 0.0389 0.0211
0 0.7972 0.5234 0.0431 0.0219
0 0.75 0.6148 0.0236 0.0141
0 0.8819 0.6164 0.0431 0.0273
0 0.7986 0.6281 0.0222 0.0125
0 0.5153 0.6977 0.0514 0.0234
0 0.525 0.7172 0.0556 0.0289
0 0.4917 0.7406 0.0486 0.0297
0 0.6931 0.8219 0.0528 0.0289
0 0.4528 0.4852 0.0208 0.0172
0 0.5667 0.593 0.0292 0.0148
0 0.9139 0.5781 0.0264 0.0211
0 0.8306 0.5133 0.0208 0.007
