0 0.0736 0.1227 0.0361 0.018
0 0.0417 0.1523 0.0347 0.0211
0 0.0181 0.3094 0.0347 0.018
0 0.0083 0.218 0.0167 0.0195
0 0.0097 0.2109 0.0167 0.0125
0 0.1153 0.207 0.0292 0.0164
0 0.0847 0.3031 0.0306 0.0172
0 0.1819 0.3133 0.025 0.0172
0 0.1944 0.2117 0.0333 0.025
0 0.2361 0.2055 0.0208 0.0203
0 0.0069 0.1805 0.0097 0.0242
0 0.0083 0.1539 0.0153 0.0195
0 0.0819 0.1602 0.0444 0.0227
0 0.1528 0.1906 0.0347 0.0258
0 0.1764 0.1891 0.0389 0.0258
0 0.2236 0.2805 0.0347 0.0133
0 0.1431 0.1688 0.0361 0.0211
0 0.1069 0.1438 0.0333 0.0172
0 0.1889 0.1477 0.0361 0.018
0 0.2333 0.3258 0.0347 0.0133
0 0.0403 0.3555 0.0306 0.0188
0 0.0069 0.343 0.0125 0.0172
0 0.1167 0.3867 0.0333 0.0164
0 0.2306 0.3375 0.0361 0.0133
0 0.0889 0.4273 0.0208 0.0102
0 0.0097 0.3828 0.0181 0.0117
0 0.0042 0.3875 0.0097 0.0125
0 0.2458 0.3992 0.0222 0.0188
0 0.3681 0.3422 0.0431 0.0234
0 0.4014 0.4266 0.0333 0.0188
0 0.4208 0.3992 0.0417 0.0211
0 0.4 0.3805 0.0292 0.0164
0 0.1347 0.475 0.0514 0.0234
0 0.1347 0.5 0.0472 0.0266
0 0.3819 0.4297 0.0167 0.0141
0 0.4222 0.3422 0.0347 0.0195
0 0.5181 0.3164 0.0278 0.0164
0 0.5639 0.3312 0.0361 0.0203
0 0.5361 0.3875 0.0194 0.0148
0 0.4792 0.4656 0.0486 0.0195
0 0.8528 0.5062 0.0486 0.0289
0 0.1944 0.5203 0.0569 0.025
0 0.3514 0.5094 0.0403 0.0266
0 0.3736 0.5 0.0389 0.0234
0 0.4375 0.4992 0.0514 0.0273
0 0.5125 0.5219 0.0292 0.0266
0 0.5389 0.5195 0.0458 0.0266
0 0.6486 0.4922 0.0458 0.0258
0 0.9736 0.5211 0.0319 0.0141
0 0.8708 0.4891 0.0333 0.0172
0 0.5833 0.4945 0.0181 0.0164
0 0.5319 0.4078 0.0264 0.0117
0 0.5514 0.4102 0.0264 0.0117
0 0.5667 0.5258 0.025 0.0102
