0 0.1667 0.0234 0.0375 0.0203
0 0.1681 0.0438 0.0389 0.0203
0 0.1556 0.0805 0.0194 0.0117
0 0.1764 0.0594 0.0264 0.0141
0 0.3194 0.1695 0.0375 0.0242
0 0.2306 0.2055 0.0431 0.0195
0 0.1611 0.207 0.0347 0.0195
0 0.2042 0.1977 0.0264 0.0094
0 0.1389 0.0273 0.0222 0.0164
0 0.2764 0.1695 0.0236 0.0203
0 0.4819 0.3008 0.0444 0.0297
0 0.5319 0.3047 0.0486 0.0266
0 0.5472 0.3445 0.0333 0.0234
0 0.3736 0.3172 0.05 0.0219
0 0.3125 0.3539 0.0458 0.025
0 0.1306 0.3359 0.0444 0.0258
0 0.1125 0.3086 0.0292 0.0188
0 0.1833 0.3305 0.0278 0.0195
0 0.3708 0.4195 0.0292 0.0195
0 0.3694 0.3938 0.0292 0.018
0 0.3611 0.3711 0.025 0.0141
0 0.15 0.4234 0.0306 0.018
0 0.1764 0.4148 0.0319 0.0141
0 0.175 0.4891 0.0278 0.0266
0 0.1708 0.4492 0.0361 0.0227
0 0.4486 0.4609 0.0236 0.0195
0 0.35 0.4578 0.0375 0.0195
0 0.4153 0.35 0.0333 0.0188
0 0.175 0.2672 0.0292 0.0188
0 0.6208 0.4805 0.0236 0.0172
0 0.6236 0.4297 0.0208 0.0078
0 0.5181 0.457 0.0306 0.0125
0 0.3139 0.2422 0.0278 0.0148
0 0.1028 0.4336 0.0333 0.0141
0 0.2014 0.4055 0.0306 0.0125
0 0.6306 0.4609 0.0278 0.0148
0 0.2097 0.0812 0.0208 0.0164
0 0.55 0.2789 0.0278 0.0117
0 0.8028 0.568 0.0458 0.0211
0 0.1431 0.3977 0.0472 0.0164
0 0.2917 0.5094 0.0278 0.0148
0 0.3458 0.4961 0.0264 0.0109
0 0.2569 0.0859 0.0403 0.0211
0 0.3167 0.1438 0.0361 0.0172
0 0.2028 0.1016 0.0236 0.0172
0 0.3458 0.1664 0.0264 0.0195
0 0.125 0.357 0.0542 0.0125
0 0.3042 0.468 0.0264 0.0133
0 0.3056 0.4797 0.0361 0.0133
0 0.3042 0.4945 0.0278 0.0133
0 0.3806 0.4727 0.0236 0.0203
0 0.3597 0.4703 0.0167 0.018
0 0.4083 0.4805 0.0167 0.0117
0 0.1389 0.4484 0.0153 0.0156
0 0.1319 0.432 0.0222 0.0164
0 0.2917 0.6289 0.0333 0.0188
0 0.3431 0.6359 0.0333 0.0148
0 0.3708 0.6281 0.0319 0.0203
0 0.3972 0.6242 0.0208 0.0141
0 0.1208 0.5703 0.0431 0.0117
0 0.625 0.5219 0.0264 0.0141
0 0.5708 0.5555 0.0333 0.018
0 0.4958 0.5469 0.0236 0.0133
0 0.6833 0.6273 0.0208 0.0125
0 0.6556 0.5211 0.025 0.0164
0 0.6458 0.5016 0.0208 0.0094
0 0.6194 0.3266 0.0222 0.0086
0 0.6361 0.2953 0.0194 0.0109
0 0.2583 0.1148 0.0333 0.018
0 0.1333 0.0469 0.0278 0.0195
0 0.3292 0.5758 0.0319 0.0148
0 0.4403 0.5508 0.0306 0.0148
0 0.5 0.325 0.0306 0.0141
0 0.5292 0.3227 0.0319 0.0125
0 0.9597 0.6023 0.0375 0.0234
