0 0.5208 0.0539 0.0694 0.0398
0 0.4986 0.0617 0.0431 0.0336
0 0.4347 0.1648 0.0542 0.0336
0 0.6097 0.2109 0.0722 0.043
0 0.5472 0.2398 0.0639 0.043
0 0.4125 0.2133 0.0611 0.0281
0 0.6208 0.2516 0.0556 0.0227
0 0.6375 0.3258 0.0444 0.025
0 0.6889 0.3406 0.0514 0.0383
0 0.7361 0.3133 0.05 0.0203
0 0.8778 0.4297 0.0611 0.0281
0 0.3444 0.357 0.0347 0.0102
0 0.3444 0.3781 0.0389 0.018
0 0.325 0.3945 0.0542 0.025
0 0.3111 0.4188 0.05 0.0266
0 0.3097 0.4461 0.0625 0.0359
0 0.3903 0.4078 0.0319 0.0312
0 0.4319 0.4414 0.0417 0.0297
0 0.2861 0.5086 0.0236 0.0211
0 0.3514 0.525 0.0639 0.0328
0 0.4264 0.5375 0.0361 0.0219
0 0.7083 0.5359 0.0458 0.0344
0 0.3806 0.6133 0.0347 0.0195
0 0.375 0.7289 0.0667 0.0352
0 0.5 0.6328 0.0389 0.0156
0 0.1347 0.957 0.0389 0.0195
0 0.6167 0.3 0.0417 0.0258
0 0.5111 0.6648 0.0458 0.0258
0 0.7986 0.6102 0.0528 0.0336
0 0.0069 0.4984 0.0125 0.0297
0 0.0167 0.1805 0.0306 0.032
0 0.5569 0.2836 0.0292 0.0102
0 0.5708 0.325 0.0542 0.0344
0 0.3931 0.4344 0.0597 0.0297
0 0.4556 0.5531 0.0486 0.0258
0 0.4875 0.532 0.0583 0.0281
0 0.525 0.5117 0.0306 0.0172
0 0.3806 0.7664 0.0319 0.0102
0 0.2625 0.7461 0.0403 0.018
0 0.2111 0.9602 0.0556 0.0391
0 0.5 0.6898 0.0389 0.0195
0 0.7125 0.6508 0.0278 0.0125
0 0.7736 0.6742 0.0264 0.0133
