0 0.3569 0.0781 0.0431 0.0281
0 0.4194 0.0852 0.0486 0.025
0 0.0917 0.1586 0.0319 0.0172
0 0.0833 0.2352 0.0375 0.018
0 0.0528 0.1602 0.0361 0.0195
0 0.0139 0.232 0.0278 0.0188
0 0.0181 0.2156 0.0264 0.0172
0 0.0069 0.2484 0.0125 0.0195
0 0.4208 0.1062 0.0444 0.0211
0 0.0069 0.057 0.0111 0.0227
0 0.4819 0.1359 0.0472 0.0305
0 0.9278 0.2445 0.0347 0.0227
0 0.4958 0.2234 0.0431 0.0258
0 0.4903 0.2445 0.0417 0.0203
0 0.9542 0.2469 0.0417 0.025
0 0.9917 0.2 0.0139 0.0227
0 0.9833 0.1672 0.0278 0.0172
0 0.0875 0.3492 0.0389 0.0227
0 0.1694 0.3797 0.0444 0.0211
0 0.1528 0.418 0.0347 0.018
0 0.1153 0.4273 0.0361 0.0195
0 0.1264 0.457 0.0306 0.0203
0 0.1222 0.4055 0.0333 0.0133
0 0.2306 0.4688 0.0431 0.0195
0 0.3819 0.5078 0.0375 0.0188
0 0.4083 0.5203 0.0319 0.0164
0 0.6125 0.3766 0.0306 0.0211
0 0.625 0.4328 0.0403 0.0242
0 0.6611 0.4352 0.0444 0.0234
0 0.7153 0.4969 0.0444 0.0219
0 0.7458 0.4984 0.0264 0.0188
0 0.9806 0.3461 0.0347 0.0266
0 0.85 0.4352 0.0319 0.0203
0 0.8889 0.4438 0.0403 0.0227
0 0.8222 0.4797 0.0486 0.0273
0 0.5458 0.5477 0.0375 0.025
0 0.8625 0.4742 0.0403 0.0219
0 0.9889 0.4102 0.0181 0.0109
0 0.8806 0.4906 0.05 0.0234
0 0.9194 0.4914 0.0194 0.0125
0 0.7694 0.5484 0.0222 0.0133
0 0.8778 0.5156 0.0292 0.0148
0 0.6653 0.5945 0.0472 0.0219
0 0.6264 0.6164 0.0222 0.0164
0 0.4236 0.7047 0.0514 0.0328
0 0.4528 0.693 0.0431 0.0133
0 0.9722 0.182 0.0125 0.0125
0 0.3958 0.7172 0.0278 0.0172
