0 0.6792 0.0164 0.0472 0.0312
0 0.6264 0.0172 0.0625 0.0352
0 0.5764 0.0273 0.0611 0.0422
0 0.4931 0.0492 0.0569 0.0336
0 0.5181 0.068 0.0264 0.0305
0 0.4236 0.0977 0.0319 0.0312
0 0.3625 0.0914 0.0569 0.0289
0 0.4319 0.1367 0.0444 0.0266
0 0.4722 0.1281 0.0444 0.018
0 0.8139 0.1203 0.0583 0.0266
0 0.8764 0.1438 0.0514 0.0281
0 0.1417 0.2844 0.0403 0.0125
0 0.1736 0.3094 0.0486 0.0281
0 0.1167 0.3258 0.0431 0.0375
0 0.325 0.3672 0.0778 0.0258
0 0.3861 0.3625 0.0167 0.0188
0 0.5347 0.4211 0.0708 0.0359
0 0.8 0.4039 0.0569 0.0312
0 0.7361 0.3867 0.0333 0.0297
0 0.7111 0.4352 0.0903 0.0297
0 0.6153 0.4562 0.0819 0.0344
0 0.6389 0.4852 0.0403 0.0203
0 0.5722 0.4969 0.0556 0.0359
0 0.3458 0.5352 0.0347 0.0164
0 0.5014 0.5492 0.0542 0.0211
0 0.5111 0.5672 0.0444 0.0227
0 0.8139 0.6398 0.0472 0.0258
0 0.6361 0.5266 0.0194 0.0227
0 0.2542 0.5188 0.0375 0.0164
0 0.3319 0.4711 0.0208 0.0148
0 0.3292 0.2008 0.0292 0.0172
0 0.3097 0.4203 0.0528 0.0219
0 0.7194 0.2977 0.0236 0.0297
0 0.0194 0.3344 0.0389 0.0234
0 0.0625 0.4156 0.0514 0.0258
0 0.0167 0.4312 0.0319 0.0242
0 0.5306 0.475 0.0319 0.0133
0 0.0847 0.5891 0.0347 0.0234
0 0.85 0.6352 0.0264 0.018
0 0.4111 0.4188 0.0375 0.0242
