0 0.4681 0.2031 0.0528 0.0281
0 0.5431 0.1898 0.0208 0.0203
0 0.6222 0.2 0.0528 0.0312
0 0.6542 0.2094 0.05 0.0297
0 0.4625 0.2602 0.0583 0.0258
0 0.5708 0.3078 0.05 0.0352
0 0.4542 0.3164 0.0347 0.0141
0 0.5236 0.3438 0.0333 0.0164
0 0.6403 0.3953 0.0333 0.0172
0 0.4292 0.4 0.0444 0.0164
0 0.3917 0.425 0.0514 0.0258
0 0.5806 0.4398 0.0389 0.0234
0 0.5972 0.4938 0.0458 0.0266
0 0.3569 0.582 0.0514 0.0211
0 0.5931 0.5445 0.0306 0.0133
0 0.725 0.4344 0.0236 0.0172
0 0.7264 0.5 0.0347 0.0211
0 0.75 0.5477 0.025 0.0227
0 0.6417 0.6719 0.0292 0.0461
0 0.5806 0.7086 0.0403 0.018
0 0.6097 0.7523 0.0347 0.0148
0 0.3292 0.6852 0.0292 0.0141
0 0.3819 0.7133 0.0278 0.0148
0 0.0667 0.3078 0.0431 0.0258
0 0.1056 0.3203 0.0431 0.0219
0 0.7 0.4086 0.0486 0.0188
0 0.525 0.3727 0.0319 0.0172
0 0.1764 0.4898 0.0319 0.0141
0 0.7792 0.4953 0.0375 0.0297
0 0.8167 0.5469 0.0264 0.0195
0 0.4403 0.6836 0.0375 0.0164
0 0.1278 0.775 0.0431 0.0312
0 0.4792 0.7156 0.0389 0.0266
0 0.0889 0.7289 0.0542 0.0258
0 0.5708 0.6086 0.025 0.018
