0 0.7764 0.1688 0.0403 0.0227
0 0.8028 0.15 0.0333 0.018
0 0.6806 0.5344 0.0472 0.0289
0 0.6056 0.5039 0.0486 0.0258
0 0.8264 0.5094 0.0431 0.0281
0 0.7944 0.6141 0.0472 0.0234
0 0.6653 0.5969 0.0444 0.025
0 0.3708 0.4914 0.0472 0.0281
0 0.5389 0.4438 0.0431 0.0289
0 0.9403 0.5125 0.0375 0.0195
0 0.9028 0.5234 0.0486 0.0242
0 0.9625 0.4594 0.0431 0.0281
0 0.8653 0.4352 0.0542 0.0312
0 0.9306 0.2812 0.0458 0.025
0 0.9486 0.3039 0.0347 0.0258
0 0.9319 0.3508 0.0333 0.0227
0 0.2528 0.4312 0.0431 0.0273
0 0.5653 0.4594 0.0389 0.0219
0 0.65 0.5141 0.0431 0.0289
0 0.6306 0.4312 0.05 0.0234
0 0.7903 0.5148 0.0458 0.0234
0 0.8847 0.1523 0.0319 0.0195
0 0.9208 0.6273 0.0361 0.0172
0 0.9903 0.5375 0.0153 0.0258
0 0.7792 0.3391 0.0417 0.0242
0 0.6625 0.5703 0.0486 0.0273
