0 0.1431 0.4125 0.0208 0.0109
0 0.1722 0.4156 0.0278 0.0141
0 0.1875 0.4008 0.0208 0.0172
0 0.2319 0.3922 0.0194 0.0086
0 0.275 0.4328 0.0264 0.0172
0 0.3292 0.3844 0.0278 0.0141
0 0.1847 0.3797 0.0222 0.0031
0 0.3917 0.4266 0.0153 0.0109
0 0.3778 0.4477 0.0194 0.0094
0 0.3528 0.4742 0.0139 0.0117
0 0.2597 0.5625 0.0083 0.0094
0 0.3597 0.5875 0.0097 0.0125
0 0.4167 0.6297 0.0222 0.0172
0 0.3319 0.6266 0.0125 0.0164
0 0.3028 0.6008 0.0153 0.0094
0 0.3181 0.6133 0.0097 0.0078
0 0.4556 0.432 0.0361 0.0227
0 0.6111 0.4781 0.0208 0.0125
0 0.7431 0.4531 0.0153 0.0102
0 0.7722 0.4609 0.0125 0.0078
0 0.7611 0.4859 0.0125 0.0062
0 0.675 0.3797 0.0208 0.0172
0 0.6583 0.3602 0.0167 0.0133
0 0.6875 0.4641 0.0083 0.0094
0 0.5972 0.5789 0.0139 0.0102
0 0.4625 0.575 0.0083 0.0094
0 0.6403 0.632 0.0236 0.0117
0 0.6764 0.632 0.0264 0.0156
0 0.4069 0.3469 0.0083 0.0086
0 0.4153 0.3844 0.0111 0.0086
0 0.4181 0.2906 0.025 0.0164
0 0.3917 0.2891 0.0222 0.0156
0 0.4042 0.2727 0.0111 0.007
0 0.4667 0.268 0.0194 0.0102
0 0.4694 0.2828 0.0125 0.0117
0 0.4972 0.2781 0.0278 0.0164
0 0.5597 0.2531 0.0208 0.0117
0 0.4458 0.2164 0.0264 0.0109
0 0.55 0.2891 0.0236 0.0148
0 0.575 0.3086 0.0264 0.0164
0 0.6069 0.307 0.0208 0.0109
0 0.6347 0.282 0.0153 0.0109
0 0.5889 0.282 0.0111 0.0117
0 0.575 0.2758 0.0139 0.0141
0 0.5472 0.3359 0.0125 0.0102
0 0.4847 0.4062 0.0111 0.0094
0 0.7903 0.6672 0.0208 0.0141
0 0.8403 0.693 0.025 0.0156
0 0.5431 0.6102 0.025 0.0164
0 0.5819 0.5758 0.0222 0.0055
0 0.4806 0.6305 0.0278 0.007
0 0.5556 0.65 0.0111 0.018
0 0.8125 0.643 0.0097 0.0062
0 0.6375 0.6945 0.0222 0.0039
0 0.5903 0.6938 0.0208 0.0062
0 0.6028 0.7055 0.0278 0.0164
0 0.5611 0.7312 0.0194 0.0133
0 0.5806 0.7375 0.0208 0.0109
0 0.6167 0.7258 0.0153 0.0156
0 0.7181 0.7414 0.0236 0.0117
0 0.6514 0.7391 0.0167 0.0125
0 0.7056 0.768 0.0139 0.0141
0 0.7194 0.7703 0.0264 0.0195
0 0.7667 0.7719 0.0153 0.0156
0 0.6819 0.7148 0.0083 0.007
0 0.6722 0.7773 0.0278 0.0141
0 0.5889 0.4219 0.0083 0.0078
0 0.0583 0.7227 0.0306 0.0164
0 0.0361 0.7547 0.0292 0.0219
0 0.0125 0.7023 0.0167 0.0078
0 0.1681 0.4469 0.0097 0.0094
0 0.2792 0.4 0.0278 0.0125
0 0.6375 0.3703 0.0319 0.0109
0 0.5833 0.482 0.0361 0.0148
0 0.6639 0.4719 0.0319 0.018
0 0.3139 0.4984 0.0278 0.0109
0 0.3431 0.4891 0.0236 0.0133
0 0.4833 0.2984 0.0181 0.0172
0 0.5097 0.2117 0.0194 0.0094
0 0.225 0.682 0.0361 0.0141
0 0.2889 0.6727 0.025 0.0195
0 0.2472 0.6945 0.0278 0.0117
0 0.3375 0.7062 0.0333 0.0234
0 0.7556 0.8047 0.0222 0.0211
0 0.8139 0.8141 0.0319 0.0227
0 0.5097 0.643 0.0389 0.0234
