0 0.4681 0.8586 0.0611 0.0375
0 0.8653 0.7164 0.0681 0.0375
0 0.1819 0.9867 0.0361 0.0203
0 0.0736 0.9023 0.0639 0.0336
0 0.1056 0.975 0.0514 0.032
0 0.3347 0.8617 0.0333 0.0336
0 0.0264 0.8508 0.05 0.0367
0 0.1083 0.8383 0.0319 0.0289
0 0.5542 0.8062 0.0583 0.0305
0 0.0875 0.7305 0.0569 0.0375
0 0.3931 0.6656 0.0653 0.0398
0 0.575 0.6766 0.0389 0.0266
0 0.0903 0.632 0.0361 0.0297
0 0.0292 0.6984 0.0222 0.0289
0 0.5708 0.6078 0.0708 0.0281
0 0.5278 0.5883 0.0486 0.0305
0 0.5569 0.5555 0.0583 0.0328
0 0.6639 0.5461 0.0583 0.0359
0 0.6597 0.5805 0.05 0.0219
0 0.7931 0.625 0.0431 0.0219
0 0.9236 0.5086 0.0542 0.0234
0 0.9625 0.5156 0.0583 0.0344
0 0.9042 0.5195 0.0625 0.0227
0 0.3778 0.5203 0.0486 0.0258
0 0.3333 0.5195 0.0514 0.0273
0 0.425 0.518 0.05 0.0266
0 0.1583 0.5242 0.05 0.0359
0 0.1417 0.4859 0.0486 0.025
0 0.8653 0.6242 0.0583 0.0305
0 0.5875 0.4844 0.05 0.0234
0 0.5264 0.4664 0.0472 0.0125
0 0.4819 0.4898 0.0306 0.0141
0 0.3833 0.418 0.0611 0.0328
0 0.3944 0.4461 0.0458 0.032
0 0.2875 0.4211 0.0569 0.0289
0 0.3417 0.4383 0.0403 0.0117
0 0.4514 0.4227 0.0486 0.0273
0 0.5958 0.4133 0.0417 0.0227
0 0.6528 0.3742 0.0556 0.0336
0 0.6292 0.3672 0.0583 0.0391
0 0.4833 0.3938 0.0597 0.0336
0 0.8903 0.3461 0.0569 0.0336
0 0.8139 0.3664 0.0486 0.0281
0 0.7917 0.4062 0.0597 0.0297
0 0.6042 0.3195 0.0736 0.0266
0 0.5944 0.2781 0.0444 0.0297
0 0.7972 0.3117 0.0597 0.0242
0 0.7125 0.2898 0.0583 0.0367
0 0.7403 0.3242 0.0486 0.018
0 0.75 0.218 0.0583 0.0289
0 0.6597 0.2734 0.0236 0.0195
0 0.7278 0.2414 0.0403 0.0188
0 0.8306 0.1883 0.0472 0.0273
0 0.7972 0.2273 0.0417 0.0242
0 0.4069 0.2312 0.0542 0.0164
0 0.4833 0.1922 0.0389 0.0328
0 0.7722 0.15 0.0569 0.0328
0 0.5611 0.1281 0.0486 0.0258
0 0.5889 0.0695 0.05 0.032
0 0.6222 0.0352 0.0375 0.0297
0 0.5153 0.0234 0.0653 0.0398
0 0.5611 0.0492 0.0431 0.032
0 0.6486 0.0734 0.0347 0.0359
0 0.9194 0.5766 0.0528 0.0281
0 0.0417 0.0078 0.0514 0.0141
0 0.0236 0.0086 0.0347 0.0156
0 0.5375 0.4078 0.0431 0.0164
0 0.0597 0.3031 0.0625 0.0195
0 0.0819 0.2789 0.0278 0.0211
0 0.1403 0.3031 0.0486 0.0219
0 0.2736 0.7555 0.0389 0.0219
0 0.7681 0.7438 0.0528 0.0164
0 0.9792 0.6891 0.0389 0.0211
0 0.5972 0.1508 0.0236 0.0289
0 0.6236 0.157 0.0389 0.0266
0 0.0597 0.968 0.0431 0.0305
0 0.0833 0.957 0.0403 0.0219
0 0.0306 0.9648 0.0431 0.0297
0 0.8542 0.8539 0.0319 0.0125
0 0.0931 0.4164 0.0389 0.0148
0 0.0528 0.4867 0.0833 0.0289
0 0.3333 0.5453 0.0319 0.0172
