0 0.475 0.493 0.0403 0.0211
0 0.7986 0.5797 0.0389 0.0242
0 0.8014 0.5188 0.0389 0.0148
0 0.7292 0.5211 0.0375 0.0211
0 0.7958 0.4914 0.0264 0.0125
0 0.8569 0.4852 0.0306 0.0203
0 0.1333 0.5086 0.0444 0.025
0 0.1833 0.482 0.0347 0.0234
0 0.0542 0.5039 0.0347 0.018
0 0.0958 0.5016 0.0319 0.0188
0 0.2167 0.3922 0.0319 0.0234
0 0.2042 0.3422 0.0403 0.0203
0 0.2667 0.3555 0.0264 0.0211
0 0.3917 0.3727 0.0278 0.0195
0 0.6556 0.2969 0.0278 0.0141
0 0.4306 0.3359 0.0375 0.0188
0 0.2542 0.3188 0.0458 0.0227
0 0.9708 0.4836 0.0403 0.0258
0 0.9833 0.375 0.0264 0.0188
0 0.9861 0.4289 0.025 0.0164
0 0.1542 0.2016 0.0319 0.0195
0 0.0958 0.1273 0.0389 0.0172
0 0.0403 0.1641 0.0375 0.0188
0 0.0972 0.1578 0.0306 0.0156
0 0.0181 0.1789 0.0306 0.0164
0 0.0542 0.2094 0.0347 0.0234
0 0.0194 0.2422 0.0306 0.0141
0 0.0458 0.293 0.0333 0.0148
0 0.2417 0.1695 0.0306 0.018
0 0.1694 0.1852 0.0375 0.0211
0 0.3597 0.1445 0.0306 0.0195
0 0.3861 0.1688 0.0306 0.0195
0 0.2153 0.1445 0.0306 0.0188
0 0.3028 0.2219 0.0361 0.0172
0 0.1972 0.1922 0.025 0.0195
0 0.3222 0.1703 0.0361 0.0164
0 0.3319 0.1508 0.0278 0.0141
0 0.5569 0.2062 0.0361 0.018
0 0.6194 0.2617 0.0222 0.0148
0 0.2597 0.2156 0.0444 0.0164
0 0.1125 0.207 0.0306 0.0172
0 0.3139 0.4203 0.025 0.0141
0 0.4625 0.2391 0.0222 0.0164
0 0.3028 0.1992 0.0347 0.0164
0 0.0819 0.1961 0.0361 0.0078
0 0.0167 0.2906 0.0306 0.0141
0 0.2764 0.2664 0.0236 0.0172
0 0.3111 0.2977 0.0333 0.0156
0 0.3819 0.2656 0.0375 0.0227
0 0.3903 0.1961 0.0403 0.0211
0 0.2597 0.1734 0.0319 0.0195
0 0.2 0.1234 0.0361 0.0164
0 0.2069 0.1062 0.0264 0.0141
0 0.2028 0.1719 0.0181 0.0188
0 0.2181 0.1859 0.0167 0.0133
0 0.1389 0.1727 0.0347 0.0273
0 0.4764 0.2062 0.0208 0.018
0 0.5208 0.257 0.0333 0.0195
0 0.6097 0.2977 0.0264 0.0109
0 0.5625 0.3117 0.0389 0.0125
0 0.6819 0.3234 0.0222 0.0109
0 0.9667 0.3992 0.0319 0.0141
0 0.5347 0.4984 0.0181 0.0125
0 0.7958 0.5594 0.0292 0.0125
0 0.775 0.5758 0.0208 0.0172
0 0.9056 0.4859 0.0236 0.0148
0 0.9097 0.4539 0.0153 0.0141
0 0.9667 0.4531 0.0292 0.0125
0 0.9903 0.4484 0.0167 0.0164
0 0.4097 0.3875 0.0306 0.0172
