0 0.6681 0.1344 0.0639 0.0336
0 0.6528 0.1633 0.0514 0.0312
0 0.7 0.1773 0.0556 0.0258
0 0.7181 0.168 0.0389 0.0266
0 0.025 0.3086 0.0514 0.0297
0 0.7153 0.2148 0.0222 0.0164
0 0.0472 0.3242 0.05 0.0297
0 0.0375 0.4414 0.0472 0.0266
0 0.7431 0.3062 0.0528 0.0258
0 0.7764 0.3461 0.0278 0.0219
0 0.7181 0.5055 0.0514 0.0281
0 0.9167 0.5211 0.0764 0.0398
0 0.4514 0.5664 0.0569 0.0359
0 0.4111 0.5141 0.0486 0.0211
0 0.6083 0.4766 0.0236 0.0148
0 0.5722 0.3602 0.0139 0.018
0 0.3736 0.8219 0.0389 0.0234
0 0.7528 0.9664 0.0611 0.032
