0 0.0125 0.2906 0.0194 0.0117
0 0.0264 0.268 0.025 0.0188
0 0.0597 0.2977 0.0264 0.018
0 0.0736 0.2539 0.0306 0.0203
0 0.0708 0.268 0.0292 0.0141
0 0.1 0.2828 0.0389 0.0164
0 0.1264 0.2758 0.0222 0.0117
0 0.1306 0.2484 0.0208 0.0078
0 0.1972 0.2406 0.0264 0.0078
0 0.1389 0.3469 0.025 0.0117
0 0.1694 0.3383 0.0375 0.0203
0 0.175 0.3156 0.0167 0.0117
0 0.2389 0.3578 0.0264 0.0125
0 0.2569 0.3648 0.0264 0.0102
0 0.2736 0.3922 0.0222 0.0117
0 0.3236 0.3508 0.025 0.0094
0 0.3208 0.3641 0.0181 0.0102
0 0.3306 0.3773 0.0264 0.0117
0 0.3 0.275 0.0542 0.0352
0 0.3542 0.3023 0.0583 0.0367
0 0.4306 0.3828 0.0556 0.0352
0 0.3847 0.4289 0.0222 0.0117
0 0.3653 0.4344 0.0139 0.0094
0 0.5278 0.3422 0.025 0.0188
0 0.0264 0.4391 0.0278 0.0109
0 0.025 0.5227 0.0389 0.0211
0 0.0875 0.4984 0.0319 0.0227
0 0.0139 0.5898 0.0292 0.0305
0 0.0722 0.5641 0.0333 0.0188
0 0.1319 0.5273 0.05 0.0219
0 0.0139 0.6641 0.025 0.0234
0 0.0472 0.6625 0.0194 0.0148
0 0.0403 0.6352 0.0208 0.0188
0 0.0889 0.6219 0.0333 0.0148
0 0.175 0.6039 0.0264 0.0164
0 0.2125 0.6641 0.0181 0.0133
0 0.1972 0.5383 0.0208 0.0125
0 0.2097 0.5148 0.0208 0.0117
0 0.2528 0.5547 0.0319 0.0266
0 0.2931 0.4852 0.0417 0.0172
0 0.3528 0.5523 0.0222 0.0156
0 0.3847 0.5477 0.0347 0.0156
0 0.4111 0.5414 0.0264 0.0141
0 0.4958 0.6023 0.0278 0.0164
0 0.4681 0.5367 0.0264 0.0164
0 0.4736 0.5664 0.025 0.0141
0 0.4944 0.5352 0.0292 0.0148
0 0.6 0.5609 0.0236 0.0133
0 0.6403 0.6375 0.025 0.0117
0 0.7778 0.5836 0.0292 0.0188
0 0.5708 0.3195 0.0319 0.0102
0 0.55 0.3141 0.0375 0.0062
0 0.6944 0.3734 0.0278 0.0125
0 0.5639 0.4383 0.0278 0.0156
0 0.6153 0.4484 0.0444 0.0211
0 0.6292 0.4672 0.0444 0.0258
0 0.6861 0.5359 0.0556 0.032
0 0.7264 0.5562 0.05 0.0273
0 0.9417 0.5688 0.0319 0.0172
0 0.9125 0.5367 0.0306 0.0203
0 0.9833 0.4891 0.0306 0.0281
0 0.95 0.5 0.05 0.0273
0 0.8486 0.468 0.0514 0.0281
0 0.7625 0.4578 0.0542 0.0258
0 0.6542 0.4305 0.0333 0.0234
0 0.6889 0.4422 0.0486 0.0266
0 0.7 0.4031 0.0333 0.0109
0 0.7861 0.3586 0.0458 0.0234
0 0.7694 0.3977 0.0208 0.0156
0 0.8083 0.3977 0.0375 0.025
0 0.8486 0.4156 0.0431 0.0227
0 0.9042 0.3867 0.0403 0.0211
0 0.9417 0.3875 0.0278 0.0109
0 0.9083 0.4273 0.0556 0.0203
0 0.8194 0.2797 0.0208 0.0172
0 0.8444 0.2766 0.0375 0.0227
0 0.8764 0.2609 0.0458 0.0258
0 0.8889 0.2453 0.0292 0.0109
0 0.8931 0.2781 0.0319 0.0195
0 0.9264 0.2797 0.0458 0.0188
0 0.9889 0.2578 0.0181 0.025
0 0.7667 0.1141 0.0333 0.0234
0 0.8014 0.1164 0.0333 0.0203
0 0.825 0.1148 0.0181 0.0172
0 0.8458 0.1227 0.0319 0.0188
0 0.875 0.0984 0.0319 0.0195
0 0.9319 0.0641 0.0375 0.0188
0 0.9111 0.0914 0.0375 0.0203
0 0.9167 0.1133 0.0333 0.0203
0 0.9208 0.1656 0.0333 0.0172
0 0.9625 0.1406 0.0458 0.0203
0 0.9931 0.1156 0.0069 0.0141
0 0.0819 0.4555 0.0139 0.0094
0 0.9583 0.5867 0.0278 0.0125
0 0.1 0.2586 0.0264 0.0203
0 0.2028 0.3352 0.0264 0.0156
0 0.3819 0.3758 0.0194 0.0086
0 0.8361 0.0883 0.0194 0.0117
0 0.9417 0.1164 0.0389 0.0195
0 0.5806 0.3805 0.0222 0.0117
0 0.3333 0.3312 0.0583 0.0312
