0 0.5556 0.1492 0.0431 0.0242
0 0.6875 0.1289 0.0389 0.0281
0 0.6097 0.0984 0.0458 0.0258
0 0.6389 0.0891 0.025 0.0164
0 0.5944 0.0156 0.0375 0.0227
0 0.6583 0.1281 0.0208 0.0227
0 0.7458 0.1062 0.0583 0.0359
0 0.6903 0.0617 0.0361 0.0172
0 0.5139 0.1867 0.0194 0.0164
0 0.1861 0.2742 0.0264 0.018
0 0.1708 0.2867 0.0333 0.018
0 0.5236 0.2234 0.0375 0.0195
0 0.5222 0.2406 0.0375 0.0125
0 0.6597 0.2242 0.0333 0.0258
0 0.5986 0.2508 0.05 0.0281
0 0.1597 0.3266 0.0194 0.0219
0 0.5764 0.3023 0.0347 0.018
0 0.6 0.3164 0.0556 0.0258
0 0.7347 0.2078 0.0403 0.0242
0 0.8375 0.2117 0.0444 0.025
0 0.6514 0.3422 0.0292 0.0195
0 0.2806 0.3969 0.0486 0.0258
0 0.2986 0.3664 0.0361 0.0078
0 0.5181 0.4133 0.0486 0.0266
0 0.5472 0.3836 0.0514 0.0352
0 0.5389 0.3523 0.0431 0.0266
0 0.8208 0.3039 0.0444 0.025
0 0.8528 0.3117 0.0361 0.0258
0 0.9458 0.2414 0.0389 0.025
0 0.8694 0.3242 0.0361 0.0141
0 0.2472 0.4906 0.0583 0.0297
0 0.5444 0.4625 0.0278 0.0109
0 0.9444 0.3625 0.0583 0.0289
0 0.8153 0.4 0.0361 0.0188
0 0.9708 0.4641 0.05 0.025
0 0.45 0.6266 0.0417 0.0188
0 0.8417 0.6219 0.0444 0.0117
0 0.65 0.6148 0.0361 0.0188
0 0.8736 0.6719 0.0431 0.0188
0 0.8681 0.6875 0.0403 0.0148
0 0.9111 0.8305 0.0389 0.0266
0 0.1764 0.5547 0.0333 0.0141
0 0.7264 0.0383 0.025 0.0102
0 0.1847 0.3969 0.0222 0.0148
0 0.4875 0.4094 0.0403 0.0141
0 0.4417 0.4633 0.0194 0.0133
0 0.3319 0.5352 0.0278 0.0078
0 0.6931 0.118 0.0292 0.0211
0 0.8111 0.093 0.0222 0.0156
0 0.0222 0.2672 0.0431 0.0258
0 0.9917 0.3219 0.0139 0.0164
0 0.9903 0.5031 0.0167 0.0219
0 0.9792 0.5242 0.0347 0.0156
0 0.4236 0.6445 0.0375 0.0242
0 0.8 0.6539 0.0181 0.0156
