0 0.3056 0.2492 0.0389 0.0242
0 0.2778 0.2562 0.0306 0.0234
0 0.4444 0.1727 0.0333 0.0188
0 0.4681 0.1141 0.0306 0.0219
0 0.4778 0.1578 0.0292 0.0219
0 0.4167 0.1367 0.0181 0.0148
0 0.3944 0.2344 0.0347 0.0148
0 0.5042 0.2703 0.0375 0.0273
0 0.475 0.4367 0.0458 0.0258
0 0.4486 0.3891 0.0319 0.0227
0 0.3597 0.3914 0.0347 0.0172
0 0.2986 0.657 0.0278 0.0164
0 0.6653 0.6664 0.0319 0.0211
0 0.7097 0.6727 0.0403 0.025
0 0.9736 0.3367 0.0347 0.0227
0 0.9917 0.4297 0.0139 0.0234
0 0.2611 0.5781 0.0306 0.0141
0 0.0986 0.4391 0.0292 0.0141
0 0.125 0.3836 0.0139 0.0164
0 0.4486 0.1461 0.0306 0.0258
0 0.9875 0.2133 0.0194 0.0289
0 0.0375 0.4148 0.0306 0.0156
0 0.9819 0.6477 0.0167 0.0203
