0 0.35 0.225 0.0472 0.0219
0 0.3986 0.2625 0.0514 0.0266
0 0.3431 0.257 0.05 0.0266
0 0.2319 0.3156 0.0514 0.0297
0 0.2444 0.4328 0.0556 0.0234
0 0.4833 0.5305 0.0625 0.0375
0 0.6292 0.5375 0.0403 0.0148
0 0.5764 0.5523 0.0444 0.0195
0 0.4347 0.6008 0.0556 0.0289
0 0.3389 0.6133 0.0653 0.0289
0 0.3611 0.6391 0.0514 0.0203
0 0.4792 0.6641 0.0403 0.0297
0 0.4153 0.7102 0.0639 0.0312
0 0.2319 0.6914 0.0583 0.0344
0 0.3681 0.7289 0.0431 0.0289
0 0.3889 0.7539 0.0347 0.0164
0 0.4875 0.8109 0.0514 0.0203
0 0.4444 0.9211 0.0903 0.0594
0 0.625 0.6602 0.0319 0.0211
0 0.4972 0.625 0.0319 0.0148
0 0.075 0.7281 0.0569 0.0234
0 0.2472 0.3906 0.0111 0.0172
0 0.3653 0.5719 0.0514 0.0227
0 0.5458 0.6141 0.0431 0.0375
0 0.2708 0.7578 0.0292 0.018
0 0.0347 0.8336 0.0611 0.0289
0 0.5625 0.832 0.0486 0.0258
0 0.8486 0.8977 0.0681 0.0398
0 0.9458 0.8969 0.0264 0.0203
0 0.5653 0.918 0.0236 0.0195
0 0.5986 0.9273 0.0319 0.0234
0 0.3806 0.6922 0.0333 0.0156
