0 0.2 0.218 0.0375 0.0195
0 0.2 0.4859 0.0264 0.0141
0 0.1903 0.4781 0.0208 0.0141
0 0.0806 0.1961 0.0306 0.0148
0 0.1278 0.2953 0.0306 0.018
0 0.1028 0.2938 0.0153 0.018
0 0.3431 0.3164 0.0333 0.0141
0 0.4222 0.3422 0.0319 0.0203
0 0.3667 0.3398 0.0306 0.0172
0 0.3667 0.3578 0.0361 0.0148
0 0.2861 0.3398 0.025 0.0125
0 0.4083 0.3656 0.0319 0.0188
0 0.2875 0.393 0.0278 0.0109
0 0.3139 0.2359 0.0347 0.0117
0 0.5639 0.4578 0.0319 0.0133
0 0.6556 0.3969 0.0264 0.0156
0 0.1 0.2773 0.0236 0.0133
0 0.0556 0.193 0.0278 0.0195
0 0.4014 0.3008 0.0333 0.0102
0 0.2694 0.2719 0.0208 0.0133
0 0.0444 0.3289 0.0319 0.0164
0 0.0181 0.2727 0.0222 0.0125
0 0.0444 0.3492 0.0208 0.0141
0 0.0708 0.375 0.025 0.0195
0 0.1125 0.368 0.0222 0.0125
0 0.0458 0.4156 0.0222 0.0109
0 0.475 0.4781 0.0181 0.0125
0 0.5222 0.4516 0.0292 0.0109
0 0.5458 0.4328 0.0208 0.0109
0 0.625 0.4328 0.0167 0.007
0 0.5097 0.3695 0.0264 0.018
0 0.1639 0.5133 0.0306 0.0148
0 0.1708 0.5281 0.0264 0.0156
0 0.1833 0.5344 0.0319 0.0195
0 0.2056 0.4945 0.0306 0.018
