0 0.9222 0.7766 0.0486 0.025
0 0.1472 0.7078 0.0569 0.0352
0 0.1792 0.7352 0.0528 0.0266
0 0.2792 0.7414 0.0319 0.0203
0 0.2403 0.7445 0.0431 0.0227
0 0.2944 0.6703 0.0486 0.0211
0 0.2056 0.5766 0.0417 0.025
0 0.2458 0.5797 0.0417 0.0195
0 0.5222 0.5578 0.0278 0.0172
0 0.5306 0.5328 0.0472 0.0281
0 0.5875 0.5375 0.0389 0.0211
0 0.3528 0.4734 0.0431 0.0242
0 0.3847 0.4523 0.0458 0.0273
0 0.5028 0.4266 0.0417 0.0188
0 0.5819 0.4328 0.0444 0.0258
0 0.1972 0.4188 0.0278 0.0188
0 0.6181 0.4109 0.0333 0.025
0 0.5653 0.3977 0.0264 0.0156
0 0.5403 0.3625 0.0417 0.0211
0 0.5722 0.3641 0.0292 0.0172
0 0.5542 0.3422 0.0389 0.0188
0 0.3111 0.3273 0.0306 0.0086
0 0.3403 0.3531 0.0236 0.0164
0 0.3917 0.3438 0.0306 0.0195
0 0.4236 0.3344 0.0417 0.0305
0 0.6361 0.2852 0.0403 0.0258
0 0.4236 0.3062 0.0319 0.0086
0 0.3917 0.2828 0.0514 0.0312
0 0.3875 0.257 0.0444 0.0203
0 0.4264 0.2617 0.0375 0.0188
0 0.4222 0.2391 0.0472 0.0258
0 0.5542 0.2383 0.0278 0.0227
0 0.4611 0.1344 0.0389 0.0273
0 0.6319 0.3883 0.0542 0.025
0 0.6208 0.5711 0.0319 0.0188
0 0.6028 0.4875 0.0556 0.0141
0 0.5306 0.6164 0.0222 0.0188
0 0.5931 0.6859 0.0139 0.0227
0 0.7097 0.6266 0.0389 0.0117
0 0.6958 0.7227 0.0208 0.0211
0 0.7458 0.8125 0.0139 0.0188
0 0.5306 0.5086 0.0222 0.0172
0 0.3181 0.5039 0.0222 0.0148
