0 0.4847 0.0555 0.0431 0.0281
0 0.5167 0.0695 0.0389 0.0328
0 0.4917 0.0828 0.0361 0.0203
0 0.45 0.093 0.0375 0.025
0 0.4056 0.1094 0.0264 0.0258
0 0.475 0.1383 0.0458 0.0281
0 0.5014 0.1375 0.0278 0.0273
0 0.5236 0.1758 0.0333 0.025
0 0.5431 0.2227 0.0361 0.0227
0 0.4972 0.1938 0.0389 0.0297
0 0.4542 0.168 0.0333 0.0188
0 0.4028 0.1852 0.0444 0.0266
0 0.4653 0.2141 0.0514 0.0297
0 0.4083 0.2383 0.0333 0.0188
0 0.6181 0.2867 0.0361 0.0266
0 0.3722 0.2773 0.0403 0.0242
0 0.3556 0.2891 0.0306 0.0133
0 0.6847 0.3125 0.0417 0.0211
0 0.6986 0.3266 0.0347 0.0242
0 0.5417 0.3117 0.0431 0.0188
0 0.5069 0.325 0.0278 0.0133
0 0.5417 0.3297 0.0306 0.0164
0 0.4958 0.3695 0.0472 0.0273
0 0.6569 0.418 0.0389 0.0297
0 0.7139 0.432 0.0333 0.0227
0 0.3958 0.4391 0.0486 0.0227
0 0.2278 0.3719 0.0319 0.0141
0 0.3042 0.4992 0.0472 0.0273
0 0.35 0.5039 0.0458 0.0281
0 0.5389 0.4781 0.0458 0.0227
0 0.5569 0.4977 0.0431 0.0289
0 0.6056 0.5203 0.0278 0.0195
0 0.5625 0.5367 0.0319 0.0227
0 0.5403 0.5625 0.0319 0.0188
0 0.3736 0.568 0.0528 0.0312
0 0.3931 0.5859 0.0444 0.0227
0 0.3278 0.6016 0.0333 0.0188
0 0.5333 0.6398 0.0486 0.0289
0 0.5806 0.6266 0.0278 0.0164
0 0.5236 0.7164 0.05 0.0273
0 0.5514 0.7633 0.0389 0.0336
0 0.6125 0.8406 0.0347 0.0305
0 0.6306 0.4375 0.0403 0.0305
0 0.4319 0.132 0.05 0.0312
0 0.5181 0.2516 0.0375 0.0305
0 0.525 0.3508 0.0208 0.0117
0 0.6653 0.4391 0.0292 0.0258
0 0.55 0.6211 0.0333 0.0211
0 0.5056 0.6453 0.0264 0.0141
0 0.2625 0.5711 0.0264 0.018
0 0.4153 0.5523 0.0194 0.0172
0 0.6069 0.7117 0.0222 0.0102
0 0.6333 0.6977 0.0153 0.0156
0 0.4486 0.7609 0.0292 0.0211
0 0.6639 0.8352 0.0486 0.0266
0 0.9736 0.7828 0.0444 0.0281
0 0.3236 0.4625 0.0472 0.0195
