0 0.5542 0.0836 0.0458 0.025
0 0.5222 0.1148 0.0403 0.0234
0 0.4861 0.1109 0.0319 0.0227
0 0.5181 0.1555 0.0472 0.0281
0 0.5653 0.1523 0.0472 0.0258
0 0.4375 0.2438 0.0444 0.0227
0 0.4847 0.2328 0.0375 0.0227
0 0.5222 0.2078 0.0431 0.0219
0 0.5167 0.1828 0.0472 0.0297
0 0.6222 0.143 0.0556 0.0273
0 0.6486 0.168 0.05 0.0328
0 0.6875 0.1773 0.0486 0.0312
0 0.6681 0.1961 0.0389 0.0195
0 0.7194 0.1406 0.0472 0.0242
0 0.7444 0.1789 0.0486 0.0281
0 0.7903 0.1867 0.0472 0.0273
0 0.7056 0.2094 0.0542 0.0188
0 0.8611 0.2297 0.0403 0.0211
0 0.8417 0.1758 0.0431 0.0242
0 0.6597 0.2594 0.0431 0.0227
0 0.7139 0.2438 0.0431 0.0227
0 0.5528 0.2961 0.0194 0.0164
0 0.0528 0.3773 0.0292 0.0156
0 0.5333 0.2781 0.0444 0.0211
0 0.5875 0.3672 0.0431 0.0219
0 0.6611 0.3602 0.0403 0.0203
0 0.6958 0.3703 0.0319 0.0164
0 0.8986 0.2266 0.05 0.025
0 0.9083 0.1984 0.0444 0.0234
0 0.9653 0.2 0.0306 0.0148
0 0.9542 0.225 0.0514 0.0281
0 0.9736 0.2508 0.0472 0.0281
0 0.8917 0.2469 0.0389 0.0172
0 0.7611 0.3383 0.0375 0.0188
0 0.7917 0.3344 0.0333 0.0211
0 0.1528 0.4328 0.0181 0.0172
0 0.2361 0.4477 0.0333 0.0203
0 0.2431 0.4852 0.0417 0.0242
0 0.4014 0.4484 0.0333 0.0164
0 0.4583 0.4461 0.0306 0.0195
0 0.4889 0.443 0.0306 0.0195
0 0.6569 0.4094 0.0417 0.0234
0 0.6042 0.4172 0.0208 0.0102
0 0.7583 0.3781 0.0236 0.018
0 0.7319 0.3703 0.0361 0.0195
0 0.7194 0.3812 0.0417 0.018
0 0.7778 0.468 0.0389 0.0266
0 0.8236 0.4656 0.0375 0.0242
0 0.0083 0.5555 0.0167 0.0266
0 0.2361 0.5039 0.0403 0.0148
0 0.5139 0.4961 0.0514 0.0258
0 0.5542 0.5656 0.0528 0.0258
0 0.8681 0.4734 0.0347 0.0258
0 0.0306 0.6008 0.0597 0.0336
0 0.0903 0.5891 0.0639 0.0375
0 0.3125 0.6859 0.0583 0.032
0 0.3097 0.6609 0.05 0.025
0 0.3903 0.625 0.0458 0.0258
0 0.5611 0.6156 0.0736 0.0141
0 0.5056 0.5242 0.0431 0.0117
0 0.9611 0.4875 0.0403 0.018
0 0.9125 0.7117 0.0528 0.0281
0 0.9722 0.507 0.0472 0.0227
0 0.9847 0.4961 0.0264 0.0227
0 0.9736 0.468 0.0375 0.0141
0 0.6042 0.6484 0.0458 0.0195
0 0.8333 0.7531 0.05 0.0211
0 0.6833 0.6977 0.0542 0.018
0 0.8278 0.7086 0.0444 0.0188
0 0.5736 0.5859 0.0556 0.0328
0 0.7403 0.393 0.0333 0.0203
0 0.175 0.5578 0.0222 0.0156
0 0.6639 0.557 0.0417 0.0344
0 0.6458 0.6555 0.0417 0.0242
