0 0.35 0.0383 0.0625 0.0367
0 0.3264 0.0672 0.0611 0.0328
0 0.425 0.0898 0.0528 0.0336
0 0.4097 0.1312 0.0472 0.0266
0 0.3264 0.1742 0.0556 0.032
0 0.3792 0.2133 0.0597 0.0344
0 0.3319 0.2266 0.0542 0.0328
0 0.1944 0.1469 0.05 0.025
0 0.1417 0.1594 0.0542 0.0273
0 0.1972 0.1852 0.0306 0.025
0 0.2181 0.1898 0.0319 0.018
0 0.0944 0.2219 0.0472 0.0281
0 0.125 0.2633 0.05 0.0273
0 0.15 0.2641 0.0292 0.0156
0 0.2542 0.2469 0.0417 0.0281
0 0.2819 0.275 0.0264 0.0156
0 0.2361 0.2773 0.0236 0.0172
0 0.1431 0.3055 0.0569 0.032
0 0.2264 0.3172 0.0333 0.0227
0 0.2833 0.318 0.0361 0.0227
0 0.2431 0.332 0.0333 0.0203
0 0.3333 0.3375 0.0444 0.025
0 0.5028 0.3141 0.0375 0.018
0 0.6806 0.3273 0.0472 0.0266
0 0.7208 0.3305 0.0458 0.0273
0 0.4528 0.3875 0.0306 0.0195
0 0.7417 0.4031 0.0431 0.0242
0 0.0917 0.375 0.0347 0.0273
0 0.1292 0.3805 0.0333 0.0172
0 0.0667 0.418 0.0375 0.0289
0 0.3222 0.4398 0.05 0.0242
0 0.5653 0.4961 0.0278 0.0234
0 0.4667 0.4859 0.05 0.0203
0 0.2889 0.4852 0.0417 0.025
0 0.3319 0.4906 0.0375 0.0242
0 0.3542 0.5156 0.0431 0.0281
0 0.4444 0.5039 0.0417 0.0258
0 0.4083 0.5461 0.0236 0.0188
0 0.3736 0.5508 0.025 0.0203
0 0.1972 0.7203 0.0611 0.0375
0 0.3569 0.7008 0.0306 0.025
0 0.4694 0.7062 0.0306 0.018
0 0.7986 0.7156 0.0639 0.0352
0 0.7486 0.6578 0.0375 0.0172
0 0.7569 0.6953 0.0556 0.0359
0 0.0667 0.8266 0.05 0.0242
0 0.5208 0.8477 0.05 0.025
0 0.3222 0.5805 0.0306 0.0227
0 0.05 0.4242 0.0292 0.0188
0 0.0264 0.4227 0.0361 0.0203
0 0.0278 0.2977 0.0417 0.025
0 0.5361 0.4992 0.0458 0.0281
0 0.4083 0.5828 0.0542 0.0344
0 0.3986 0.3461 0.0292 0.0203
0 0.3917 0.3352 0.0319 0.0164
0 0.4306 0.3383 0.0486 0.0258
0 0.3847 0.3664 0.0583 0.0352
0 0.3792 0.3156 0.0486 0.0297
0 0.1556 0.3977 0.0236 0.0094
0 0.0556 0.3828 0.0486 0.0367
0 0.1903 0.6164 0.0347 0.0211
0 0.7528 0.7258 0.0444 0.0242
