0 0.4625 0.2805 0.05 0.0305
0 0.5792 0.4188 0.0375 0.018
0 0.2069 0.4805 0.0472 0.0297
0 0.2389 0.5562 0.0556 0.0297
0 0.4792 0.5156 0.0486 0.0281
0 0.4625 0.4719 0.0319 0.0211
0 0.5292 0.4672 0.0236 0.0148
0 0.5444 0.5281 0.0361 0.0297
0 0.1167 0.6227 0.0625 0.0281
0 0.5806 0.5672 0.0347 0.0227
0 0.5736 0.532 0.0319 0.0289
0 0.6875 0.5523 0.0319 0.0188
0 0.4306 0.6719 0.0333 0.025
0 0.1139 0.7367 0.0361 0.0258
0 0.4236 0.7312 0.05 0.0227
0 0.4014 0.7508 0.0222 0.0211
0 0.4597 0.7055 0.05 0.0297
0 0.4708 0.7281 0.0458 0.025
0 0.5056 0.693 0.0389 0.0273
0 0.6458 0.6672 0.0569 0.0289
0 0.7417 0.6742 0.0403 0.0227
0 0.6778 0.7164 0.0264 0.0203
0 0.7111 0.7141 0.0486 0.0219
0 0.7111 0.6398 0.05 0.0242
0 0.6764 0.6219 0.0514 0.018
0 0.6514 0.6055 0.0639 0.0281
0 0.6028 0.5938 0.0431 0.0086
0 0.7056 0.5578 0.0486 0.0188
0 0.7972 0.6289 0.0528 0.0211
0 0.7597 0.5406 0.0472 0.0227
0 0.7264 0.5438 0.025 0.0148
0 0.9347 0.5375 0.0333 0.0195
0 0.9694 0.5367 0.0375 0.0148
0 0.4417 0.382 0.0167 0.0125
0 0.4472 0.4328 0.0306 0.0125
0 0.5347 0.707 0.025 0.0188
0 0.6403 0.6297 0.0208 0.0203
0 0.3986 0.6078 0.0236 0.0258
