0 0.1097 0.175 0.0306 0.0266
0 0.0236 0.1883 0.0431 0.025
0 0.0125 0.218 0.0236 0.0188
0 0.1736 0.2227 0.0444 0.0211
0 0.1389 0.2555 0.0431 0.0227
0 0.0944 0.2734 0.0361 0.0148
0 0.1042 0.293 0.0444 0.0156
0 0.2458 0.2852 0.0319 0.0156
0 0.2181 0.2977 0.0292 0.0203
0 0.2833 0.3148 0.0306 0.0148
0 0.3306 0.3383 0.0333 0.0234
0 0.3597 0.332 0.0347 0.0234
0 0.425 0.3203 0.0403 0.0227
0 0.2653 0.3344 0.0347 0.0195
0 0.2542 0.3586 0.0319 0.0117
0 0.8417 0.4703 0.0528 0.0312
0 0.9472 0.5039 0.0639 0.0281
0 0.9014 0.5727 0.0653 0.0219
0 0.5792 0.5906 0.0431 0.0234
0 0.6722 0.4711 0.0292 0.0188
0 0.0958 0.4977 0.0556 0.0219
0 0.2597 0.5133 0.0458 0.0203
0 0.3486 0.5602 0.0333 0.0188
0 0.4972 0.543 0.0292 0.0148
0 0.1319 0.5641 0.0361 0.0219
0 0.0889 0.5516 0.0347 0.0195
0 0.1153 0.5508 0.0403 0.0211
0 0.1 0.5711 0.0264 0.0195
0 0.0875 0.5875 0.0292 0.0273
0 0.0528 0.6016 0.0292 0.0141
0 0.0222 0.5898 0.025 0.0188
0 0.1486 0.4555 0.0389 0.0164
