0 0.1014 0.632 0.0542 0.0258
0 0.2278 0.6688 0.0542 0.0188
0 0.1972 0.7164 0.0694 0.0219
0 0.5472 0.6375 0.0222 0.0156
0 0.5597 0.6211 0.0403 0.018
0 0.6444 0.6469 0.0417 0.0188
0 0.6403 0.5875 0.0431 0.0164
0 0.7167 0.5727 0.0389 0.025
0 0.7125 0.45 0.0431 0.0266
0 0.6875 0.4602 0.0444 0.0211
0 0.7708 0.4336 0.0194 0.0117
0 0.8167 0.4391 0.0194 0.0156
0 0.75 0.5016 0.0194 0.018
0 0.8222 0.5367 0.0306 0.0227
0 0.875 0.5211 0.0292 0.0156
0 0.8542 0.5562 0.0458 0.0211
0 0.7514 0.5758 0.0236 0.0125
0 0.7236 0.5961 0.0403 0.0219
0 0.7333 0.6164 0.0333 0.0148
0 0.8139 0.6227 0.0389 0.0234
0 0.8458 0.6141 0.0486 0.0266
0 0.8375 0.6414 0.0361 0.0211
0 0.925 0.6484 0.0389 0.0164
0 0.5194 0.6328 0.0306 0.0133
0 0.5278 0.6562 0.0222 0.0188
0 0.5014 0.6586 0.0264 0.0133
0 0.1583 0.6898 0.05 0.032
0 0.1278 0.6781 0.0167 0.0117
0 0.0806 0.6859 0.0431 0.0258
0 0.0319 0.6641 0.0444 0.0297
0 0.0097 0.668 0.0194 0.0289
0 0.0333 0.5484 0.0542 0.0266
0 0.0222 0.5633 0.0417 0.0234
0 0.0472 0.5219 0.0181 0.0172
0 0.0194 0.5211 0.0389 0.0266
0 0.0222 0.4797 0.0403 0.0258
