0 0.6694 0.1922 0.0556 0.0328
0 0.6625 0.2211 0.0417 0.025
0 0.6917 0.2555 0.0528 0.0305
0 0.6514 0.2469 0.0167 0.0133
0 0.5944 0.2461 0.0458 0.0203
0 0.5861 0.2898 0.0569 0.0312
0 0.7111 0.3141 0.0292 0.0219
0 0.75 0.3141 0.0514 0.0312
0 0.5736 0.3445 0.0583 0.0266
0 0.5903 0.325 0.0417 0.0156
0 0.6167 0.3555 0.05 0.0367
0 0.6667 0.3578 0.05 0.0398
0 0.3903 0.4211 0.0611 0.0281
0 0.3222 0.4375 0.0528 0.0273
0 0.7292 0.3852 0.0542 0.0234
0 0.8292 0.4094 0.0583 0.0344
0 0.7181 0.432 0.0556 0.025
0 0.7514 0.4578 0.0625 0.0336
0 0.7972 0.4664 0.0431 0.0344
0 0.8417 0.4375 0.0556 0.0234
0 0.6194 0.6016 0.0639 0.0297
0 0.6847 0.5555 0.05 0.0219
0 0.7264 0.5766 0.0597 0.032
0 0.7778 0.5422 0.0417 0.0289
0 0.8819 0.5422 0.0486 0.0266
0 0.9139 0.6016 0.0389 0.0211
0 0.9431 0.6109 0.0222 0.0156
0 0.8028 0.6172 0.0236 0.0172
0 0.4639 0.5883 0.0375 0.0211
0 0.5556 0.6945 0.0583 0.0203
0 0.3639 0.7 0.0347 0.0211
0 0.3861 0.7664 0.0681 0.0211
0 0.0542 0.7688 0.0444 0.0297
0 0.6375 0.7133 0.0569 0.0359
0 0.7528 0.6523 0.0458 0.0172
0 0.7653 0.7516 0.0236 0.0305
0 0.6514 0.7859 0.0444 0.0273
0 0.0167 0.8375 0.0347 0.0227
0 0.175 0.8664 0.0444 0.0156
0 0.2681 0.8641 0.0375 0.0258
0 0.4583 0.8547 0.0528 0.025
0 0.35 0.9086 0.0222 0.0125
0 0.1972 0.9898 0.0556 0.018
0 0.6528 0.9664 0.0625 0.0258
0 0.7083 0.9531 0.0542 0.0234
