0 0.5556 0.1133 0.0486 0.0281
0 0.5819 0.1 0.0444 0.0297
0 0.5556 0.1359 0.0389 0.018
0 0.4236 0.1773 0.0347 0.0211
0 0.6042 0.2156 0.0569 0.032
0 0.5292 0.2445 0.0528 0.0289
0 0.6153 0.2484 0.0403 0.0258
0 0.6569 0.2523 0.0403 0.0234
0 0.3778 0.3461 0.0597 0.025
0 0.3819 0.3719 0.0569 0.0312
0 0.4347 0.3844 0.0528 0.0328
0 0.5931 0.2828 0.0417 0.0305
0 0.3486 0.4227 0.0542 0.0289
0 0.4792 0.4391 0.0583 0.0273
0 0.3819 0.4109 0.0361 0.0211
0 0.5028 0.3164 0.025 0.0234
0 0.5583 0.2992 0.0222 0.0297
0 0.6458 0.3805 0.0556 0.0273
0 0.7208 0.3633 0.0528 0.032
0 0.4806 0.4602 0.0375 0.0164
0 0.2694 0.5688 0.0472 0.0211
0 0.4444 0.5984 0.0625 0.0312
0 0.4708 0.5453 0.0514 0.0312
0 0.5278 0.5445 0.0583 0.0273
0 0.6069 0.5336 0.0583 0.0227
0 0.6125 0.7234 0.0264 0.0258
0 0.7139 0.6461 0.0444 0.0211
0 0.6653 0.5938 0.0306 0.0234
0 0.7042 0.5672 0.0472 0.0289
0 0.6847 0.6227 0.0514 0.0211
0 0.2181 0.7883 0.0958 0.0539
0 0.5056 0.8266 0.0278 0.0312
0 0.8333 0.8406 0.0583 0.0273
0 0.9097 0.8758 0.0639 0.0297
0 0.2792 0.8352 0.0625 0.0375
0 0.3403 0.8609 0.075 0.0258
0 0.2944 0.3727 0.0417 0.0125
0 0.6556 0.2812 0.0278 0.0125
0 0.525 0.3781 0.0292 0.0117
0 0.3931 0.4219 0.0347 0.0172
0 0.3542 0.8156 0.0236 0.0195
0 0.2375 0.9461 0.0514 0.0305
