0 0.0556 0.0938 0.0389 0.025
0 0.0403 0.1031 0.0236 0.0164
0 0.0903 0.0977 0.0306 0.0242
0 0.0694 0.1367 0.0431 0.0227
0 0.1667 0.1031 0.0403 0.0242
0 0.1778 0.0766 0.0389 0.0188
0 0.1722 0.0562 0.0389 0.0266
0 0.1306 0.0547 0.0389 0.025
0 0.3403 0.075 0.0375 0.0219
0 0.3069 0.0641 0.0306 0.0211
0 0.2042 0.1125 0.0403 0.0227
0 0.1861 0.1211 0.0417 0.0195
0 0.2139 0.0859 0.0264 0.0195
0 0.2222 0.1078 0.0264 0.0219
0 0.2556 0.1328 0.0236 0.0195
0 0.0819 0.2031 0.0431 0.0195
0 0.0319 0.2359 0.0333 0.0211
0 0.2333 0.2352 0.0528 0.0273
0 0.1931 0.1906 0.0319 0.0133
0 0.3556 0.1664 0.0333 0.0219
0 0.3653 0.1359 0.0389 0.0234
0 0.4 0.182 0.0319 0.018
0 0.4014 0.1047 0.0375 0.0188
0 0.4403 0.0953 0.0278 0.0102
0 0.4278 0.1172 0.025 0.0195
0 0.4667 0.1211 0.0486 0.0281
0 0.4861 0.0969 0.0417 0.025
0 0.4986 0.0711 0.0417 0.0242
0 0.5431 0.0656 0.0583 0.032
0 0.5417 0.0336 0.0278 0.0273
0 0.3708 0.2266 0.05 0.0266
0 0.3542 0.2562 0.0528 0.0289
0 0.4264 0.2406 0.025 0.018
0 0.4583 0.2156 0.0375 0.0211
0 0.4972 0.1844 0.0361 0.0234
0 0.525 0.1766 0.0389 0.0219
0 0.525 0.1031 0.0347 0.0289
0 0.5625 0.1047 0.0514 0.0344
0 0.6569 0.1008 0.0375 0.0258
0 0.6014 0.0617 0.0292 0.0164
0 0.6694 0.1172 0.0208 0.0164
0 0.6778 0.1344 0.0389 0.0258
0 0.7375 0.2117 0.0542 0.0352
0 0.8528 0.2312 0.0417 0.0227
0 0.8931 0.2344 0.0375 0.0227
0 0.9194 0.2477 0.0306 0.0164
0 0.8861 0.2578 0.0417 0.0164
0 0.7528 0.275 0.0597 0.0359
0 0.9042 0.1914 0.025 0.0203
0 0.8361 0.1727 0.0181 0.0125
0 0.2944 0.2898 0.0458 0.0242
0 0.2264 0.3 0.0444 0.0312
0 0.4944 0.2906 0.0222 0.0148
0 0.1653 0.3344 0.0542 0.025
0 0.1958 0.3539 0.0583 0.0273
0 0.2625 0.3719 0.0403 0.0227
0 0.0153 0.2875 0.0278 0.0172
0 0.7014 0.3211 0.0389 0.0148
0 0.8458 0.3422 0.0583 0.0336
0 0.9583 0.3188 0.0444 0.0203
0 0.875 0.357 0.0361 0.0164
0 0.8736 0.3945 0.0361 0.0172
0 0.9431 0.4133 0.0292 0.0148
0 0.9861 0.4406 0.0222 0.0227
0 0.9556 0.4438 0.0361 0.018
0 0.9569 0.4242 0.0222 0.0148
0 0.6375 0.4078 0.0472 0.0344
0 0.7056 0.4164 0.0375 0.0211
0 0.6444 0.3703 0.0458 0.0297
0 0.6833 0.3672 0.0389 0.0219
0 0.4778 0.4164 0.0639 0.0328
0 0.3056 0.4742 0.0694 0.0359
0 0.4319 0.4391 0.0792 0.025
0 0.2889 0.5359 0.0639 0.0258
0 0.3917 0.5828 0.0764 0.0336
0 0.2292 0.582 0.0347 0.0117
0 0.4986 0.5789 0.0458 0.0266
0 0.5861 0.5883 0.0597 0.0281
0 0.7972 0.5891 0.0222 0.0203
0 0.9667 0.5531 0.0361 0.0258
0 0.9875 0.5602 0.0222 0.0289
0 0.0708 0.6633 0.0486 0.032
0 0.1431 0.7039 0.0417 0.0242
0 0.3861 0.7219 0.0792 0.0398
0 0.65 0.6492 0.0361 0.0172
0 0.6778 0.6781 0.025 0.0156
0 0.7972 0.6516 0.0361 0.0188
0 0.8806 0.643 0.0403 0.018
0 0.9653 0.6836 0.0347 0.0203
0 0.9875 0.6406 0.0208 0.0242
0 0.9806 0.6133 0.0333 0.0273
0 0.8861 0.4461 0.0278 0.0094
0 0.0403 0.0734 0.0222 0.0219
0 0.1847 0.1383 0.0333 0.0141
0 0.2319 0.1828 0.0278 0.0156
0 0.1972 0.2094 0.0292 0.0164
0 0.2208 0.2102 0.0236 0.0094
0 0.5861 0.2156 0.0444 0.0227
0 0.8264 0.2648 0.0194 0.0086
0 0.6236 0.3414 0.05 0.025
0 0.8944 0.7289 0.0278 0.0219
