0 0.5264 0.1969 0.0458 0.0273
0 0.3069 0.3562 0.0347 0.0195
0 0.3417 0.3578 0.0347 0.0164
0 0.3361 0.4266 0.0417 0.0227
0 0.3458 0.4586 0.0417 0.0219
0 0.125 0.493 0.0208 0.0125
0 0.1236 0.5266 0.0139 0.0086
0 0.2833 0.5438 0.0347 0.018
0 0.3194 0.5508 0.0486 0.0148
0 0.3153 0.6016 0.0403 0.0172
0 0.2972 0.6562 0.05 0.0203
0 0.1875 0.4438 0.0278 0.0156
0 0.7264 0.4297 0.0389 0.0234
0 0.6736 0.3953 0.0278 0.0188
0 0.6542 0.4078 0.0292 0.0164
0 0.5153 0.4508 0.0319 0.0203
0 0.5625 0.4367 0.0306 0.0164
0 0.625 0.3969 0.025 0.018
0 0.9153 0.5617 0.0264 0.0094
0 0.8069 0.6672 0.0194 0.0141
0 0.9028 0.6664 0.0333 0.0195
0 0.95 0.6594 0.025 0.0117
0 0.2514 0.4461 0.0306 0.0227
0 0.0889 0.5375 0.0417 0.0203
0 0.1153 0.5375 0.0153 0.0125
0 0.1278 0.5094 0.0236 0.0125
0 0.2792 0.6172 0.0583 0.0266
0 0.5097 0.7352 0.0472 0.0102
0 0.6403 0.6797 0.0139 0.0188
0 0.6861 0.6156 0.0181 0.0188
0 0.8778 0.6344 0.0444 0.0148
0 0.9514 0.6828 0.0194 0.0219
0 0.8264 0.6234 0.0153 0.0102
