0 0.1611 0.2188 0.0528 0.0273
0 0.1472 0.2539 0.0431 0.0305
0 0.2111 0.2578 0.0528 0.0281
0 0.0403 0.3141 0.0611 0.0305
0 0.2958 0.5219 0.0681 0.0375
0 0.4611 0.5227 0.0556 0.0281
0 0.2 0.5648 0.0333 0.0211
0 0.2542 0.5891 0.0528 0.0305
0 0.1778 0.6117 0.0611 0.0352
0 0.2056 0.6297 0.0486 0.0312
0 0.2972 0.6539 0.0458 0.0312
0 0.0583 0.6898 0.0514 0.0352
0 0.4389 0.6516 0.025 0.0273
0 0.2486 0.7164 0.0889 0.0523
0 0.4583 0.7047 0.0458 0.0219
0 0.3139 0.8008 0.0514 0.0102
0 0.275 0.907 0.0875 0.05
0 0.3944 0.8133 0.0389 0.0156
0 0.4167 0.9086 0.0222 0.0258
0 0.9306 0.8477 0.075 0.0406
0 0.9806 0.768 0.0347 0.0273
0 0.8681 0.7039 0.0542 0.0305
0 0.9472 0.6469 0.0708 0.0359
0 0.975 0.6141 0.0431 0.0391
0 0.8819 0.557 0.0653 0.0305
0 0.9292 0.5391 0.0528 0.0273
0 0.9819 0.5156 0.0264 0.0234
0 0.9778 0.3008 0.0389 0.032
0 0.0639 0.4273 0.0375 0.032
0 0.1153 0.4219 0.0306 0.0273
0 0.3139 0.3797 0.0444 0.0258
0 0.2861 0.3695 0.025 0.0234
0 0.3583 0.6203 0.0347 0.0156
0 0.3556 0.6469 0.0333 0.0227
0 0.1167 0.7508 0.0319 0.0219
0 0.9 0.6883 0.05 0.0258
0 0.4 0.543 0.0153 0.0156
0 0.25 0.7906 0.0139 0.0133
0 0.6514 0.8648 0.0639 0.0305
