0 0.5917 0.2781 0.0528 0.0312
0 0.3222 0.4867 0.0472 0.025
0 0.6028 0.5164 0.0486 0.0258
0 0.3639 0.5594 0.0542 0.0273
0 0.5153 0.607 0.0361 0.0227
0 0.2514 0.6305 0.0569 0.018
0 0.2292 0.6211 0.0361 0.0172
0 0.0292 0.6219 0.0319 0.0133
0 0.9208 0.5344 0.0472 0.0297
0 0.8389 0.5445 0.0264 0.0195
0 0.8667 0.5547 0.0403 0.0227
0 0.8889 0.5539 0.0319 0.018
0 0.7625 0.5969 0.0431 0.0219
0 0.8569 0.6203 0.05 0.0305
0 0.8958 0.6359 0.0403 0.0281
0 0.9764 0.6203 0.0444 0.0219
0 0.7972 0.6312 0.0458 0.0266
0 0.625 0.7047 0.0486 0.0242
0 0.6417 0.7289 0.05 0.0258
0 0.5944 0.732 0.0431 0.0234
0 0.2667 0.7438 0.0542 0.0312
0 0.275 0.6992 0.0333 0.018
0 0.5778 0.8227 0.0389 0.0242
0 0.8861 0.5398 0.0278 0.0133
0 0.5042 0.6414 0.0319 0.0117
0 0.6694 0.6922 0.05 0.025
0 0.5792 0.4695 0.0458 0.0234
0 0.6556 0.4156 0.0278 0.0102
0 0.6611 0.4672 0.0333 0.0195
0 0.4069 0.5156 0.0375 0.0156
0 0.5042 0.6156 0.0375 0.0234
0 0.7 0.5281 0.0486 0.0359
0 0.8403 0.6438 0.0694 0.0172
0 0.85 0.6633 0.0569 0.0266
0 0.1069 0.8383 0.025 0.0203
0 0.8333 0.7094 0.0514 0.025
0 0.5889 0.675 0.0361 0.025
