0 0.3389 0.2648 0.0542 0.0227
0 0.3972 0.3 0.0556 0.025
0 0.3361 0.2969 0.0597 0.0258
0 0.3 0.2797 0.0208 0.0102
0 0.2375 0.357 0.0556 0.0328
0 0.2542 0.4305 0.0181 0.0211
0 0.2417 0.4672 0.0569 0.0266
0 0.275 0.4594 0.0333 0.0242
0 0.5028 0.5617 0.0583 0.0328
0 0.3681 0.5648 0.0292 0.0273
0 0.4639 0.6336 0.0681 0.0328
0 0.525 0.6938 0.0444 0.0305
0 0.2653 0.7344 0.0611 0.0398
0 0.4431 0.7484 0.0611 0.0344
0 0.3486 0.6523 0.0653 0.0273
0 0.3875 0.6734 0.0347 0.018
0 0.6514 0.6859 0.0278 0.0195
0 0.575 0.6375 0.0264 0.0273
0 0.3778 0.7648 0.0444 0.0227
0 0.4847 0.7562 0.0375 0.0164
0 0.5014 0.7406 0.0208 0.0125
0 0.1097 0.7711 0.0528 0.0273
0 0.2986 0.7984 0.0347 0.0219
0 0.4069 0.7922 0.0444 0.0203
0 0.5347 0.8461 0.0472 0.0133
0 0.6125 0.8617 0.0278 0.0148
0 0.4583 0.8078 0.0333 0.0227
0 0.4694 0.9516 0.0514 0.0391
0 0.9472 0.9133 0.0278 0.0211
0 0.6208 0.5633 0.0458 0.025
0 0.0681 0.8836 0.0597 0.032
0 0.0194 0.8078 0.0278 0.0148
0 0.8708 0.9148 0.0736 0.0281
0 0.5333 0.6602 0.0264 0.0172
0 0.4042 0.6109 0.0264 0.0188
0 0.6722 0.5719 0.0208 0.0109
0 0.5806 0.6922 0.0333 0.0195
0 0.3833 0.7008 0.0208 0.0156
0 0.3847 0.7258 0.0306 0.0156
0 0.4917 0.6797 0.0306 0.0203
0 0.4694 0.8367 0.0431 0.0109
0 0.5069 0.9609 0.0514 0.0445
0 0.3722 0.6062 0.0333 0.0227
0 0.4875 0.4148 0.0556 0.0227
0 0.6486 0.9609 0.0333 0.0297
