0 0.9917 0.7328 0.0125 0.0211
0 0.8917 0.7156 0.0319 0.0164
0 0.6819 0.6336 0.0389 0.0164
0 0.8194 0.5641 0.0375 0.0234
0 0.2653 0.4773 0.0472 0.0156
0 0.8444 0.5016 0.0236 0.0172
0 0.7944 0.5117 0.0264 0.0156
0 0.8708 0.4797 0.0361 0.0188
0 0.8069 0.4758 0.0458 0.018
0 0.8486 0.4625 0.0347 0.0133
0 0.9833 0.4758 0.0278 0.0234
0 0.8875 0.4102 0.0292 0.0156
0 0.8292 0.3992 0.0306 0.0172
0 0.8194 0.4156 0.0403 0.0141
0 0.7333 0.4133 0.0236 0.0125
0 0.7986 0.3312 0.0514 0.0289
0 0.8639 0.35 0.0431 0.0266
0 0.9597 0.3086 0.05 0.0195
0 0.8736 0.282 0.0458 0.0281
0 0.8917 0.2906 0.0306 0.018
0 0.9583 0.2445 0.0458 0.0312
0 0.9111 0.2484 0.0458 0.0273
0 0.8542 0.2625 0.0347 0.0227
0 0.8236 0.2523 0.0444 0.0289
0 0.7917 0.2094 0.0458 0.025
0 0.3181 0.2523 0.0333 0.0188
0 0.2861 0.2438 0.0444 0.0234
0 0.2528 0.1727 0.0264 0.0188
0 0.8611 0.1641 0.0347 0.0234
0 0.8917 0.1672 0.0333 0.0234
0 0.8931 0.15 0.0236 0.0062
0 0.9597 0.0539 0.0486 0.0312
0 0.0681 0.1078 0.0542 0.0281
0 0.0569 0.1562 0.0417 0.0234
0 0.0597 0.1242 0.0306 0.0117
0 0.0222 0.125 0.0417 0.0219
0 0.0153 0.0953 0.0264 0.018
0 0.0333 0.7 0.0319 0.0227
