0 0.1264 0.0148 0.0722 0.0273
0 0.1681 0.0734 0.0681 0.0305
0 0.1028 0.1008 0.0569 0.0273
0 0.1528 0.2789 0.0819 0.0422
0 0.3278 0.0695 0.1028 0.0656
0 0.4222 0.0781 0.0875 0.0656
0 0.3222 0.2352 0.0597 0.0266
0 0.1778 0.1 0.0514 0.0234
0 0.2139 0.1078 0.0528 0.0281
0 0.1333 0.3055 0.0764 0.0336
0 0.0319 0.1828 0.0653 0.0336
0 0.0347 0.2914 0.0583 0.0164
0 0.1972 0.1633 0.05 0.0156
0 0.2083 0.1367 0.0375 0.0242
0 0.3514 0.2688 0.0486 0.0188
0 0.5139 0.3008 0.0875 0.0484
0 0.6736 0.1547 0.0528 0.025
0 0.8694 0.1562 0.0819 0.0469
0 0.8986 0.1172 0.0861 0.0539
0 0.5403 0.0094 0.0417 0.018
0 0.6736 0.2258 0.0833 0.0523
0 0.7486 0.2234 0.0819 0.0492
0 0.8097 0.2141 0.0375 0.0227
0 0.7986 0.2453 0.0486 0.0195
0 0.75 0.2562 0.0431 0.0227
0 0.7806 0.2719 0.0444 0.0273
0 0.6903 0.3297 0.0736 0.0414
0 0.2458 0.3367 0.0889 0.0492
0 0.3861 0.3641 0.0778 0.0477
0 0.2514 0.3836 0.0833 0.043
0 0.7444 0.3359 0.0444 0.0258
0 0.9292 0.3914 0.0611 0.032
0 0.7097 0.3766 0.0361 0.0172
0 0.7222 0.3953 0.0264 0.0125
0 0.2542 0.4367 0.0306 0.0172
0 0.3778 0.4367 0.0611 0.0312
0 0.2681 0.5258 0.0639 0.0328
0 0.1236 0.5914 0.0639 0.0164
0 0.2278 0.5359 0.0375 0.0273
0 0.3944 0.4805 0.0625 0.0312
0 0.4292 0.5492 0.0556 0.032
0 0.4333 0.5289 0.025 0.025
0 0.4972 0.6031 0.0347 0.0211
0 0.1681 0.6633 0.05 0.0336
0 0.2306 0.6555 0.0528 0.0297
0 0.1528 0.6281 0.0319 0.0289
0 0.3792 0.6055 0.05 0.025
0 0.4056 0.643 0.0236 0.0164
0 0.5375 0.6008 0.0458 0.0297
0 0.55 0.5211 0.0597 0.0297
0 0.9361 0.5742 0.0528 0.0312
0 0.6458 0.5484 0.0486 0.032
0 0.4417 0.4078 0.0694 0.0422
0 0.6 0.4641 0.0639 0.0312
0 0.6903 0.5312 0.0472 0.0281
0 0.7389 0.5398 0.0472 0.0258
0 0.8444 0.4711 0.0653 0.0328
0 0.9667 0.6023 0.0319 0.0195
0 0.9028 0.4875 0.0542 0.0289
0 0.9375 0.4195 0.0542 0.0219
0 0.0597 0.2531 0.0625 0.0289
