0 0.5528 0.2539 0.05 0.0203
0 0.5931 0.2578 0.0389 0.0258
0 0.6444 0.2633 0.0431 0.0219
0 0.5569 0.3289 0.0417 0.0227
0 0.6 0.343 0.0556 0.0258
0 0.5847 0.3719 0.0444 0.018
0 0.5958 0.4062 0.0264 0.0172
0 0.6431 0.4 0.0375 0.0242
0 0.6292 0.5453 0.0333 0.018
0 0.6625 0.5445 0.0319 0.0172
0 0.7806 0.5758 0.0431 0.0227
0 0.7944 0.5945 0.0403 0.0227
0 0.8472 0.6164 0.0458 0.0211
0 0.3069 0.4453 0.0472 0.0312
0 0.3931 0.482 0.0292 0.0203
0 0.4778 0.5984 0.0306 0.0133
0 0.2375 0.4727 0.0542 0.0281
0 0.0694 0.5148 0.0236 0.0172
0 0.4208 0.5781 0.0597 0.0297
0 0.0111 0.493 0.0208 0.0242
0 0.0167 0.5109 0.0208 0.018
0 0.3764 0.4664 0.0403 0.0141
