0 0.0597 0.0102 0.0403 0.0211
0 0.0625 0.0578 0.0569 0.0344
0 0.0542 0.1297 0.0486 0.0297
0 0.125 0.2039 0.0556 0.0297
0 0.0736 0.2453 0.0597 0.0312
0 0.2181 0.2523 0.0486 0.0211
0 0.2847 0.2648 0.0319 0.018
0 0.1486 0.1617 0.0458 0.0148
0 0.0125 0.6562 0.0194 0.0242
0 0.1167 0.7094 0.0472 0.0328
0 0.1806 0.7164 0.0542 0.032
0 0.4514 0.6398 0.0514 0.0305
0 0.4472 0.6805 0.0417 0.0211
0 0.2264 0.6555 0.0458 0.0164
0 0.2556 0.6781 0.0486 0.0297
0 0.2833 0.6547 0.0556 0.0234
0 0.2375 0.6359 0.05 0.0258
0 0.1583 0.5672 0.0431 0.0219
0 0.1681 0.6102 0.0528 0.032
0 0.5944 0.5617 0.0417 0.0195
0 0.7278 0.5375 0.0361 0.025
0 0.8361 0.5734 0.0361 0.0234
0 0.9264 0.7289 0.0778 0.0352
0 0.925 0.5703 0.0597 0.0375
0 0.9875 0.5648 0.0194 0.0203
0 0.7708 0.5109 0.0694 0.0203
0 0.1736 0.1219 0.0431 0.0312
0 0.2222 0.1344 0.0514 0.0359
0 0.2069 0.0852 0.0583 0.0375
0 0.3014 0.0664 0.0347 0.0133
0 0.3556 0.1406 0.0361 0.0195
0 0.3097 0.1953 0.0361 0.0188
0 0.3681 0.0148 0.0403 0.0242
0 0.3417 0.0289 0.0292 0.0203
0 0.3958 0.025 0.0181 0.0211
0 0.4194 0.0625 0.0222 0.0141
0 0.4375 0.1344 0.0347 0.0195
0 0.4431 0.1547 0.0264 0.0156
0 0.4653 0.1586 0.0306 0.0156
0 0.475 0.0711 0.0347 0.0156
0 0.4806 0.0328 0.0458 0.0242
0 0.5208 0.043 0.0472 0.0234
0 0.4958 0.0578 0.0431 0.0203
0 0.5583 0.0672 0.0222 0.0195
0 0.5278 0.0875 0.0333 0.0156
0 0.5125 0.1234 0.0375 0.018
0 0.5167 0.1438 0.0347 0.0148
0 0.4889 0.2359 0.0292 0.0148
0 0.5083 0.3266 0.0292 0.0164
0 0.6458 0.3289 0.05 0.0219
0 0.6069 0.3078 0.0556 0.0312
0 0.5778 0.2828 0.0542 0.0312
0 0.7042 0.2391 0.0542 0.025
0 0.6556 0.1734 0.0556 0.0289
0 0.6639 0.0102 0.0333 0.0188
0 0.7208 0.0422 0.0292 0.0195
0 0.7514 0.057 0.0236 0.018
0 0.6917 0.075 0.0333 0.0203
0 0.6778 0.1062 0.0361 0.0211
0 0.7611 0.207 0.0139 0.0117
0 0.7917 0.1984 0.0569 0.0289
0 0.8111 0.1727 0.0486 0.0219
0 0.8083 0.1555 0.0347 0.0125
0 0.7944 0.2469 0.0264 0.0125
0 0.9333 0.0086 0.05 0.0156
0 0.9861 0.0102 0.025 0.0195
0 0.9222 0.032 0.0472 0.0242
0 0.9861 0.0344 0.0236 0.0242
0 0.8944 0.0547 0.0431 0.0258
0 0.8708 0.0469 0.0194 0.0172
0 0.9542 0.0836 0.0514 0.025
0 0.9042 0.1195 0.0375 0.0195
0 0.8597 0.1305 0.0431 0.0266
0 0.975 0.1672 0.0444 0.0258
0 0.9736 0.1945 0.0361 0.0156
0 0.8542 0.45 0.0653 0.0305
0 0.9889 0.4102 0.0194 0.0266
0 0.7417 0.3648 0.0125 0.0164
0 0.6764 0.4648 0.0222 0.0234
0 0.5347 0.4859 0.0139 0.0133
0 0.9681 0.7219 0.0403 0.0227
0 0.3972 0.4391 0.0097 0.0117
0 0.8903 0.2258 0.0347 0.0172
0 0.95 0.2336 0.0444 0.0234
0 0.9889 0.2602 0.0167 0.0164
0 0.9597 0.4711 0.0278 0.0297
0 0.2097 0.5125 0.0375 0.0078
0 0.1264 0.6797 0.0528 0.0258
0 0.7403 0.1766 0.0333 0.0195
0 0.325 0.007 0.0389 0.0133
0 0.4986 0.0062 0.0375 0.0133
0 0.5972 0.0055 0.0389 0.0102
0 0.5333 0.0148 0.025 0.0203
0 0.7639 0.032 0.0292 0.0141
0 0.5292 0.3023 0.0347 0.0258
0 0.1361 0.3234 0.0306 0.0125
0 0.1889 0.3195 0.0236 0.0148
0 0.8208 0.543 0.0667 0.0352
