0 0.1681 0.0125 0.0417 0.0234
0 0.1486 0.0375 0.0264 0.0258
0 0.0833 0.0688 0.0514 0.0289
0 0.0153 0.082 0.0319 0.032
0 0.0611 0.0984 0.0361 0.0227
0 0.0486 0.1219 0.0472 0.0266
0 0.0653 0.1414 0.025 0.0156
0 0.1583 0.1297 0.0458 0.0266
0 0.1639 0.1055 0.0542 0.0188
0 0.2611 0.0969 0.0542 0.0281
0 0.2292 0.0742 0.0458 0.0258
0 0.1639 0.0797 0.0361 0.0211
0 0.2542 0.1141 0.0444 0.025
0 0.3194 0.1273 0.0486 0.0281
0 0.9389 0.0812 0.0514 0.0281
0 0.9708 0.1031 0.0403 0.0133
0 0.8986 0.1383 0.0431 0.0266
0 0.9542 0.1531 0.0472 0.0266
0 0.9861 0.1961 0.025 0.0234
0 0.9153 0.1766 0.0528 0.0281
0 0.3181 0.1859 0.0375 0.0234
0 0.3708 0.1859 0.0333 0.0188
0 0.3986 0.1969 0.0417 0.0219
0 0.3819 0.2109 0.0417 0.0219
0 0.2306 0.207 0.0417 0.0258
0 0.1736 0.2008 0.0264 0.018
0 0.1375 0.2094 0.0528 0.0281
0 0.0222 0.1906 0.0431 0.0266
0 0.0111 0.1555 0.0208 0.0109
0 0.0597 0.1789 0.0444 0.0234
0 0.0431 0.207 0.0292 0.0203
0 0.0333 0.218 0.0417 0.0227
0 0.0778 0.2484 0.0431 0.0297
0 0.0472 0.2555 0.0389 0.0203
0 0.1181 0.2742 0.0597 0.0344
0 0.1903 0.25 0.0431 0.0289
0 0.2167 0.2359 0.0514 0.0211
0 0.2639 0.2453 0.0389 0.0266
0 0.3056 0.2516 0.0472 0.0289
0 0.2625 0.2664 0.05 0.0273
0 0.0389 0.3211 0.0583 0.0281
0 0.0583 0.3445 0.0528 0.0195
0 0.0986 0.3422 0.0236 0.0109
0 0.2028 0.3398 0.0431 0.0266
0 0.2639 0.35 0.0542 0.0258
0 0.3056 0.3484 0.0306 0.0141
0 0.3764 0.3188 0.0444 0.025
0 0.2431 0.2789 0.0458 0.0219
0 0.9514 0.325 0.0569 0.0266
0 0.3667 0.4289 0.0458 0.0234
0 0.6694 0.3883 0.0389 0.0211
0 0.7847 0.3828 0.0389 0.0172
0 0.9764 0.3875 0.0431 0.0328
0 0.9556 0.4086 0.0653 0.0344
0 0.7361 0.4133 0.0361 0.0219
0 0.6736 0.3055 0.0306 0.0141
0 0.7667 0.2922 0.0306 0.0211
0 0.7764 0.4195 0.0417 0.0234
0 0.8236 0.4203 0.0278 0.0109
0 0.9389 0.4586 0.0528 0.0258
0 0.9806 0.4594 0.0333 0.018
0 0.6764 0.468 0.0264 0.0133
0 0.8042 0.493 0.0514 0.0273
0 0.7569 0.5156 0.025 0.0188
0 0.8556 0.5664 0.0444 0.0258
0 0.9042 0.5016 0.0444 0.0391
0 0.8889 0.4641 0.0222 0.0172
0 0.9722 0.5164 0.0278 0.0211
0 0.9903 0.5234 0.0125 0.0172
0 0.3181 0.4945 0.0431 0.0266
0 0.4542 0.5227 0.0472 0.0227
0 0.2361 0.5055 0.0333 0.0227
0 0.0264 0.5477 0.0403 0.0289
0 0.15 0.5805 0.0556 0.0281
0 0.1028 0.6055 0.0528 0.0219
0 0.1944 0.5641 0.0542 0.0266
0 0.2486 0.532 0.0292 0.0188
0 0.5111 0.5773 0.0431 0.0234
0 0.4542 0.7297 0.0458 0.0172
0 0.4417 0.6703 0.0417 0.0195
0 0.1472 0.6156 0.0306 0.0203
0 0.9889 0.3273 0.0181 0.0227
0 0.4333 0.4766 0.0264 0.0195
0 0.5333 0.7547 0.0389 0.0227
0 0.5181 0.643 0.0361 0.0211
