0 0.2028 0.3844 0.0181 0.0086
0 0.2306 0.3906 0.0278 0.0125
0 0.2444 0.3758 0.0208 0.0141
0 0.2306 0.3656 0.0194 0.0055
0 0.3778 0.3641 0.0306 0.0133
0 0.3333 0.4078 0.025 0.0156
0 0.4542 0.4078 0.0194 0.0141
0 0.5486 0.4055 0.0153 0.0109
0 0.4125 0.4305 0.0083 0.0078
0 0.4458 0.5086 0.0097 0.0039
0 0.3014 0.525 0.0167 0.0109
0 0.3167 0.5391 0.0097 0.0102
0 0.3 0.5648 0.0236 0.0141
0 0.3944 0.575 0.0153 0.0055
0 0.3056 0.6094 0.0097 0.0062
0 0.2708 0.6023 0.0083 0.0094
0 0.0097 0.6289 0.0111 0.0102
0 0.0903 0.6648 0.0139 0.018
0 0.1403 0.6938 0.0306 0.0156
0 0.1167 0.725 0.0319 0.0203
0 0.5042 0.6062 0.0194 0.0156
0 0.6417 0.5633 0.0125 0.0094
0 0.6569 0.6852 0.025 0.0156
0 0.6083 0.7102 0.0181 0.0117
0 0.6681 0.7055 0.0153 0.0102
0 0.7556 0.7242 0.0222 0.0117
0 0.8639 0.6789 0.025 0.0133
0 0.7278 0.6125 0.0194 0.0117
0 0.7306 0.4516 0.0139 0.0125
0 0.7556 0.4445 0.0111 0.0062
0 0.8431 0.6281 0.0083 0.0094
0 0.6389 0.2938 0.025 0.0156
0 0.6667 0.293 0.0222 0.0102
0 0.7069 0.2711 0.0083 0.0086
0 0.6278 0.2375 0.0236 0.0148
0 0.6139 0.2758 0.0236 0.0148
0 0.5597 0.2609 0.0278 0.0141
0 0.5236 0.25 0.0181 0.0125
0 0.5306 0.2648 0.0153 0.0102
0 0.4764 0.2719 0.025 0.0156
0 0.45 0.2703 0.0306 0.018
0 0.4569 0.2523 0.0139 0.0094
0 0.5125 0.1984 0.025 0.0141
0 0.4569 0.3266 0.0083 0.0078
0 0.8028 0.7516 0.0139 0.0156
0 0.3944 0.4555 0.0181 0.0086
0 0.4194 0.4719 0.0458 0.0164
0 0.5153 0.4148 0.0403 0.0242
0 0.5764 0.3031 0.0125 0.0148
0 0.5417 0.2258 0.025 0.0117
0 0.6556 0.2672 0.0292 0.0273
0 0.4625 0.4383 0.0278 0.0133
0 0.6819 0.4031 0.0375 0.0109
0 0.3083 0.6555 0.0444 0.0156
0 0.3681 0.6469 0.0444 0.0195
0 0.3306 0.6672 0.0389 0.0188
0 0.6306 0.718 0.0319 0.0133
0 0.5708 0.5578 0.0333 0.0164
0 0.6153 0.5922 0.0403 0.0203
0 0.5778 0.6227 0.0375 0.0141
0 0.6347 0.6805 0.0444 0.0242
0 0.7611 0.7531 0.0194 0.0188
0 0.7431 0.7484 0.0194 0.0117
0 0.7347 0.7602 0.0417 0.0141
0 0.8542 0.7453 0.0292 0.0125
0 0.7528 0.7812 0.0292 0.018
0 0.7389 0.7922 0.0306 0.0156
