0 0.8153 0.0844 0.0583 0.0344
0 0.8028 0.1117 0.0375 0.0273
0 0.7361 0.1383 0.0542 0.0266
0 0.8333 0.1484 0.0528 0.032
0 0.7361 0.182 0.0611 0.0359
0 0.8556 0.2086 0.0306 0.0234
0 0.8944 0.2078 0.0514 0.0312
0 0.7208 0.2383 0.05 0.0281
0 0.7347 0.2188 0.0333 0.0188
0 0.7708 0.25 0.0528 0.0336
0 0.8181 0.2508 0.0306 0.0133
0 0.7861 0.2719 0.025 0.0188
0 0.8736 0.2781 0.0569 0.0258
0 0.9694 0.3062 0.0569 0.0352
0 0.9778 0.3328 0.0403 0.0242
0 0.8694 0.3305 0.0542 0.025
0 0.9083 0.3539 0.0639 0.0344
0 0.9472 0.3641 0.0319 0.0367
0 0.5403 0.318 0.0597 0.0297
0 0.4694 0.3383 0.0514 0.025
0 0.0167 0.2883 0.0306 0.0164
0 0.1097 0.4844 0.0694 0.0375
0 0.8417 0.4492 0.0625 0.0289
0 0.9431 0.4391 0.0389 0.0242
0 0.8958 0.468 0.0625 0.0273
0 0.7792 0.4977 0.0625 0.0312
0 0.5944 0.4867 0.0361 0.0234
0 0.55 0.5891 0.0403 0.0219
0 0.5694 0.6484 0.0486 0.0211
0 0.7194 0.5836 0.0667 0.0211
0 0.8653 0.543 0.0444 0.0172
0 0.9333 0.5078 0.0417 0.0195
0 0.9097 0.5828 0.0306 0.0211
0 0.7889 0.6023 0.0625 0.0281
0 0.8278 0.668 0.0389 0.0219
0 0.6542 0.7289 0.0444 0.0266
0 0.1986 0.6617 0.0417 0.0227
0 0.4042 0.7445 0.0458 0.0258
0 0.5042 0.7758 0.0375 0.0258
0 0.5722 0.7844 0.0333 0.0227
0 0.0722 0.7484 0.0556 0.0297
0 0.1153 0.7703 0.0417 0.0266
0 0.1681 0.7289 0.0431 0.0219
0 0.1458 0.7109 0.0569 0.0281
0 0.0139 0.7742 0.0264 0.0297
0 0.0319 0.6602 0.0278 0.0203
0 0.0764 0.5359 0.0375 0.0273
0 0.3 0.7477 0.0486 0.0227
0 0.8167 0.8312 0.0639 0.0297
0 0.8708 0.8219 0.0403 0.0328
0 0.4403 0.7398 0.0153 0.0195
0 0.7972 0.3133 0.0375 0.0156
0 0.0181 0.6031 0.0236 0.0203
0 0.0847 0.6828 0.05 0.018
0 0.1847 0.7789 0.025 0.0188
0 0.7319 0.2555 0.0486 0.0266
0 0.3806 0.8656 0.0403 0.0234
0 0.3417 0.8945 0.0528 0.0281
