0 0.3514 0.1281 0.0681 0.0398
0 0.2903 0.1742 0.0528 0.032
0 0.2139 0.1945 0.0431 0.0266
0 0.2639 0.1703 0.0333 0.0305
0 0.1764 0.1977 0.0569 0.0328
0 0.1444 0.2195 0.0486 0.0305
0 0.1653 0.2461 0.0472 0.0188
0 0.2667 0.2188 0.0625 0.0336
0 0.3944 0.2031 0.0458 0.0227
0 0.4125 0.2266 0.05 0.0195
0 0.2111 0.2766 0.0556 0.0273
0 0.1653 0.2945 0.0389 0.0227
0 0.2056 0.2961 0.0306 0.0156
0 0.3806 0.2961 0.0444 0.0266
0 0.4264 0.3547 0.0486 0.0273
0 0.4653 0.3578 0.0403 0.0258
0 0.175 0.325 0.0625 0.032
0 0.2 0.343 0.0264 0.0141
0 0.2361 0.3414 0.0292 0.0172
0 0.1833 0.3555 0.0306 0.0148
0 0.1 0.3438 0.0319 0.0273
0 0.2361 0.375 0.0542 0.0242
0 0.3931 0.4344 0.0528 0.0266
0 0.1736 0.4258 0.0611 0.0336
0 0.3111 0.4609 0.0431 0.0297
0 0.3694 0.4625 0.0486 0.0266
0 0.1972 0.4555 0.0444 0.0281
0 0.0944 0.4602 0.0458 0.0234
0 0.1361 0.4531 0.0431 0.025
0 0.3028 0.5203 0.0333 0.018
0 0.4875 0.5398 0.05 0.0344
0 0.2972 0.6227 0.0264 0.018
0 0.5264 0.6445 0.0569 0.0305
0 0.5069 0.6711 0.0444 0.0234
0 0.9347 0.4258 0.0444 0.032
0 0.9556 0.3781 0.0597 0.0336
0 0.8542 0.6461 0.0514 0.0398
0 0.9347 0.6328 0.0569 0.0289
0 0.8986 0.5547 0.05 0.0367
0 0.4722 0.4773 0.0611 0.0352
0 0.6694 0.5453 0.0444 0.0258
0 0.6917 0.6078 0.0639 0.0305
0 0.9681 0.5828 0.0556 0.0281
0 0.9833 0.3688 0.0292 0.0273
0 0.1292 0.6945 0.0472 0.0188
