0 0.0444 0.1742 0.0292 0.0148
0 0.0194 0.1906 0.0306 0.0203
0 0.0139 0.1523 0.0278 0.0133
0 0.0181 0.1336 0.0319 0.0172
0 0.1583 0.1508 0.0278 0.0156
0 0.1847 0.1734 0.0319 0.0164
0 0.4236 0.2977 0.0319 0.0203
0 0.3611 0.3406 0.0292 0.0148
0 0.1278 0.1758 0.0292 0.018
0 0.2333 0.4734 0.0333 0.0219
0 0.1125 0.2828 0.0292 0.0141
0 0.1028 0.2938 0.0333 0.0133
0 0.0667 0.3344 0.0292 0.018
0 0.0375 0.3477 0.0278 0.018
0 0.3458 0.3047 0.0264 0.0133
0 0.1708 0.2648 0.0264 0.0172
0 0.3222 0.225 0.0333 0.0211
0 0.3361 0.2055 0.0292 0.0156
0 0.8361 0.2688 0.0347 0.0195
0 0.7361 0.3594 0.0333 0.018
0 0.7056 0.4586 0.0333 0.0219
0 0.5083 0.4992 0.0361 0.0227
0 0.5653 0.5539 0.025 0.0164
0 0.5778 0.5 0.0361 0.0148
0 0.8194 0.4961 0.0306 0.0172
0 0.7278 0.4125 0.0292 0.0141
0 0.0292 0.3094 0.025 0.0141
0 0.7 0.432 0.0292 0.0125
0 0.7486 0.4312 0.0167 0.0188
0 0.4764 0.3164 0.0181 0.0086
0 0.3042 0.2539 0.0236 0.018
0 0.1167 0.2023 0.0222 0.0141
0 0.5764 0.4711 0.0194 0.0188
0 0.6264 0.4641 0.025 0.018
0 0.1319 0.157 0.025 0.0156
0 0.6472 0.4625 0.0153 0.0148
0 0.6875 0.4688 0.0292 0.0109
0 0.2417 0.4852 0.025 0.0141
0 0.1333 0.3609 0.0181 0.0148
0 0.0944 0.218 0.0264 0.0172
0 0.0472 0.1898 0.0278 0.0125
0 0.0639 0.1789 0.025 0.018
0 0.0097 0.1766 0.0167 0.0133
0 0.1653 0.1648 0.0264 0.0102
0 0.1903 0.1969 0.0375 0.0141
0 0.2472 0.2391 0.0125 0.0102
0 0.2542 0.2039 0.0167 0.0102
0 0.4056 0.2609 0.0306 0.0156
0 0.8847 0.3891 0.0375 0.0188
0 0.9153 0.4055 0.0431 0.0188
0 0.9917 0.3789 0.0125 0.0203
0 0.75 0.4734 0.0236 0.0141
0 0.8667 0.4867 0.025 0.0156
0 0.9611 0.5125 0.0528 0.0172
0 0.5181 0.3641 0.0222 0.0148
0 0.1056 0.1891 0.025 0.0133
