0 0.7264 0.1781 0.05 0.0328
0 0.7542 0.1867 0.0486 0.0344
0 0.5542 0.1766 0.0528 0.0328
0 0.5292 0.1859 0.0194 0.0125
0 0.6708 0.2898 0.0528 0.0367
0 0.5514 0.2977 0.0556 0.0258
0 0.5264 0.2422 0.0556 0.0336
0 0.1181 0.2867 0.0472 0.0242
0 0.1583 0.3023 0.0417 0.0211
0 0.5278 0.3867 0.0611 0.0266
0 0.4931 0.4133 0.0653 0.0305
0 0.0208 0.5086 0.0361 0.0242
0 0.4097 0.5094 0.0319 0.0219
0 0.2181 0.4812 0.0417 0.0219
0 0.6722 0.4273 0.0542 0.0227
0 0.6278 0.357 0.0278 0.0156
0 0.7931 0.4016 0.0514 0.0227
0 0.7986 0.4367 0.0514 0.0273
0 0.4361 0.5836 0.0319 0.0297
0 0.7042 0.4859 0.0542 0.0273
0 0.6667 0.5398 0.0333 0.0156
0 0.6542 0.6016 0.05 0.0297
0 0.8486 0.55 0.0431 0.0289
0 0.8222 0.4961 0.0458 0.0273
0 0.8819 0.4859 0.0306 0.0203
0 0.9125 0.5445 0.0292 0.0211
0 0.9792 0.5875 0.0361 0.0188
0 0.4028 0.6914 0.0806 0.0258
0 0.5139 0.6852 0.0389 0.025
0 0.6125 0.6031 0.0375 0.0227
0 0.7097 0.7422 0.0542 0.0391
0 0.7986 0.7016 0.0833 0.0367
0 0.7444 0.7992 0.0528 0.0312
0 0.5667 0.2398 0.025 0.0242
0 0.0111 0.4461 0.0194 0.0211
0 0.5819 0.7695 0.0431 0.0211
0 0.1389 0.7383 0.0556 0.0242
0 0.5653 0.3406 0.0222 0.0133
