0 0.0417 0.3062 0.0486 0.0266
0 0.0847 0.2711 0.0542 0.0266
0 0.575 0.2148 0.0444 0.0258
0 0.6222 0.2008 0.0431 0.0266
0 0.65 0.2117 0.025 0.0164
0 0.7264 0.2242 0.0486 0.025
0 0.6819 0.2062 0.0292 0.0219
0 0.6972 0.2359 0.0458 0.0242
0 0.6639 0.2508 0.0417 0.0242
0 0.6403 0.2297 0.0292 0.0156
0 0.5972 0.2484 0.0458 0.0242
0 0.7681 0.2461 0.0528 0.0281
0 0.5583 0.2758 0.0361 0.0219
0 0.5306 0.2734 0.025 0.0227
0 0.5486 0.2922 0.0403 0.0195
0 0.5792 0.3023 0.0472 0.0227
0 0.4764 0.3078 0.0431 0.0141
0 0.4569 0.3469 0.0333 0.0141
0 0.45 0.3875 0.0375 0.0195
0 0.4125 0.4008 0.0361 0.0141
0 0.4167 0.4484 0.0403 0.0266
0 0.4389 0.4625 0.0431 0.0266
0 0.4806 0.4594 0.0444 0.0203
0 0.5014 0.4312 0.0264 0.018
0 0.5375 0.4297 0.0375 0.0234
0 0.5569 0.4609 0.0403 0.0195
0 0.6069 0.4336 0.0431 0.0156
0 0.5986 0.4148 0.0444 0.025
0 0.5694 0.3961 0.0319 0.0219
0 0.6319 0.3547 0.0472 0.0297
0 0.6667 0.3203 0.0486 0.0211
0 0.6986 0.3109 0.0389 0.0172
0 0.7417 0.3141 0.0389 0.0227
0 0.7778 0.2961 0.0319 0.0219
0 0.8125 0.3031 0.0403 0.0188
0 0.7903 0.3148 0.0389 0.0188
0 0.7792 0.3523 0.05 0.0242
0 0.7486 0.3656 0.0389 0.0273
0 0.7292 0.3445 0.0278 0.018
0 0.7097 0.3523 0.0306 0.0234
0 0.6625 0.375 0.0528 0.0305
0 0.8319 0.4031 0.0431 0.0242
0 0.7806 0.432 0.0444 0.0234
0 0.7361 0.4281 0.0347 0.0234
0 0.5639 0.5094 0.0278 0.0164
0 0.3056 0.5656 0.0375 0.0258
0 0.0306 0.5367 0.0611 0.0359
0 0.0778 0.5828 0.0694 0.0328
0 0.2694 0.5727 0.0375 0.0188
0 0.2625 0.5828 0.0472 0.0195
0 0.3264 0.5922 0.0431 0.0242
0 0.4236 0.5836 0.0403 0.0125
0 0.9694 0.4625 0.0431 0.0203
0 0.8444 0.557 0.05 0.0258
0 0.8819 0.5844 0.0403 0.0211
0 0.9403 0.6312 0.0514 0.0219
0 0.0194 0.6766 0.0375 0.0336
0 0.1486 0.7164 0.0583 0.0227
0 0.1667 0.7797 0.0431 0.0266
0 0.1264 0.8008 0.0556 0.0266
0 0.1375 0.8234 0.0639 0.0305
0 0.7569 0.625 0.0431 0.0227
0 0.725 0.6266 0.0319 0.0133
0 0.5625 0.6172 0.0361 0.0203
0 0.5417 0.6281 0.0403 0.0227
0 0.6667 0.6617 0.0583 0.0211
0 0.7 0.6422 0.0278 0.0141
0 0.8889 0.7164 0.0431 0.018
0 0.4111 0.7656 0.0403 0.0203
0 0.3 0.6688 0.0389 0.0156
0 0.4278 0.6344 0.0292 0.0188
0 0.4944 0.6508 0.0236 0.0141
0 0.3264 0.6203 0.0514 0.0227
0 0.2556 0.6406 0.0361 0.0156
0 0.2097 0.6609 0.0486 0.0211
0 0.6708 0.4383 0.0333 0.0195
0 0.6597 0.107 0.0222 0.0188
0 0.6222 0.1484 0.0208 0.0188
0 0.1222 0.6281 0.0194 0.0156
0 0.6972 0.6039 0.0208 0.0148
0 0.0139 0.4547 0.0208 0.0195
