0 0.3597 0.0844 0.0444 0.0195
0 0.4125 0.0867 0.0333 0.0297
0 0.3403 0.1164 0.0556 0.0328
0 0.4097 0.1203 0.0403 0.0297
0 0.2181 0.1484 0.0542 0.0219
0 0.2361 0.1867 0.05 0.0359
0 0.2542 0.2289 0.0542 0.0305
0 0.2528 0.2492 0.0333 0.0164
0 0.2111 0.2523 0.0569 0.025
0 0.4292 0.1805 0.0389 0.0289
0 0.3347 0.2789 0.0458 0.0211
0 0.4528 0.2984 0.0431 0.0312
0 0.4917 0.307 0.0514 0.0289
0 0.8556 0.2617 0.0444 0.0234
0 0.8597 0.2828 0.0458 0.0227
0 0.9014 0.2922 0.0417 0.0172
0 0.0597 0.4133 0.0639 0.0297
0 0.2 0.4719 0.05 0.0266
0 0.1625 0.4938 0.0389 0.0211
0 0.2014 0.5 0.0417 0.0195
0 0.3125 0.4078 0.0431 0.0281
0 0.3583 0.4164 0.0458 0.0211
0 0.3083 0.4695 0.05 0.0234
0 0.3417 0.4883 0.0556 0.0305
0 0.3847 0.4969 0.05 0.0227
0 0.4194 0.4992 0.0514 0.0289
0 0.3667 0.5117 0.0375 0.0133
0 0.2542 0.55 0.0556 0.0273
0 0.4972 0.5062 0.0361 0.0227
0 0.5167 0.4969 0.0375 0.0234
0 0.8667 0.4086 0.0528 0.0297
0 0.9097 0.4273 0.0528 0.0289
0 0.9583 0.4281 0.0431 0.0188
0 0.9736 0.5453 0.0472 0.0281
0 0.5875 0.55 0.0319 0.0117
0 0.3403 0.6203 0.0556 0.0312
0 0.1931 0.5883 0.05 0.0273
0 0.1069 0.6641 0.0458 0.0234
0 0.3 0.6312 0.0694 0.0281
0 0.1875 0.6047 0.0472 0.0219
0 0.2319 0.5938 0.0264 0.0195
0 0.4 0.7508 0.0583 0.0359
0 0.4319 0.8078 0.0611 0.0273
0 0.3903 0.1477 0.0236 0.0156
0 0.0625 0.4359 0.0444 0.0133
0 0.8403 0.3008 0.0278 0.0133
0 0.1444 0.2148 0.0361 0.0258
0 0.0958 0.4664 0.0389 0.0195
0 0.1222 0.457 0.0319 0.0188
0 0.4528 0.4062 0.0264 0.0125
