0 0.4653 0.0406 0.0444 0.025
0 0.4847 0.0453 0.0306 0.025
0 0.4583 0.0578 0.0458 0.0227
0 0.5319 0.0398 0.0306 0.0258
0 0.5569 0.068 0.0417 0.0188
0 0.4944 0.0828 0.0375 0.0258
0 0.5361 0.0789 0.0167 0.0148
0 0.5069 0.0969 0.0417 0.0219
0 0.5583 0.0922 0.0319 0.0219
0 0.4625 0.1297 0.0319 0.0234
0 0.5653 0.1742 0.0347 0.0258
0 0.4708 0.1953 0.0417 0.0227
0 0.5181 0.175 0.0333 0.025
0 0.5903 0.1359 0.05 0.0266
0 0.3819 0.2305 0.0417 0.0234
0 0.4417 0.1789 0.0306 0.0203
0 0.5097 0.1922 0.0333 0.0195
0 0.4903 0.2227 0.0319 0.0203
0 0.5903 0.2406 0.0319 0.0148
0 0.6097 0.2508 0.0319 0.0172
0 0.5819 0.2508 0.0222 0.0133
0 0.3014 0.2664 0.0514 0.032
0 0.4431 0.2656 0.0292 0.018
0 0.7056 0.4055 0.0486 0.0312
0 0.6833 0.3961 0.0375 0.0234
0 0.6917 0.4234 0.0306 0.0164
0 0.4625 0.2742 0.025 0.0148
0 0.3056 0.3812 0.0347 0.025
0 0.375 0.375 0.0417 0.0211
0 0.4167 0.3359 0.0181 0.0141
0 0.6306 0.3664 0.0431 0.0273
0 0.6319 0.3891 0.0458 0.0219
0 0.6542 0.4055 0.0361 0.0234
0 0.4486 0.4297 0.0292 0.0258
0 0.6167 0.5211 0.0514 0.0234
0 0.3833 0.4812 0.0431 0.0281
0 0.4153 0.4773 0.0347 0.0273
0 0.6333 0.5945 0.0375 0.0273
0 0.5014 0.3781 0.0222 0.0094
0 0.5028 0.3875 0.0167 0.0078
0 0.5194 0.4883 0.0375 0.0211
0 0.6181 0.6406 0.0542 0.0273
0 0.5903 0.7016 0.0458 0.0258
0 0.6319 0.7 0.0431 0.0266
0 0.4292 0.6312 0.0375 0.0172
0 0.9347 0.4602 0.0361 0.0141
0 0.9847 0.4508 0.0264 0.0141
0 0.5653 0.15 0.0375 0.0227
0 0.5333 0.1172 0.0472 0.0219
0 0.4875 0.1391 0.0431 0.0242
0 0.4931 0.1531 0.0375 0.0156
0 0.5986 0.4938 0.0236 0.0188
0 0.5069 0.6422 0.0319 0.0133
0 0.3958 0.6766 0.0222 0.0117
0 0.0972 0.7062 0.0389 0.032
0 0.0569 0.6984 0.0292 0.0258
0 0.4361 0.2391 0.0278 0.0172
0 0.4528 0.2016 0.0306 0.0227
0 0.575 0.1914 0.0181 0.018
0 0.5153 0.2797 0.0236 0.0219
0 0.5167 0.2648 0.0153 0.0141
0 0.7403 0.3141 0.0306 0.0148
0 0.3444 0.3812 0.0153 0.0234
0 0.6458 0.4328 0.0292 0.0219
0 0.6417 0.4531 0.0403 0.0188
0 0.7292 0.4273 0.0417 0.0273
0 0.7278 0.5367 0.0347 0.0195
