0 0.3486 0.2633 0.0458 0.0281
0 0.4333 0.2273 0.0375 0.0211
0 0.4222 0.3727 0.0431 0.0195
0 0.3542 0.3766 0.0264 0.0195
0 0.7514 0.4016 0.0486 0.025
0 0.7375 0.4195 0.0222 0.0156
0 0.7347 0.3938 0.0458 0.0219
0 0.6792 0.3641 0.0417 0.0242
0 0.6819 0.3836 0.0361 0.0203
0 0.4347 0.4766 0.0417 0.0242
0 0.4667 0.475 0.0278 0.0188
0 0.6472 0.6992 0.0444 0.025
0 0.6833 0.6953 0.0389 0.025
0 0.1097 0.6938 0.0292 0.0227
0 0.1514 0.7023 0.0375 0.0227
0 0.5694 0.4844 0.0347 0.0219
0 0.5153 0.0352 0.0389 0.0234
0 0.5333 0.0453 0.0236 0.0148
0 0.5125 0.0539 0.0361 0.0195
0 0.5889 0.0383 0.0153 0.0188
0 0.6097 0.0625 0.0417 0.0195
0 0.5444 0.0797 0.0361 0.025
0 0.5569 0.0898 0.0375 0.0188
0 0.5861 0.0727 0.0153 0.018
0 0.5153 0.1266 0.0306 0.0242
0 0.5403 0.1422 0.0431 0.0289
0 0.3972 0.3773 0.0181 0.0227
0 0.5028 0.4258 0.0319 0.0211
0 0.4736 0.6297 0.0333 0.0172
0 0.7014 0.3992 0.0292 0.0258
0 0.6972 0.4289 0.0278 0.0195
0 0.6903 0.4484 0.0417 0.0219
0 0.6653 0.5188 0.0444 0.0242
0 0.5583 0.6398 0.0278 0.0148
0 0.5097 0.4688 0.0306 0.0117
0 0.5208 0.1914 0.0375 0.0219
0 0.6403 0.1328 0.0444 0.025
0 0.6181 0.1703 0.0361 0.0219
0 0.5417 0.218 0.0319 0.0195
0 0.6778 0.593 0.0375 0.0234
0 0.6486 0.4703 0.0153 0.0141
0 0.7889 0.3102 0.025 0.0133
0 0.6583 0.2461 0.0292 0.018
0 0.6375 0.2367 0.0319 0.0172
0 0.6333 0.2461 0.0222 0.0125
0 0.6139 0.1469 0.0264 0.0188
0 0.5111 0.2742 0.0236 0.0133
0 0.4944 0.2695 0.0236 0.0094
0 0.5597 0.1859 0.0278 0.018
0 0.5694 0.1703 0.0347 0.0219
0 0.5833 0.0273 0.0139 0.0094
0 0.5847 0.1133 0.0375 0.025
0 0.6097 0.0859 0.0181 0.0211
0 0.4931 0.1773 0.0236 0.0156
0 0.6194 0.1859 0.0333 0.0125
0 0.4792 0.2297 0.025 0.0195
0 0.6667 0.6367 0.0528 0.0281
0 0.5986 0.4852 0.0222 0.0188
0 0.6417 0.4906 0.0181 0.0141
0 0.3764 0.2594 0.0208 0.0148
0 0.5667 0.2617 0.0194 0.0148
0 0.5667 0.2766 0.0181 0.0125
0 0.4431 0.6711 0.0278 0.0133
0 0.7764 0.5312 0.0417 0.0273
0 0.5528 0.3742 0.0167 0.0086
0 0.5528 0.3852 0.0125 0.0078
0 0.525 0.3164 0.0139 0.0094
0 0.0875 0.4547 0.0472 0.0188
0 0.7833 0.4266 0.0319 0.0125
0 0.5069 0.1977 0.0389 0.0242
0 0.4681 0.332 0.0167 0.0164
0 0.8333 0.3727 0.0153 0.0133
0 0.8306 0.3914 0.0181 0.0117
0 0.6917 0.5148 0.0194 0.0227
0 0.7708 0.4109 0.0528 0.0203
