0 0.4736 0.1031 0.0486 0.0281
0 0.4625 0.1195 0.0403 0.0188
0 0.5264 0.3852 0.0292 0.0141
0 0.4389 0.4914 0.0486 0.0242
0 0.45 0.593 0.0417 0.0305
0 0.2653 0.5773 0.0417 0.0211
0 0.1986 0.5391 0.0486 0.0203
0 0.0236 0.55 0.0417 0.0203
0 0.0208 0.5328 0.0431 0.0203
0 0.2 0.5977 0.0236 0.0188
0 0.4236 0.6891 0.05 0.0219
0 0.3764 0.7375 0.0486 0.0328
0 0.5417 0.7422 0.0417 0.0188
0 0.7125 0.7727 0.0306 0.0195
0 0.8472 0.7312 0.0458 0.0211
0 0.6875 0.7781 0.0306 0.0156
0 0.3847 0.8133 0.0417 0.0305
0 0.0208 0.7781 0.0306 0.018
0 0.0319 0.8062 0.0292 0.0203
0 0.2889 0.8875 0.0694 0.032
0 0.5903 0.8906 0.0458 0.0281
0 0.8111 0.5062 0.0764 0.0133
0 0.5222 0.8852 0.0472 0.018
