0 0.7 0.0359 0.05 0.0367
0 0.6625 0.0336 0.0319 0.0234
0 0.6639 0.0688 0.0556 0.0359
0 0.6972 0.0672 0.0264 0.0281
0 0.5181 0.1203 0.0208 0.0281
0 0.5708 0.1453 0.0472 0.0156
0 0.5764 0.1234 0.0653 0.0312
0 0.8708 0.2562 0.0736 0.0352
0 0.625 0.1734 0.0431 0.0258
0 0.5722 0.1664 0.0444 0.0211
0 0.6042 0.1891 0.0528 0.0258
0 0.7167 0.2633 0.0389 0.0266
0 0.6903 0.2711 0.0444 0.025
0 0.7514 0.2898 0.0486 0.032
0 0.7056 0.3031 0.0597 0.0398
0 0.55 0.2078 0.0486 0.0344
0 0.4403 0.2258 0.0597 0.0273
0 0.3903 0.257 0.0597 0.0266
0 0.4236 0.2914 0.0417 0.0273
0 0.4778 0.3055 0.0403 0.0242
0 0.6167 0.3047 0.0431 0.0234
0 0.6083 0.3312 0.0375 0.0305
0 0.6444 0.3469 0.0458 0.0219
0 0.7347 0.3805 0.0597 0.0281
0 0.6569 0.382 0.0417 0.0172
0 0.4653 0.3734 0.0611 0.0312
0 0.4278 0.3242 0.0639 0.0305
0 0.4889 0.3414 0.0583 0.0312
0 0.3917 0.3734 0.0583 0.0281
0 0.3597 0.3906 0.0542 0.0297
0 0.7444 0.4812 0.0444 0.0273
0 0.8417 0.482 0.0556 0.0305
0 0.8792 0.475 0.0472 0.0273
0 0.7833 0.4812 0.0319 0.0273
0 0.8222 0.5609 0.0458 0.0359
0 0.7653 0.5664 0.0528 0.0383
0 0.6167 0.5469 0.0708 0.0414
0 0.4361 0.45 0.0583 0.0289
0 0.3431 0.4102 0.0444 0.0195
0 0.9764 0.5266 0.0417 0.0297
0 0.8931 0.5977 0.0528 0.0328
0 0.8347 0.5898 0.0722 0.0328
0 0.9486 0.5859 0.0417 0.0273
0 0.9653 0.5656 0.0514 0.0281
0 0.4292 0.6086 0.0569 0.0273
0 0.4042 0.5586 0.0556 0.0273
0 0.7278 0.718 0.0542 0.032
0 0.7972 0.775 0.0611 0.0359
0 0.5819 0.7492 0.0458 0.0289
0 0.5861 0.8781 0.0708 0.0375
0 0.3306 0.7156 0.0556 0.0211
0 0.3653 0.7109 0.0542 0.0305
0 0.3056 0.6305 0.0472 0.0203
0 0.2819 0.7305 0.0528 0.0289
0 0.3958 0.7297 0.05 0.025
0 0.2542 0.8367 0.0403 0.0266
0 0.2792 0.8297 0.0653 0.0344
0 0.7111 0.9805 0.0556 0.0258
0 0.9319 0.9688 0.0556 0.0344
0 0.9833 0.9633 0.025 0.0273
0 0.2847 0.7625 0.0528 0.0266
0 0.3 0.5539 0.0528 0.032
0 0.2472 0.5539 0.0417 0.0281
0 0.6625 0.4695 0.0681 0.0359
0 0.2431 0.7945 0.0597 0.0258
0 0.2111 0.8195 0.0444 0.0258
0 0.1694 0.818 0.0375 0.0305
0 0.6708 0.2953 0.0319 0.0289
0 0.6528 0.1227 0.0736 0.0359
0 0.9569 0.3992 0.0375 0.0164
0 0.4 0.4594 0.0319 0.0109
0 0.3458 0.5508 0.0333 0.0266
0 0.0889 0.5977 0.0278 0.0211
0 0.1333 0.5938 0.0431 0.0203
0 0.3611 0.9195 0.0417 0.0297
0 0.5139 0.9094 0.0472 0.025
0 0.1597 0.9227 0.0208 0.0172
0 0.9556 0.6953 0.0458 0.0211
0 0.8208 0.7242 0.0292 0.0195
0 0.9 0.7555 0.0417 0.0117
0 0.6847 0.6578 0.0389 0.0203
0 0.6417 0.7984 0.0417 0.025
0 0.7431 0.7938 0.0208 0.0125
0 0.6306 0.6164 0.0556 0.0367
0 0.6069 0.5836 0.0375 0.0156
0 0.65 0.5727 0.0181 0.0109
0 0.9708 0.4859 0.0319 0.0141
