0 0.4083 0.1836 0.0528 0.0281
0 0.3556 0.1977 0.0528 0.0227
0 0.3514 0.1719 0.0319 0.0219
0 0.3847 0.2312 0.0417 0.0219
0 0.0125 0.2703 0.0194 0.0219
0 0.0917 0.3141 0.0361 0.0234
0 0.0181 0.3891 0.0333 0.0234
0 0.0153 0.4344 0.0319 0.0242
0 0.0208 0.3641 0.0333 0.0117
0 0.0444 0.4172 0.025 0.0156
0 0.0931 0.4125 0.0319 0.0211
0 0.0764 0.4344 0.0361 0.0203
0 0.1069 0.4242 0.0264 0.0086
0 0.1042 0.4492 0.0375 0.0195
0 0.1097 0.4945 0.0417 0.0203
0 0.0778 0.5 0.0181 0.0164
0 0.0083 0.5773 0.0167 0.0141
0 0.0639 0.5898 0.0292 0.0156
0 0.1458 0.7258 0.0236 0.0227
0 0.1069 0.7391 0.0153 0.0148
0 0.5625 0.2461 0.0292 0.0203
0 0.5792 0.3164 0.0361 0.025
0 0.6167 0.3242 0.0389 0.0195
0 0.5792 0.5516 0.0472 0.0242
0 0.0319 0.4477 0.0167 0.0125
0 0.9847 0.7227 0.0208 0.0188
0 0.3208 0.7875 0.0458 0.0297
0 0.1583 0.8203 0.0403 0.025
0 0.2125 0.8125 0.0111 0.0109
0 0.2792 0.7328 0.0278 0.0086
0 0.3972 0.2016 0.0389 0.0164
