0 0.6236 0.0852 0.0472 0.025
0 0.7819 0.0375 0.0417 0.0203
0 0.7861 0.0148 0.0486 0.0289
0 0.8181 0.007 0.0292 0.0141
0 0.8278 0.1266 0.0625 0.0336
0 0.7528 0.1562 0.0569 0.0328
0 0.8333 0.1648 0.0653 0.0328
0 0.8542 0.2031 0.0444 0.0227
0 0.7833 0.2031 0.0528 0.0336
0 0.7403 0.2164 0.0444 0.025
0 0.0653 0.325 0.0528 0.0336
0 0.0167 0.4172 0.0306 0.0297
0 0.0625 0.4195 0.0472 0.0203
0 0.5903 0.2641 0.0625 0.0273
0 0.5931 0.2938 0.0625 0.0352
0 0.6528 0.3086 0.0486 0.0398
0 0.7375 0.3102 0.0472 0.0281
0 0.8542 0.3125 0.0375 0.0102
0 0.9403 0.293 0.0556 0.0344
0 0.5583 0.3477 0.0569 0.0266
0 0.6375 0.3703 0.0472 0.0281
0 0.6722 0.3688 0.0222 0.0203
0 0.7208 0.3445 0.0306 0.025
0 0.6458 0.3953 0.0444 0.0203
0 0.4347 0.5023 0.0431 0.0203
0 0.1167 0.4992 0.0431 0.0266
0 0.0403 0.4789 0.0458 0.0305
0 0.0222 0.4633 0.0417 0.018
0 0.0653 0.5461 0.0861 0.0406
0 0.1 0.5797 0.025 0.0172
0 0.0986 0.6266 0.0639 0.032
0 0.6722 0.4875 0.0458 0.0203
0 0.7722 0.4844 0.0625 0.0352
0 0.8458 0.4727 0.0514 0.0227
0 0.9694 0.5094 0.0556 0.032
0 0.8889 0.5344 0.0139 0.0195
0 0.6847 0.5391 0.0792 0.0344
0 0.8972 0.5727 0.0361 0.0117
0 0.9306 0.5906 0.0319 0.0211
0 0.5458 0.7438 0.0972 0.0609
0 0.6861 0.7734 0.0708 0.0359
0 0.4917 0.7828 0.0542 0.032
0 0.0083 0.5266 0.0181 0.0273
