0 0.3528 0.0852 0.0444 0.032
0 0.4236 0.1406 0.0625 0.0273
0 0.4139 0.1234 0.0431 0.0219
0 0.3278 0.1344 0.0542 0.0211
0 0.5847 0.2172 0.0472 0.0281
0 0.3542 0.243 0.0542 0.0281
0 0.4278 0.2734 0.0528 0.0297
0 0.4819 0.2602 0.0417 0.0258
0 0.3264 0.332 0.05 0.025
0 0.1583 0.3227 0.0389 0.0242
0 0.1889 0.3539 0.0375 0.0141
0 0.2486 0.3844 0.0486 0.032
0 0.2625 0.4031 0.0306 0.0188
0 0.3361 0.4023 0.0583 0.0258
0 0.3 0.3938 0.0389 0.018
0 0.4361 0.382 0.0583 0.0281
0 0.8222 0.4359 0.0389 0.0203
0 0.7694 0.4008 0.0389 0.018
0 0.7208 0.425 0.0306 0.0188
0 0.8903 0.3938 0.0486 0.0203
0 0.9639 0.4203 0.0222 0.0141
0 0.6931 0.4414 0.0278 0.0141
0 0.3417 0.4328 0.0486 0.025
0 0.1069 0.4477 0.0597 0.0297
0 0.1861 0.4586 0.0472 0.025
0 0.5472 0.5195 0.0653 0.0266
0 0.4917 0.4922 0.0542 0.0297
0 0.375 0.5297 0.0486 0.0234
0 0.4458 0.5531 0.0542 0.0203
0 0.2611 0.5125 0.0514 0.0258
0 0.1958 0.507 0.0514 0.0258
0 0.4069 0.5961 0.0528 0.0312
0 0.5681 0.6078 0.0583 0.0312
0 0.6042 0.6516 0.0278 0.0203
0 0.4514 0.7117 0.0583 0.032
0 0.6875 0.707 0.0472 0.0281
0 0.1806 0.7016 0.0486 0.0289
0 0.1 0.6578 0.0319 0.0141
0 0.9208 0.5734 0.0361 0.0188
0 0.875 0.7016 0.0389 0.0219
0 0.1792 0.3102 0.0319 0.0195
0 0.3722 0.1258 0.0167 0.018
0 0.3653 0.2211 0.0444 0.025
0 0.4472 0.2445 0.0444 0.0312
0 0.5028 0.6242 0.0403 0.0109
0 0.5403 0.6961 0.0361 0.0211
0 0.4819 0.7031 0.0361 0.0211
0 0.8431 0.8758 0.0431 0.0234
0 0.8847 0.8711 0.0236 0.0188
0 0.375 0.3305 0.0361 0.0234
0 0.4708 0.1398 0.025 0.0188
0 0.475 0.3875 0.0194 0.0117
0 0.9125 0.3477 0.0569 0.0242
0 0.9194 0.3727 0.05 0.0242
0 0.5597 0.4625 0.0375 0.025
0 0.5472 0.5703 0.0222 0.0188
0 0.5125 0.6828 0.0153 0.0172
0 0.8 0.4172 0.0319 0.0242
0 0.8167 0.3891 0.0333 0.0156
0 0.9819 0.4875 0.0319 0.0352
0 0.9833 0.5398 0.0292 0.025
0 0.9597 0.5578 0.0208 0.0164
0 0.9708 0.6062 0.0514 0.0289
0 0.9403 0.6359 0.0306 0.0203
0 0.975 0.6797 0.0431 0.0297
0 0.9111 0.8055 0.0431 0.0266
0 0.925 0.8281 0.0458 0.0242
0 0.9014 0.7625 0.0528 0.0195
