0 0.8097 0.1141 0.0542 0.0305
0 0.7986 0.0922 0.0458 0.0281
0 0.9292 0.1219 0.0569 0.0328
0 0.2014 0.132 0.0333 0.0289
0 0.1403 0.1641 0.0444 0.0203
0 0.1681 0.1258 0.0319 0.0117
0 0.0403 0.2453 0.0458 0.0258
0 0.1222 0.1859 0.0236 0.025
0 0.2347 0.1859 0.0472 0.0273
0 0.1167 0.2594 0.0361 0.0195
0 0.1972 0.225 0.0222 0.0164
0 0.1972 0.2984 0.0319 0.0172
0 0.7125 0.2148 0.0458 0.0211
0 0.7611 0.2211 0.0264 0.0117
0 0.7153 0.2484 0.0389 0.0242
0 0.7722 0.2414 0.0431 0.0305
0 0.3792 0.3203 0.0403 0.0219
0 0.3972 0.3297 0.0431 0.0188
0 0.8958 0.3094 0.0417 0.0258
0 0.1778 0.3773 0.0472 0.0195
0 0.2986 0.3281 0.0236 0.0242
0 0.9125 0.2844 0.0347 0.0219
0 0.2333 0.4891 0.0458 0.0273
0 0.025 0.4219 0.0194 0.0148
0 0.7194 0.493 0.0444 0.0234
0 0.1889 0.5703 0.0278 0.0172
0 0.0708 0.4953 0.0208 0.0156
0 0.3583 0.3828 0.0361 0.025
0 0.3833 0.4414 0.0361 0.018
0 0.4347 0.4242 0.0417 0.0203
0 0.6764 0.3289 0.0306 0.0203
0 0.7944 0.3781 0.0375 0.0234
0 0.8222 0.3766 0.0472 0.0312
0 0.8889 0.3938 0.0347 0.0133
0 0.8444 0.4039 0.0319 0.0211
0 0.8778 0.4109 0.0333 0.0148
0 0.6653 0.3859 0.0375 0.0242
0 0.7208 0.6367 0.0458 0.0258
0 0.6889 0.5406 0.0264 0.0219
0 0.7 0.4 0.0278 0.0156
0 0.2292 0.3445 0.025 0.0125
0 0.7681 0.2039 0.0417 0.0289
0 0.825 0.232 0.0222 0.0164
0 0.8819 0.2695 0.0208 0.0141
0 0.9639 0.3078 0.0222 0.0188
0 0.9347 0.332 0.025 0.0086
0 0.0278 0.4609 0.0194 0.0141
0 0.9111 0.3828 0.0194 0.0141
0 0.9694 0.3781 0.0292 0.0227
0 0.5917 0.4391 0.0319 0.0195
0 0.0444 0.6773 0.0417 0.0234
