0 0.1486 0.0133 0.0667 0.0273
0 0.7347 0.0125 0.0542 0.0258
0 0.9014 0.0242 0.0569 0.0305
0 0.8792 0.0477 0.0431 0.0258
0 0.9708 0.0578 0.05 0.0289
0 0.9042 0.1328 0.0625 0.0297
0 0.8681 0.1562 0.0486 0.0289
0 0.8014 0.1406 0.0333 0.0195
0 0.7722 0.1195 0.0458 0.0242
0 0.6847 0.1492 0.0528 0.0281
0 0.7069 0.0438 0.0528 0.0289
0 0.0694 0.0461 0.0347 0.0211
0 0.3722 0.325 0.0486 0.0273
0 0.3028 0.3555 0.0472 0.0203
0 0.5583 0.4602 0.0417 0.0172
0 0.4458 0.3062 0.0333 0.0195
0 0.5069 0.318 0.0389 0.0211
0 0.6792 0.2617 0.0361 0.0234
0 0.6597 0.2375 0.0236 0.0141
0 0.8125 0.3219 0.0375 0.0203
0 0.8361 0.4094 0.0472 0.0195
0 0.7375 0.3656 0.0528 0.0164
0 0.8569 0.3328 0.0278 0.0156
0 0.9667 0.3336 0.0333 0.0172
0 0.7028 0.4531 0.0431 0.018
0 0.5917 0.3836 0.025 0.0133
0 0.6542 0.4938 0.0347 0.0211
0 0.7181 0.5117 0.05 0.0219
0 0.8486 0.5312 0.0375 0.0148
0 0.5264 0.5664 0.0333 0.0141
0 0.5667 0.5953 0.0444 0.025
0 0.3806 0.5977 0.0431 0.0297
0 0.3819 0.5742 0.0306 0.0148
0 0.0528 0.5812 0.0347 0.0203
0 0.2181 0.6 0.0236 0.0172
0 0.7583 0.0672 0.0292 0.0141
0 0.7139 0.093 0.0222 0.0188
0 0.7667 0.0945 0.0431 0.0148
0 0.0069 0.1961 0.0111 0.0172
0 0.0097 0.2164 0.0167 0.0219
0 0.4833 0.3648 0.0181 0.0273
0 0.4458 0.5359 0.025 0.0125
0 0.8375 0.6727 0.0403 0.0242
0 0.3222 0.6227 0.0236 0.0203
0 0.0792 0.4375 0.0556 0.0219
