0 0.0167 0.1023 0.0319 0.025
0 0.0083 0.1133 0.0167 0.0125
0 0.0361 0.0977 0.0319 0.0227
0 0.0319 0.0742 0.0236 0.0156
0 0.1569 0.0648 0.0375 0.0195
0 0.2931 0.0664 0.0458 0.0281
0 0.2097 0.0938 0.0236 0.0164
0 0.2486 0.0914 0.0292 0.0203
0 0.2611 0.068 0.0222 0.0195
0 0.3556 0.0648 0.0278 0.0188
0 0.2764 0.1008 0.0278 0.0273
0 0.2375 0.1141 0.0458 0.0258
0 0.1778 0.1266 0.0389 0.0234
0 0.0806 0.1188 0.0347 0.0195
0 0.1611 0.1531 0.0347 0.018
0 0.2042 0.1711 0.0347 0.018
0 0.1528 0.193 0.0347 0.0219
0 0.1306 0.2188 0.0486 0.0281
0 0.0139 0.2227 0.025 0.0297
0 0.1111 0.2414 0.0472 0.0281
0 0.0583 0.2719 0.0347 0.0211
0 0.0958 0.2703 0.0403 0.0203
0 0.2208 0.2266 0.0417 0.0195
0 0.2542 0.2031 0.0417 0.0219
0 0.2917 0.1766 0.0333 0.0211
0 0.3111 0.1703 0.0264 0.0148
0 0.4083 0.1016 0.0444 0.0242
0 0.4194 0.0852 0.0375 0.0188
0 0.3069 0.1031 0.0444 0.0336
0 0.4375 0.1312 0.0431 0.0258
0 0.4278 0.1102 0.0264 0.0242
0 0.3625 0.2062 0.0417 0.0211
0 0.4639 0.2102 0.0556 0.0328
0 0.4778 0.2672 0.0597 0.0344
0 0.5694 0.2312 0.0222 0.018
0 0.6181 0.2273 0.0417 0.0258
0 0.6514 0.2312 0.0361 0.025
0 0.6694 0.1883 0.0181 0.0188
0 0.5889 0.2602 0.0389 0.0156
0 0.6444 0.2531 0.0375 0.0211
0 0.6736 0.2422 0.0375 0.0172
0 0.7819 0.2383 0.0389 0.0211
0 0.7083 0.3117 0.0347 0.0227
0 0.4208 0.3117 0.0458 0.0195
0 0.5708 0.3312 0.0542 0.0289
0 0.6042 0.3461 0.0347 0.0148
0 0.7917 0.1609 0.0458 0.0234
0 0.9042 0.1453 0.0458 0.0258
0 0.9847 0.1836 0.025 0.0289
0 0.9125 0.1828 0.0403 0.0273
0 0.8167 0.193 0.025 0.0148
0 0.8611 0.2312 0.0264 0.0172
0 0.9528 0.2367 0.0319 0.0188
0 0.9847 0.2219 0.0264 0.0227
0 0.9778 0.2016 0.0417 0.0211
0 0.9278 0.2 0.0319 0.0164
0 0.9361 0.2133 0.0403 0.0125
0 0.3472 0.3539 0.05 0.0242
0 0.3806 0.3539 0.0278 0.0234
0 0.025 0.3477 0.0292 0.018
0 0.1792 0.3938 0.0583 0.0344
0 0.1361 0.4172 0.0542 0.0242
0 0.2389 0.4008 0.0292 0.018
0 0.2819 0.4094 0.0444 0.0188
0 0.3319 0.3883 0.0528 0.0305
0 0.4292 0.3984 0.0361 0.0234
0 0.6472 0.3828 0.0333 0.018
0 0.6667 0.4258 0.025 0.0172
0 0.7389 0.4 0.0264 0.0156
0 0.7556 0.4102 0.0194 0.0125
0 0.9722 0.3875 0.0306 0.0133
0 0.9444 0.3992 0.0292 0.0188
0 0.9042 0.3992 0.0292 0.0148
0 0.7861 0.4273 0.0319 0.0188
0 0.8139 0.4172 0.0292 0.018
0 0.8319 0.4453 0.0208 0.0172
0 0.9708 0.493 0.0472 0.0234
0 0.2139 0.5453 0.0444 0.0227
0 0.2972 0.5562 0.0569 0.0266
0 0.0903 0.5477 0.0625 0.0344
0 0.1778 0.4672 0.0292 0.0227
0 0.6722 0.5258 0.0306 0.0234
0 0.7042 0.5344 0.0556 0.0258
0 0.7597 0.5977 0.0514 0.0289
0 0.875 0.5953 0.0542 0.032
0 0.9667 0.5672 0.0625 0.0281
0 0.0681 0.6758 0.0722 0.0375
0 0.4319 0.618 0.0333 0.018
0 0.5722 0.6227 0.0319 0.0172
0 0.5472 0.6203 0.0181 0.0117
0 0.4667 0.6461 0.0347 0.0156
0 0.5542 0.5625 0.0194 0.0195
0 0.6792 0.5828 0.0444 0.0297
0 0.6861 0.6086 0.0375 0.0234
0 0.7028 0.6328 0.0403 0.0188
0 0.7083 0.6508 0.0431 0.0172
0 0.9153 0.6008 0.0306 0.018
0 0.9736 0.6086 0.0444 0.0164
0 0.8778 0.6492 0.0292 0.0203
0 0.0056 0.0648 0.0125 0.0172
0 0.1278 0.0539 0.0222 0.0164
0 0.1903 0.0492 0.0208 0.0078
0 0.1889 0.207 0.0194 0.0148
0 0.0139 0.2562 0.0264 0.0172
0 0.3056 0.2781 0.0306 0.0148
0 0.3431 0.3352 0.0194 0.0141
0 0.0208 0.5047 0.0403 0.0297
0 0.0417 0.55 0.0417 0.0195
0 0.8347 0.4961 0.0292 0.0102
0 0.8278 0.5227 0.0222 0.0062
0 0.9667 0.6508 0.0236 0.0172
0 0.8194 0.3805 0.0236 0.0109
0 0.8153 0.3914 0.0194 0.0133
0 0.9222 0.4391 0.0319 0.0148
0 0.9875 0.3328 0.0222 0.0148
0 0.975 0.3438 0.0153 0.0094
0 0.3694 0.0805 0.0194 0.018
