0 0.5083 0.3227 0.0389 0.0164
0 0.5764 0.3492 0.0361 0.0195
0 0.7056 0.3094 0.0292 0.0172
0 0.3347 0.3523 0.0292 0.0133
0 0.6431 0.4477 0.0361 0.0203
0 0.5403 0.4438 0.0306 0.0203
0 0.4931 0.4492 0.0347 0.0203
0 0.45 0.4484 0.0389 0.0188
0 0.3264 0.482 0.025 0.0133
0 0.4306 0.5273 0.0347 0.025
0 0.3042 0.5703 0.0458 0.0273
0 0.3653 0.6047 0.0361 0.0211
0 0.3889 0.6141 0.0306 0.0164
0 0.1069 0.6219 0.0292 0.0219
0 0.1444 0.625 0.0306 0.0188
0 0.0847 0.5641 0.0403 0.0156
0 0.0139 0.6133 0.0236 0.025
0 0.7556 0.6125 0.0528 0.0227
0 0.8194 0.6055 0.0333 0.0141
0 0.8472 0.6148 0.0375 0.0211
0 0.5597 0.3539 0.0292 0.0188
0 0.6542 0.5156 0.0222 0.0156
