0 0.3694 0.6773 0.0542 0.0305
0 0.3306 0.6492 0.0597 0.0336
0 0.4639 0.6094 0.0431 0.0266
0 0.3292 0.5148 0.0431 0.0281
0 0.3764 0.5195 0.0458 0.0242
0 0.4333 0.4398 0.0319 0.0266
0 0.4653 0.407 0.0472 0.0242
0 0.2889 0.3477 0.0333 0.0211
0 0.3986 0.2492 0.0278 0.0102
0 0.4292 0.2773 0.0389 0.0203
0 0.4986 0.2688 0.0319 0.0195
0 0.5333 0.2523 0.0431 0.0273
0 0.5125 0.2297 0.0514 0.0125
0 0.4833 0.2031 0.0528 0.0297
0 0.4736 0.1727 0.0361 0.0156
0 0.5278 0.1805 0.0431 0.0266
0 0.5361 0.1547 0.0458 0.0258
0 0.5722 0.0461 0.0472 0.0336
0 0.6778 0.1586 0.025 0.0219
0 0.7458 0.2086 0.0347 0.0266
0 0.5125 0.382 0.05 0.0289
0 0.625 0.3562 0.0431 0.0203
0 0.7444 0.3617 0.0569 0.0234
0 0.7069 0.3578 0.0292 0.0203
0 0.6833 0.3461 0.0222 0.0102
0 0.7125 0.4055 0.0389 0.0242
0 0.6014 0.4297 0.0472 0.0258
0 0.6917 0.4641 0.0556 0.0336
0 0.7375 0.4664 0.0431 0.0273
0 0.6181 0.5039 0.0486 0.0297
0 0.6431 0.55 0.0472 0.0242
0 0.3361 0.3367 0.0389 0.0141
0 0.4444 0.3828 0.0292 0.0125
0 0.5958 0.3266 0.0278 0.0094
0 0.5375 0.1961 0.0542 0.0305
0 0.6333 0.125 0.0333 0.0141
0 0.3153 0.6805 0.0556 0.0195
0 0.8875 0.732 0.05 0.0258
0 0.8444 0.5555 0.0222 0.0133
