0 0.4028 0.2562 0.0556 0.032
0 0.1389 0.4633 0.0528 0.0305
0 0.1778 0.5391 0.05 0.0305
0 0.4167 0.4945 0.05 0.0305
0 0.4694 0.4469 0.0264 0.0133
0 0.5167 0.5109 0.0347 0.0266
0 0.4903 0.5039 0.0444 0.0289
0 0.6292 0.5281 0.0375 0.0219
0 0.7042 0.5164 0.0458 0.0273
0 0.6722 0.5219 0.0278 0.0133
0 0.6486 0.5359 0.0403 0.0219
0 0.6833 0.5352 0.0264 0.018
0 0.5153 0.5477 0.0319 0.0234
0 0.3431 0.5852 0.0333 0.0266
0 0.3361 0.5969 0.0333 0.0188
0 0.4111 0.682 0.0514 0.0289
0 0.3722 0.7125 0.05 0.0219
0 0.4208 0.7078 0.0472 0.0266
0 0.6278 0.5977 0.0472 0.0203
0 0.6611 0.6156 0.0542 0.0242
0 0.7403 0.6031 0.0514 0.0203
0 0.4569 0.6742 0.0472 0.0242
0 0.3819 0.4125 0.0208 0.0086
0 0.0292 0.6023 0.0264 0.0203
0 0.0708 0.6086 0.025 0.0094
0 0.0556 0.7203 0.0486 0.0297
0 0.3764 0.6508 0.0361 0.0266
0 0.6375 0.6906 0.05 0.0211
0 0.3819 0.807 0.0472 0.0234
0 0.3931 0.4492 0.0431 0.0242
0 0.5097 0.3977 0.0208 0.0125
0 0.6 0.6438 0.0514 0.0234
0 0.5958 0.5797 0.0417 0.0227
0 0.8778 0.5102 0.0417 0.0156
0 0.8625 0.5172 0.0222 0.0125
0 0.5556 0.5766 0.0556 0.0188
0 0.5917 0.6047 0.025 0.0188
0 0.6667 0.6883 0.0236 0.0234
0 0.6778 0.6508 0.0514 0.0203
0 0.3556 0.7281 0.0125 0.0156
