0 0.1236 0.1578 0.0431 0.0211
0 0.1694 0.1719 0.0444 0.0211
0 0.1694 0.1875 0.0278 0.0109
0 0.2069 0.175 0.0319 0.0203
0 0.2417 0.1711 0.0361 0.0203
0 0.2194 0.2125 0.0361 0.0188
0 0.1389 0.2508 0.0486 0.0203
0 0.1444 0.2719 0.0431 0.0188
0 0.2597 0.275 0.0292 0.0164
0 0.6403 0.2617 0.0486 0.0242
0 0.7417 0.3094 0.0347 0.0258
0 0.7472 0.1984 0.0472 0.025
0 0.1181 0.282 0.0306 0.0148
0 0.8444 0.2781 0.0486 0.018
0 0.7444 0.2695 0.0278 0.018
0 0.8 0.175 0.0417 0.0211
0 0.8306 0.168 0.0375 0.0273
0 0.8125 0.1383 0.0417 0.0242
0 0.8556 0.1336 0.0403 0.0188
0 0.6458 0.2758 0.0319 0.0125
0 0.2181 0.3141 0.0264 0.0172
0 0.1875 0.3258 0.0278 0.0188
0 0.2486 0.3109 0.0347 0.0211
0 0.2306 0.3305 0.0375 0.0164
0 0.6708 0.4609 0.0528 0.032
0 0.7458 0.4062 0.0361 0.0156
0 0.9278 0.3258 0.0653 0.0281
0 0.8806 0.4109 0.0319 0.018
0 0.9222 0.4172 0.0264 0.0172
0 0.9014 0.5383 0.0542 0.0273
0 0.8278 0.5789 0.0542 0.0312
0 0.8111 0.5281 0.0194 0.0164
0 0.3472 0.6172 0.0389 0.0234
0 0.2111 0.4797 0.0361 0.0289
0 0.0319 0.4727 0.0444 0.0312
0 0.1722 0.4562 0.0458 0.0203
0 0.8986 0.6359 0.0694 0.0367
0 0.5306 0.4266 0.0222 0.0172
0 0.6333 0.4219 0.0208 0.0102
0 0.4028 0.4242 0.0347 0.0172
0 0.1417 0.5273 0.0556 0.0305
0 0.5278 0.7062 0.0389 0.0234
0 0.2833 0.2547 0.0264 0.0156
0 0.8611 0.2 0.0403 0.0305
0 0.8042 0.1555 0.0278 0.0195
0 0.7819 0.1641 0.0181 0.0125
0 0.5056 0.4492 0.025 0.0195
0 0.4694 0.4336 0.0222 0.0148
0 0.4556 0.3984 0.0292 0.0195
0 0.3875 0.3969 0.0361 0.0156
0 0.3458 0.3938 0.0208 0.0117
0 0.1222 0.6289 0.025 0.018
0 0.05 0.6555 0.0389 0.0188
0 0.375 0.5953 0.025 0.0117
0 0.6583 0.6516 0.0194 0.0172
0 0.8806 0.4812 0.0236 0.0203
0 0.9778 0.3898 0.0236 0.0164
0 0.9931 0.3578 0.0097 0.0211
0 0.95 0.3562 0.0194 0.0172
0 0.2306 0.3531 0.0181 0.0141
