0 0.0236 0.1148 0.0472 0.0289
0 0.2292 0.1172 0.0542 0.0305
0 0.3681 0.0727 0.0708 0.0328
0 0.4264 0.0602 0.0667 0.0375
0 0.425 0.0906 0.0639 0.0312
0 0.0194 0.243 0.0403 0.032
0 0.0694 0.243 0.0514 0.0328
0 0.1208 0.2422 0.0528 0.0328
0 0.1667 0.2352 0.05 0.0297
0 0.5028 0.2117 0.0417 0.025
0 0.7347 0.0727 0.0472 0.0352
0 0.6139 0.0258 0.0264 0.0258
0 0.7625 0.0062 0.0542 0.0117
0 0.6042 0.1195 0.0278 0.0203
0 0.7417 0.1102 0.0639 0.0445
0 0.3139 0.2945 0.0556 0.0367
0 0.0167 0.3305 0.0347 0.0391
0 0.0403 0.357 0.0708 0.0352
0 0.0861 0.3711 0.0444 0.025
0 0.15 0.3539 0.0486 0.025
0 0.3042 0.3328 0.0528 0.0328
0 0.3736 0.2836 0.0222 0.0164
0 0.4847 0.332 0.0417 0.025
0 0.3542 0.2586 0.0458 0.0219
0 0.5917 0.2234 0.0653 0.0367
0 0.6639 0.1422 0.0611 0.0383
0 0.6625 0.1742 0.0375 0.0242
0 0.6917 0.2078 0.0597 0.0383
0 0.7958 0.1156 0.0556 0.0398
0 0.7903 0.1781 0.0694 0.0406
0 0.8514 0.1523 0.0542 0.0352
0 0.9583 0.1398 0.0569 0.032
0 0.6556 0.2859 0.0569 0.0328
0 0.7056 0.2922 0.0417 0.0242
0 0.3417 0.3625 0.0444 0.0211
0 0.7528 0.3492 0.0556 0.0312
0 0.7931 0.3422 0.0472 0.0336
0 0.8014 0.2734 0.0264 0.0164
0 0.8764 0.207 0.0722 0.0383
0 0.8694 0.3117 0.0361 0.0297
0 0.8958 0.3062 0.0278 0.0258
0 0.0194 0.4859 0.0375 0.0219
0 0.1014 0.4945 0.0486 0.0227
0 0.0111 0.5109 0.0222 0.0195
0 0.1986 0.5273 0.0514 0.0164
0 0.6097 0.4133 0.0458 0.0219
0 0.6986 0.3984 0.0444 0.0133
0 0.3347 0.4617 0.05 0.0188
0 0.6528 0.4477 0.0639 0.0383
0 0.7847 0.3812 0.0347 0.0227
0 0.8542 0.3602 0.0319 0.0195
0 0.7764 0.4969 0.0653 0.0336
0 0.7569 0.5195 0.0403 0.0195
0 0.8764 0.4695 0.0583 0.043
0 0.7917 0.407 0.0569 0.0305
0 0.3639 0.5469 0.0764 0.025
0 0.5375 0.5633 0.0292 0.0211
0 0.5625 0.5617 0.0417 0.0219
0 0.9139 0.4883 0.0472 0.0234
0 0.1569 0.6703 0.0639 0.0359
0 0.7208 0.6258 0.0194 0.0156
0 0.9056 0.6281 0.0375 0.0289
0 0.8097 0.7016 0.0514 0.0219
0 0.9597 0.5633 0.0528 0.0352
0 0.9556 0.4906 0.0347 0.0219
0 0.9597 0.5133 0.0639 0.0273
0 0.9583 0.4578 0.0361 0.0188
0 0.9 0.7414 0.0722 0.0344
0 0.3389 0.6641 0.0583 0.0273
0 0.0875 0.7273 0.0556 0.0359
0 0.1417 0.7203 0.0417 0.0289
0 0.4625 0.6078 0.0542 0.0203
0 0.9806 0.6492 0.0347 0.0273
0 0.4528 0.3625 0.0306 0.0125
0 0.5736 0.4883 0.0417 0.0234
0 0.6833 0.0562 0.0208 0.0242
0 0.7569 0.0586 0.0431 0.032
0 0.175 0.6461 0.0306 0.0195
