0 0.5347 0.2141 0.0611 0.0312
0 0.7153 0.2359 0.0611 0.0273
0 0.7181 0.1938 0.0486 0.0281
0 0.6792 0.1914 0.0361 0.0273
0 0.5167 0.2852 0.0667 0.0367
0 0.4653 0.2992 0.0653 0.0344
0 0.0194 0.2742 0.0292 0.0375
0 0.0097 0.3164 0.0167 0.0297
0 0.0208 0.3844 0.0389 0.0234
0 0.0667 0.4664 0.0528 0.0281
0 0.0306 0.5227 0.0444 0.0305
0 0.1583 0.575 0.0528 0.0289
0 0.1847 0.5844 0.0528 0.0281
0 0.9653 0.7242 0.0542 0.032
0 0.9806 0.6586 0.0319 0.0344
0 0.9806 0.7492 0.0278 0.0375
0 0.8931 0.5336 0.0569 0.0328
