0 0.3431 0.143 0.0278 0.0102
0 0.3722 0.193 0.05 0.0203
0 0.4028 0.2266 0.0444 0.0227
0 0.3278 0.2617 0.05 0.0297
0 0.2889 0.2602 0.0292 0.0188
0 0.2819 0.3023 0.0542 0.0312
0 0.375 0.307 0.0486 0.0227
0 0.4264 0.3164 0.0375 0.0172
0 0.3597 0.3305 0.0194 0.0148
0 0.5167 0.4055 0.0458 0.025
0 0.4833 0.3852 0.0292 0.0117
0 0.2819 0.3531 0.0194 0.0117
0 0.4222 0.4055 0.0222 0.0164
0 0.4333 0.425 0.0264 0.018
0 0.3903 0.4078 0.025 0.0195
0 0.4722 0.4281 0.0139 0.0086
0 0.4278 0.457 0.0444 0.0234
0 0.5236 0.4695 0.0542 0.0312
0 0.3014 0.5094 0.0347 0.0234
0 0.2208 0.5336 0.0569 0.0266
0 0.1944 0.5508 0.0486 0.0234
0 0.2708 0.6031 0.05 0.0289
0 0.2653 0.6234 0.0347 0.0109
0 0.2319 0.6344 0.0472 0.0273
0 0.1875 0.6719 0.0486 0.0195
0 0.1472 0.6914 0.0444 0.0227
0 0.5028 0.5727 0.0417 0.0336
0 0.3792 0.6523 0.0486 0.0281
0 0.3806 0.7352 0.0542 0.0336
0 0.2569 0.7477 0.0444 0.0227
0 0.1597 0.8234 0.0736 0.0383
0 0.5431 0.8039 0.0542 0.032
0 0.5375 0.8375 0.0583 0.0328
0 0.7542 0.957 0.025 0.0234
0 0.8264 0.9602 0.0444 0.0281
0 0.9542 0.8883 0.0542 0.0266
0 0.7139 0.7453 0.0403 0.0258
0 0.5375 0.7141 0.0472 0.0219
0 0.6708 0.7031 0.0417 0.0227
0 0.7819 0.7406 0.0347 0.0188
0 0.6722 0.7414 0.0361 0.0148
0 0.6347 0.5047 0.0431 0.025
0 0.6986 0.5258 0.0472 0.025
0 0.5708 0.5578 0.0417 0.0234
0 0.3319 0.4289 0.0431 0.0203
0 0.6014 0.4422 0.0181 0.0164
0 0.6319 0.5648 0.0153 0.018
0 0.3403 0.5586 0.0222 0.0312
0 0.3042 0.4641 0.0194 0.0133
0 0.9139 0.9211 0.0333 0.018
0 0.8972 0.6672 0.0278 0.018
0 0.9097 0.6312 0.0292 0.0164
0 0.9514 0.6438 0.0125 0.0141
0 0.9264 0.6477 0.0125 0.0164
0 0.95 0.6227 0.0208 0.0102
0 0.9278 0.5656 0.0278 0.0172
0 0.5139 0.5258 0.0222 0.0094
