0 0.5514 0.1945 0.0486 0.0227
0 0.6556 0.2227 0.0597 0.0375
0 0.5972 0.2859 0.0625 0.0352
0 0.4472 0.2836 0.0486 0.0312
0 0.4153 0.3352 0.0444 0.0258
0 0.4097 0.3133 0.0292 0.0195
0 0.4458 0.3117 0.0264 0.0141
0 0.4722 0.318 0.0236 0.0148
0 0.4194 0.3625 0.0514 0.0289
0 0.4722 0.35 0.0278 0.0086
0 0.5139 0.3359 0.0278 0.0148
0 0.5472 0.3352 0.0444 0.0156
0 0.5389 0.2688 0.0417 0.0109
0 0.3972 0.3906 0.0472 0.0273
0 0.5486 0.4 0.05 0.0281
0 0.3472 0.432 0.0514 0.0203
0 0.3319 0.4594 0.0333 0.0211
0 0.3764 0.4789 0.0389 0.0188
0 0.4097 0.4492 0.0375 0.0141
0 0.2264 0.4789 0.0306 0.0203
0 0.2056 0.4406 0.0194 0.0125
0 0.2833 0.5398 0.0222 0.0188
0 0.3833 0.5477 0.0403 0.0188
0 0.6125 0.5117 0.0514 0.025
0 0.6139 0.5641 0.0486 0.0328
0 0.5764 0.5758 0.0528 0.0266
0 0.6167 0.493 0.025 0.0148
0 0.3403 0.6656 0.0583 0.0305
0 0.2514 0.6484 0.0431 0.0195
0 0.2667 0.5992 0.025 0.0242
0 0.3833 0.5914 0.0542 0.0219
0 0.6625 0.6211 0.0444 0.0297
0 0.6014 0.7031 0.0486 0.0242
0 0.7111 0.7031 0.0472 0.0305
0 0.6083 0.8531 0.0583 0.0328
0 0.2014 0.7531 0.0417 0.018
0 0.2472 0.768 0.0514 0.0352
0 0.5097 0.7211 0.0278 0.025
0 0.625 0.9141 0.0458 0.0266
0 0.5722 0.8859 0.0472 0.0297
0 0.1125 0.9734 0.0472 0.0234
0 0.3486 0.8438 0.0333 0.0211
0 0.6597 0.75 0.0361 0.0227
0 0.7042 0.7703 0.0361 0.0211
0 0.6667 0.7016 0.025 0.0164
0 0.675 0.6742 0.0264 0.0188
0 0.7153 0.9305 0.0583 0.032
0 0.7889 0.9625 0.05 0.0305
0 0.8069 0.8805 0.0458 0.0273
0 0.8417 0.9273 0.0514 0.0211
0 0.7431 0.5453 0.0361 0.0141
0 0.7139 0.8586 0.0417 0.0312
0 0.3694 0.7836 0.0347 0.0148
0 0.1986 0.9867 0.0569 0.0242
0 0.3917 0.9797 0.0236 0.0219
0 0.7278 0.8086 0.0444 0.0148
0 0.6958 0.5742 0.05 0.0227
0 0.3194 0.5891 0.0403 0.0219
0 0.2833 0.3961 0.0181 0.0109
0 0.2111 0.6922 0.025 0.0164
0 0.3833 0.6898 0.0611 0.0258
0 0.3889 0.6211 0.0125 0.0109
0 0.2986 0.5008 0.0125 0.007
0 0.2736 0.4383 0.0167 0.0086
0 0.2514 0.5125 0.0111 0.0102
0 0.3764 0.4273 0.0167 0.0117
0 0.3028 0.7328 0.0292 0.0109
0 0.7528 0.8406 0.0278 0.0195
0 0.8139 0.8266 0.0139 0.0094
0 0.2153 0.9727 0.0389 0.0195
