0 0.3944 0.2617 0.05 0.0305
0 0.5333 0.4023 0.0375 0.018
0 0.1542 0.4719 0.0472 0.0297
0 0.1889 0.5461 0.0556 0.0297
0 0.4278 0.5 0.0486 0.0281
0 0.4069 0.457 0.0319 0.0211
0 0.4736 0.4531 0.0236 0.0148
0 0.4889 0.5094 0.0361 0.0297
0 0.1167 0.6227 0.0625 0.0281
0 0.5403 0.5508 0.0347 0.0227
0 0.5167 0.5164 0.0319 0.0289
0 0.6292 0.5336 0.0319 0.0188
0 0.0611 0.7266 0.0361 0.0258
0 0.3722 0.7164 0.0486 0.0227
0 0.3458 0.7391 0.0222 0.0211
0 0.4069 0.6906 0.05 0.0297
0 0.4181 0.7125 0.0458 0.025
0 0.45 0.682 0.0389 0.0273
0 0.5847 0.65 0.0569 0.0289
0 0.6917 0.6586 0.0403 0.0227
0 0.65 0.6961 0.0486 0.0219
0 0.6542 0.6211 0.05 0.0242
0 0.6153 0.6047 0.0556 0.0164
0 0.5583 0.575 0.0403 0.0086
0 0.6472 0.5383 0.0486 0.0188
0 0.7361 0.6086 0.0528 0.0211
0 0.6986 0.5211 0.0472 0.0227
0 0.6806 0.5359 0.025 0.0141
0 0.8903 0.5156 0.0333 0.0195
0 0.9236 0.5148 0.0375 0.0148
0 0.4083 0.368 0.0167 0.0125
0 0.3889 0.4188 0.0306 0.0125
0 0.3833 0.6578 0.0236 0.0258
0 0.6694 0.5266 0.0278 0.0156
0 0.6069 0.5867 0.0611 0.0273
0 0.5903 0.5773 0.0333 0.0125
0 0.4014 0.8062 0.0542 0.0281
