0 0.4486 0.1508 0.0292 0.0242
0 0.4139 0.1445 0.025 0.0125
0 0.3903 0.1836 0.0431 0.0211
0 0.4736 0.2109 0.0319 0.0203
0 0.3681 0.2016 0.0292 0.0242
0 0.2819 0.2617 0.0472 0.0242
0 0.2917 0.2711 0.025 0.0125
0 0.3944 0.3977 0.0361 0.0188
0 0.5986 0.3414 0.0347 0.0195
0 0.6125 0.3508 0.0319 0.0188
0 0.4625 0.5125 0.0444 0.0242
0 0.4792 0.5242 0.0472 0.0148
0 0.4208 0.5953 0.0347 0.0234
0 0.4472 0.3164 0.0278 0.0117
0 0.5333 0.3508 0.0167 0.018
0 0.2625 0.4398 0.0167 0.0188
0 0.4431 0.2445 0.0153 0.0148
0 0.3583 0.2773 0.0375 0.0219
0 0.4611 0.3656 0.0181 0.0109
0 0.6611 0.4516 0.0444 0.0211
0 0.9583 0.6781 0.0361 0.0203
0 0.9694 0.5242 0.0458 0.0266
0 0.9097 0.3547 0.0306 0.0164
0 0.9681 0.2766 0.0361 0.0211
0 0.9694 0.3672 0.0208 0.0117
0 0.9722 0.243 0.0431 0.0203
0 0.1708 0.4375 0.0431 0.0219
0 0.0792 0.4094 0.0306 0.0141
0 0.1111 0.4273 0.0306 0.0141
0 0.5236 0.4008 0.0167 0.0109
0 0.1833 0.4133 0.0208 0.0172
0 0.4181 0.3953 0.0139 0.0156
0 0.2861 0.5141 0.0292 0.0188
0 0.2444 0.6977 0.0361 0.0188
0 0.7944 0.5328 0.0389 0.0172
0 0.9347 0.5766 0.0306 0.0148
0 0.1417 0.6633 0.05 0.025
0 0.6 0.4648 0.0403 0.0172
0 0.8875 0.4109 0.0361 0.0211
0 0.1222 0.4414 0.0222 0.007
