0 0.0139 0.0383 0.0292 0.0195
0 0.0431 0.0453 0.0514 0.0227
0 0.1667 0.0234 0.025 0.0211
0 0.1819 0.0734 0.0514 0.0359
0 0.0583 0.1508 0.0292 0.0172
0 0.1819 0.1469 0.0528 0.0289
0 0.0125 0.2016 0.0208 0.0156
0 0.0306 0.268 0.0361 0.0234
0 0.0639 0.2648 0.0444 0.0328
0 0.0931 0.2102 0.0472 0.0266
0 0.1278 0.2188 0.0167 0.0195
0 0.2625 0.2234 0.0569 0.0281
0 0.2125 0.2656 0.0611 0.0297
0 0.3431 0.2688 0.0431 0.0242
0 0.3917 0.2812 0.0319 0.0117
0 0.2611 0.3234 0.0278 0.0117
0 0.2403 0.3414 0.0292 0.0117
0 0.1208 0.6031 0.0264 0.0148
0 0.0903 0.5406 0.0264 0.0188
0 0.0111 0.6414 0.0222 0.0164
0 0.1292 0.6844 0.0542 0.0227
0 0.3236 0.5961 0.0444 0.0211
0 0.3292 0.6383 0.0583 0.0305
0 0.2778 0.743 0.0486 0.0328
0 0.3472 0.7516 0.0556 0.0336
0 0.3972 0.6641 0.0514 0.0312
0 0.3861 0.6859 0.0431 0.018
0 0.4486 0.6828 0.0583 0.0266
0 0.4139 0.7039 0.0403 0.032
0 0.5903 0.7031 0.0417 0.0234
0 0.6153 0.6633 0.0528 0.0305
0 0.75 0.5805 0.0403 0.0211
0 0.8264 0.4766 0.0153 0.0273
0 0.9625 0.5234 0.0639 0.0281
0 0.9111 0.5523 0.0431 0.0289
0 0.3014 0.1375 0.0486 0.0289
0 0.2792 0.1773 0.0361 0.0156
0 0.3486 0.1469 0.0542 0.0336
0 0.3431 0.0969 0.0597 0.0344
0 0.3847 0.0812 0.0417 0.0164
0 0.45 0.15 0.0361 0.0219
0 0.3931 0.1898 0.0264 0.0117
0 0.4083 0.2055 0.0319 0.0148
0 0.4194 0.0117 0.0333 0.0156
0 0.4653 0.025 0.0417 0.0281
0 0.4417 0.0375 0.025 0.0172
0 0.4986 0.0312 0.0181 0.0188
0 0.5667 0.0758 0.0333 0.0195
0 0.5917 0.0078 0.0375 0.0148
0 0.5736 0.0391 0.0458 0.0312
0 0.6181 0.0469 0.0486 0.0273
0 0.5903 0.0633 0.0403 0.018
0 0.6542 0.0703 0.0347 0.0188
0 0.6167 0.0891 0.0306 0.0195
0 0.6042 0.1273 0.0306 0.0172
0 0.5181 0.1414 0.0319 0.0156
0 0.5236 0.1617 0.0278 0.0172
0 0.5486 0.1656 0.0333 0.0195
0 0.5889 0.1516 0.0361 0.0203
0 0.6722 0.1734 0.0389 0.0148
0 0.6056 0.2477 0.0278 0.0203
0 0.7528 0.0094 0.0375 0.0195
0 0.8125 0.043 0.0319 0.0266
0 0.8444 0.0555 0.0236 0.0188
0 0.8542 0.0305 0.0208 0.0148
0 0.9903 0.0422 0.0167 0.0211
0 0.7861 0.0734 0.0347 0.0211
0 0.7792 0.1047 0.0319 0.0195
0 0.9667 0.125 0.0389 0.0242
0 0.7958 0.175 0.0569 0.0305
0 0.95 0.1695 0.0514 0.0328
0 0.8806 0.1781 0.0389 0.0203
0 0.9375 0.1977 0.0583 0.0297
0 0.9042 0.2102 0.0194 0.0234
0 0.8764 0.2062 0.0292 0.0102
0 0.8444 0.2406 0.0417 0.0242
0 0.8944 0.2477 0.0306 0.0141
0 0.7556 0.418 0.0319 0.0148
0 0.6431 0.3367 0.0403 0.018
0 0.6694 0.3109 0.0431 0.0289
0 0.7278 0.2914 0.0569 0.0312
0 0.7542 0.3148 0.0514 0.0281
0 0.7986 0.3367 0.0278 0.0266
0 0.8306 0.3703 0.0333 0.0148
0 0.9847 0.2219 0.0236 0.0195
0 0.2875 0.7102 0.0528 0.0273
0 0.9903 0.5445 0.0167 0.0086
0 0.025 0.0984 0.0236 0.0141
0 0.5083 0.068 0.0333 0.0148
0 0.6264 0.0188 0.025 0.0211
0 0.8333 0.1234 0.025 0.0188
0 0.5556 0.1852 0.0333 0.0164
0 0.625 0.1531 0.0347 0.0188
0 0.0111 0.2422 0.0208 0.0102
