0 0.3736 0.0609 0.0361 0.0195
0 0.4014 0.1164 0.0431 0.0227
0 0.4264 0.15 0.0403 0.0227
0 0.3556 0.1852 0.0431 0.0312
0 0.3222 0.1859 0.0333 0.0266
0 0.3 0.2266 0.05 0.025
0 0.3903 0.2289 0.0472 0.0219
0 0.4389 0.2398 0.0361 0.0172
0 0.5194 0.3305 0.0514 0.0258
0 0.5903 0.2797 0.0167 0.0102
0 0.4319 0.3297 0.025 0.0195
0 0.4972 0.3109 0.0208 0.0055
0 0.3736 0.2555 0.025 0.0172
0 0.2556 0.2766 0.0236 0.0102
0 0.2097 0.2664 0.0083 0.0094
0 0.1736 0.2914 0.0222 0.0164
0 0.2069 0.3391 0.0139 0.0125
0 0.1903 0.3648 0.0194 0.0125
0 0.3417 0.3555 0.0375 0.0258
0 0.4347 0.3805 0.0333 0.0234
0 0.5208 0.3898 0.0347 0.0227
0 0.4778 0.3539 0.0125 0.0102
0 0.6 0.3695 0.0181 0.0156
0 0.6319 0.432 0.0444 0.0227
0 0.6847 0.4555 0.0486 0.0234
0 0.3042 0.4297 0.0458 0.0281
0 0.2264 0.4461 0.0528 0.0289
0 0.1944 0.468 0.0514 0.0227
0 0.1292 0.5305 0.025 0.0203
0 0.2764 0.518 0.05 0.0273
0 0.3444 0.4828 0.0306 0.0297
0 0.2139 0.4852 0.0181 0.0156
0 0.2708 0.5336 0.0389 0.0258
0 0.2389 0.5484 0.05 0.0281
0 0.1917 0.5836 0.0486 0.025
0 0.3819 0.5672 0.0472 0.0258
0 0.3806 0.5508 0.0153 0.0047
0 0.1569 0.6016 0.0486 0.0242
0 0.2528 0.6578 0.0417 0.0203
0 0.1694 0.725 0.0708 0.0391
0 0.7681 0.8539 0.0347 0.0258
0 0.7042 0.8531 0.0278 0.0258
0 0.7486 0.8328 0.0431 0.0195
0 0.8944 0.7938 0.0542 0.0289
0 0.9611 0.7453 0.0431 0.0203
0 0.5111 0.743 0.0458 0.0312
0 0.5167 0.7117 0.0431 0.0359
0 0.3708 0.6422 0.0458 0.0258
0 0.5167 0.6258 0.0417 0.0258
0 0.6472 0.6195 0.0333 0.0242
0 0.6417 0.6547 0.0389 0.0273
0 0.6875 0.6633 0.0431 0.0242
0 0.4972 0.4969 0.0458 0.0297
0 0.5569 0.4812 0.0458 0.0211
0 0.6264 0.4586 0.0361 0.0117
0 0.625 0.4914 0.0167 0.0188
0 0.8861 0.4977 0.0319 0.0141
0 0.9806 0.5195 0.0333 0.0164
0 0.9917 0.4664 0.0139 0.0141
0 0.8611 0.5594 0.0181 0.0133
0 0.8472 0.5953 0.0319 0.0148
0 0.9306 0.5078 0.0222 0.007
0 0.7111 0.55 0.0292 0.0109
0 0.3042 0.3852 0.0208 0.0133
