0 0.0306 0.2422 0.0347 0.0211
0 0.0292 0.2555 0.0306 0.0141
0 0.0181 0.2867 0.0194 0.0141
0 0.0264 0.2656 0.0208 0.0102
0 0.0583 0.2727 0.0319 0.0102
0 0.075 0.268 0.0181 0.0094
0 0.0806 0.2445 0.0167 0.0125
0 0.1181 0.2266 0.0278 0.0195
0 0.1375 0.2336 0.0208 0.0117
0 0.1083 0.3258 0.0333 0.018
0 0.1361 0.3234 0.0208 0.018
0 0.1986 0.2656 0.05 0.0375
0 0.2472 0.2914 0.0556 0.0352
0 0.2361 0.3219 0.0569 0.0289
0 0.2069 0.3461 0.025 0.0148
0 0.2208 0.3562 0.0194 0.0102
0 0.2875 0.3688 0.0111 0.0125
0 0.3236 0.3719 0.0556 0.0352
0 0.3736 0.307 0.0292 0.0203
0 0.0333 0.5078 0.05 0.025
0 0.0917 0.5094 0.025 0.0148
0 0.0431 0.532 0.0264 0.0141
0 0.0167 0.643 0.0278 0.0227
0 0.0278 0.6047 0.0292 0.0141
0 0.1181 0.5883 0.0319 0.018
0 0.1611 0.6469 0.0167 0.0133
0 0.2014 0.4703 0.0417 0.0203
0 0.2028 0.4883 0.0264 0.0117
0 0.1625 0.5383 0.0306 0.0211
0 0.2125 0.5367 0.025 0.0117
0 0.2986 0.4875 0.0236 0.0086
0 0.3486 0.4203 0.0194 0.0133
0 0.3278 0.4234 0.0181 0.0094
0 0.3264 0.4312 0.0208 0.0102
0 0.3625 0.4242 0.0139 0.0102
0 0.2986 0.5398 0.0278 0.0172
0 0.3264 0.5359 0.0292 0.0172
0 0.3514 0.5312 0.0278 0.0156
0 0.425 0.5906 0.0264 0.0148
0 0.3986 0.5273 0.025 0.0156
0 0.4222 0.5266 0.025 0.0156
0 0.4056 0.557 0.0236 0.0125
0 0.4875 0.5461 0.0139 0.0133
0 0.5361 0.5555 0.0278 0.0125
0 0.5653 0.525 0.0542 0.032
0 0.6056 0.5477 0.0472 0.0258
0 0.6528 0.5562 0.0333 0.0195
0 0.6903 0.5797 0.0347 0.0188
0 0.5875 0.6305 0.0194 0.0094
0 0.8444 0.568 0.0375 0.0195
0 0.8153 0.5336 0.0333 0.0172
0 0.5375 0.4609 0.0458 0.0227
0 0.5264 0.4438 0.0333 0.0148
0 0.5486 0.4227 0.0278 0.0234
0 0.5819 0.4359 0.0486 0.0281
0 0.6431 0.4516 0.05 0.025
0 0.5847 0.3344 0.0306 0.0094
0 0.7278 0.4656 0.0458 0.0305
0 0.8083 0.4938 0.05 0.0281
0 0.8542 0.4883 0.0528 0.0234
0 0.9194 0.475 0.0542 0.0336
0 0.8083 0.3883 0.0444 0.0188
0 0.9597 0.4281 0.0528 0.0289
0 0.6972 0.357 0.0403 0.025
0 0.6986 0.3961 0.0264 0.0203
0 0.7222 0.3992 0.0403 0.0203
0 0.7542 0.4141 0.0361 0.0195
0 0.7847 0.4242 0.0486 0.018
0 0.7264 0.1164 0.0361 0.0211
0 0.7569 0.1219 0.0375 0.0188
0 0.7806 0.1227 0.0181 0.0117
0 0.7986 0.1258 0.025 0.018
0 0.7944 0.0938 0.0167 0.0094
0 0.825 0.1023 0.0375 0.0211
0 0.8875 0.0711 0.0389 0.0172
0 0.8639 0.0953 0.0389 0.0258
0 0.8667 0.1188 0.0319 0.018
0 0.8903 0.1234 0.0306 0.018
0 0.9556 0.1219 0.0361 0.0203
0 0.9861 0.1227 0.025 0.0242
0 0.9097 0.1461 0.0389 0.0234
0 0.8681 0.1711 0.0333 0.018
0 0.975 0.1617 0.0222 0.0141
0 0.7514 0.2781 0.0208 0.0227
0 0.775 0.2781 0.0403 0.0219
0 0.8069 0.2625 0.0472 0.0227
0 0.8222 0.2797 0.0347 0.018
0 0.8542 0.2867 0.0347 0.0172
0 0.9028 0.2797 0.0361 0.018
0 0.9167 0.2648 0.0417 0.0195
0 0.9819 0.2508 0.0319 0.0148
0 0.9722 0.2961 0.0375 0.0219
0 0.9625 0.3164 0.0389 0.0195
0 0.9361 0.2977 0.0292 0.0172
0 0.3097 0.3453 0.025 0.0156
0 0.4903 0.3094 0.0486 0.0125
0 0.4167 0.3367 0.0153 0.0172
0 0.9556 0.1031 0.0347 0.0133
0 0.1208 0.4992 0.0264 0.0117
0 0.0083 0.4336 0.0153 0.0133
0 0.5972 0.3945 0.0292 0.0086
