0 0.525 0.1547 0.0347 0.0219
0 0.5472 0.1391 0.0361 0.0203
0 0.6278 0.1383 0.0181 0.0109
0 0.6917 0.2805 0.0389 0.0234
0 0.7028 0.2938 0.0417 0.018
0 0.7167 0.4469 0.0319 0.0148
0 0.7903 0.468 0.0417 0.0258
0 0.5708 0.5102 0.0514 0.0258
0 0.6819 0.5141 0.0431 0.0273
0 0.7528 0.5445 0.0472 0.025
0 0.7528 0.4984 0.0222 0.018
0 0.6542 0.5258 0.0361 0.0227
0 0.5472 0.5164 0.0375 0.0227
0 0.6625 0.6312 0.0431 0.0227
0 0.5361 0.6188 0.0458 0.0234
0 0.3903 0.6055 0.0458 0.025
0 0.4028 0.5727 0.0236 0.0219
0 0.4139 0.5375 0.0444 0.0297
0 0.3639 0.5141 0.0347 0.0203
0 0.2833 0.4461 0.0361 0.0172
0 0.3083 0.4594 0.0278 0.0164
0 0.6333 0.4297 0.0361 0.0227
0 0.1 0.4938 0.0472 0.0281
