0 0.3944 0.1312 0.0403 0.0211
0 0.4167 0.1141 0.0347 0.0188
0 0.5028 0.118 0.0306 0.0172
0 0.5694 0.2617 0.0375 0.025
0 0.5889 0.2766 0.0403 0.0266
0 0.5458 0.2719 0.0264 0.0125
0 0.5667 0.325 0.0403 0.0094
0 0.5069 0.4109 0.0361 0.018
0 0.5972 0.4336 0.0375 0.0148
0 0.6319 0.457 0.0486 0.0297
0 0.6236 0.4867 0.0417 0.0312
0 0.6222 0.5344 0.0458 0.025
0 0.5569 0.5008 0.0472 0.025
0 0.5236 0.5148 0.0278 0.0195
0 0.4431 0.4969 0.05 0.0297
0 0.4167 0.5039 0.0292 0.0242
0 0.4028 0.6078 0.0458 0.0242
0 0.5417 0.6203 0.0417 0.0227
0 0.2458 0.5945 0.0542 0.0281
0 0.2625 0.5625 0.0306 0.0227
0 0.2806 0.5234 0.0292 0.0273
0 0.1806 0.4445 0.0306 0.0133
0 0.1556 0.4305 0.0347 0.0172
