0 0.5 0.0391 0.0375 0.0312
0 0.5264 0.0531 0.0444 0.0328
0 0.4625 0.0742 0.0431 0.0227
0 0.5 0.0672 0.0347 0.0172
0 0.4153 0.0938 0.0194 0.0266
0 0.4639 0.1516 0.0306 0.0188
0 0.5306 0.1594 0.0306 0.0219
0 0.5014 0.1781 0.0431 0.0273
0 0.4097 0.1672 0.0417 0.0273
0 0.4722 0.1969 0.0556 0.0297
0 0.5486 0.2039 0.0389 0.0203
0 0.5319 0.2359 0.0389 0.0234
0 0.6236 0.2711 0.0389 0.0234
0 0.6875 0.2969 0.0431 0.0195
0 0.7028 0.3125 0.0333 0.0219
0 0.5486 0.2938 0.0444 0.0172
0 0.5403 0.3094 0.0306 0.0164
0 0.5042 0.3531 0.0458 0.0273
0 0.3819 0.2633 0.0403 0.025
0 0.4167 0.218 0.0347 0.0195
0 0.2375 0.3531 0.0278 0.0125
0 0.4042 0.4227 0.0486 0.0242
0 0.3125 0.4805 0.0486 0.0297
0 0.3583 0.4852 0.0458 0.0289
0 0.5417 0.4648 0.0486 0.0219
0 0.5625 0.4812 0.0431 0.0227
0 0.6639 0.4008 0.0361 0.0234
0 0.7139 0.4164 0.0403 0.0219
0 0.6347 0.4172 0.0431 0.0242
0 0.6097 0.5039 0.0319 0.0211
0 0.5681 0.5203 0.0347 0.0219
0 0.5417 0.5461 0.0472 0.0227
0 0.3806 0.55 0.0486 0.0273
0 0.5417 0.6211 0.0403 0.0273
0 0.5306 0.6953 0.0431 0.0258
0 0.5861 0.6062 0.0278 0.0141
0 0.3986 0.568 0.0361 0.0234
0 0.3361 0.5844 0.0389 0.0203
0 0.5556 0.7398 0.0375 0.0359
0 0.6167 0.818 0.0361 0.0328
0 0.4819 0.1211 0.0444 0.0281
0 0.5069 0.1203 0.0278 0.0266
0 0.4375 0.1148 0.0444 0.025
0 0.3347 0.4492 0.0556 0.0203
0 0.3625 0.2734 0.0319 0.0172
0 0.5125 0.3086 0.0292 0.0164
0 0.4097 0.5359 0.0403 0.0148
0 0.5528 0.6031 0.0375 0.0195
0 0.6111 0.6945 0.0236 0.0141
0 0.6333 0.6781 0.0194 0.0156
0 0.4556 0.7391 0.0306 0.0195
0 0.6583 0.8141 0.0542 0.0289
0 0.2722 0.5523 0.0431 0.018
0 0.6694 0.4242 0.0319 0.025
0 0.5292 0.3336 0.0236 0.0141
0 0.275 0.5953 0.0319 0.0164
0 0.9694 0.7633 0.0556 0.0258
0 0.5111 0.6234 0.0292 0.0188
