0 0.5653 0.0109 0.05 0.0219
0 0.3944 0.1852 0.0361 0.0266
0 0.95 0.1969 0.0264 0.0156
0 0.8389 0.307 0.0444 0.0234
0 0.8972 0.318 0.0389 0.0195
0 0.7708 0.3266 0.0333 0.0219
0 0.2944 0.3586 0.0361 0.0227
0 0.2306 0.4242 0.0389 0.0227
0 0.9833 0.4656 0.0306 0.0266
0 0.8514 0.5352 0.0347 0.0133
0 0.9819 0.6086 0.0319 0.0219
0 0.7847 0.5812 0.0306 0.0188
0 0.6042 0.6023 0.0347 0.0156
0 0.9361 0.5789 0.0389 0.0172
0 0.0194 0.4102 0.0389 0.0117
0 0.0111 0.4492 0.0194 0.0203
0 0.6014 0.0086 0.0292 0.0164
0 0.4792 0.0445 0.0306 0.0266
0 0.8847 0.3625 0.0375 0.0148
0 0.7028 0.6188 0.0292 0.0188
0 0.7903 0.607 0.0389 0.0242
0 0.6444 0.607 0.0236 0.0133
0 0.4736 0.5164 0.0153 0.0156
0 0.4931 0.4344 0.0306 0.0164
0 0.3792 0.5695 0.0236 0.0164
