0 0.5333 0.0719 0.0444 0.0289
0 0.475 0.093 0.0403 0.0203
0 0.4847 0.143 0.0403 0.0211
0 0.575 0.1734 0.0361 0.0219
0 0.3958 0.168 0.0431 0.0242
0 0.4111 0.1977 0.0347 0.0188
0 0.3722 0.2023 0.0375 0.0211
0 0.4444 0.1766 0.0389 0.0195
0 0.5278 0.2695 0.0389 0.0219
0 0.5167 0.2914 0.0375 0.0203
0 0.575 0.2953 0.0403 0.0219
0 0.6292 0.293 0.0486 0.0258
0 0.6653 0.3258 0.0486 0.0227
0 0.4361 0.225 0.0375 0.0148
0 0.4042 0.2266 0.0264 0.0125
0 0.3486 0.2664 0.0333 0.0195
0 0.425 0.2617 0.0319 0.018
0 0.3764 0.2875 0.0486 0.0242
0 0.5139 0.3617 0.0417 0.025
0 0.3528 0.3766 0.0403 0.0266
0 0.45 0.3656 0.0347 0.0195
0 0.4972 0.3789 0.0472 0.0242
0 0.5722 0.3625 0.0056 0.007
0 0.5847 0.368 0.0319 0.0195
0 0.6792 0.4484 0.0556 0.0234
0 0.3597 0.4508 0.0389 0.018
0 0.3278 0.4703 0.0472 0.0234
0 0.2806 0.4516 0.0417 0.0203
0 0.1208 0.5172 0.0389 0.0219
0 0.2347 0.5062 0.0181 0.0148
0 0.2681 0.4891 0.0444 0.018
0 0.4583 0.5195 0.0333 0.0227
0 0.5028 0.5281 0.0347 0.0133
0 0.6139 0.5336 0.0347 0.0172
0 0.7333 0.5195 0.0236 0.0141
0 0.6931 0.5109 0.0264 0.0188
0 0.9833 0.5164 0.0236 0.0266
0 0.4167 0.6 0.0319 0.0172
0 0.3694 0.5609 0.0347 0.0188
0 0.5583 0.6312 0.0444 0.0281
0 0.5958 0.6922 0.0444 0.0258
0 0.2153 0.6367 0.0389 0.0164
0 0.2736 0.6766 0.0431 0.0242
0 0.1208 0.768 0.05 0.0281
0 0.6403 0.9289 0.0569 0.0414
0 0.4653 0.3039 0.0278 0.0172
0 0.4875 0.3289 0.0403 0.0227
0 0.425 0.3523 0.0431 0.0125
0 0.4611 0.2086 0.0222 0.0281
0 0.5111 0.2281 0.0278 0.0172
0 0.5417 0.2586 0.025 0.0141
0 0.2944 0.4227 0.0444 0.018
0 0.3806 0.4664 0.0389 0.0148
0 0.5597 0.4859 0.0167 0.0258
0 0.9528 0.5422 0.0417 0.0258
0 0.8347 0.632 0.0222 0.0172
0 0.3139 0.5117 0.025 0.0234
0 0.2403 0.5484 0.0278 0.0148
0 0.0486 0.7398 0.0417 0.0133
0 0.2944 0.6812 0.0306 0.0164
0 0.6028 0.743 0.0417 0.0156
0 0.8514 0.7844 0.0347 0.0133
0 0.6542 0.8469 0.0736 0.0438
0 0.5347 0.3781 0.0292 0.0133
