0 0.4486 0.107 0.0514 0.0297
0 0.4389 0.1266 0.0458 0.0188
0 0.4236 0.4945 0.0472 0.0234
0 0.7972 0.507 0.0431 0.0117
0 0.4889 0.3844 0.0528 0.0164
0 0.1861 0.5438 0.0486 0.0188
0 0.2458 0.5844 0.0361 0.0211
0 0.4417 0.5969 0.0375 0.0297
0 0.5361 0.7414 0.0347 0.0172
0 0.7083 0.7758 0.0486 0.0172
0 0.8417 0.7328 0.0417 0.0172
0 0.3806 0.7414 0.0417 0.0312
0 0.3847 0.8195 0.0417 0.0242
0 0.0139 0.7883 0.0236 0.0211
0 0.0208 0.8148 0.0361 0.0219
0 0.2944 0.8945 0.0639 0.0359
0 0.5861 0.8914 0.0458 0.0219
0 0.5264 0.8844 0.0458 0.0195
0 0.2028 0.5711 0.0194 0.0125
0 0.1833 0.5969 0.0333 0.0227
0 0.0292 0.6516 0.0236 0.0172
0 0.0194 0.7211 0.0347 0.0195
0 0.4125 0.6922 0.0403 0.0211
0 0.4444 0.6961 0.0361 0.0109
0 0.6889 0.6586 0.0139 0.0117
0 0.6833 0.7781 0.0389 0.0148
