0 0.6444 0.0086 0.0458 0.0156
0 0.7153 0.0148 0.0458 0.0266
0 0.6917 0.0352 0.0375 0.0227
0 0.7667 0.032 0.0472 0.0289
0 0.8667 0.0328 0.0403 0.0227
0 0.8819 0.0109 0.0347 0.0141
0 0.75 0.082 0.0375 0.0273
0 0.7389 0.1031 0.0347 0.0211
0 0.7111 0.1219 0.0417 0.0234
0 0.7806 0.1133 0.0333 0.0211
0 0.8014 0.0812 0.0347 0.0188
0 0.8111 0.0578 0.0347 0.0203
0 0.8903 0.0633 0.0417 0.0219
0 0.8708 0.0828 0.0208 0.0188
0 0.9528 0.1297 0.0375 0.0195
0 0.9861 0.125 0.0236 0.0164
0 0.9014 0.1578 0.0417 0.0242
0 0.9389 0.1812 0.0361 0.0195
0 0.9139 0.1922 0.0375 0.0219
0 0.85 0.207 0.0403 0.0234
0 0.8083 0.1852 0.0333 0.0125
0 0.8111 0.25 0.0444 0.0219
0 0.6722 0.2695 0.0375 0.0219
0 0.7528 0.2898 0.0347 0.0172
0 0.8444 0.3008 0.0403 0.0211
0 0.8153 0.3234 0.0333 0.0117
0 0.9514 0.3531 0.0444 0.0211
0 0.4611 0.3109 0.0333 0.018
0 0.6194 0.3352 0.0333 0.0203
0 0.6681 0.3125 0.0278 0.018
0 0.3903 0.3391 0.0306 0.0148
0 0.2625 0.3664 0.0306 0.0156
0 0.2792 0.3719 0.0236 0.0148
0 0.2236 0.3883 0.0264 0.0094
0 0.1444 0.4023 0.0333 0.0188
0 0.0486 0.4133 0.0389 0.0203
0 0.1042 0.407 0.0389 0.0234
0 0.0361 0.3797 0.0167 0.0117
0 0.0111 0.375 0.0194 0.018
0 0.0333 0.3555 0.0222 0.0156
0 0.1 0.4398 0.0361 0.0203
0 0.1042 0.4578 0.0319 0.0141
0 0.0319 0.4789 0.0347 0.0188
0 0.1361 0.4656 0.0333 0.0094
0 0.55 0.3664 0.0333 0.0188
0 0.4778 0.3945 0.0306 0.0172
0 0.5625 0.4078 0.0153 0.0133
0 0.5306 0.4227 0.0264 0.0133
0 0.4319 0.4484 0.0375 0.0219
0 0.5194 0.4406 0.0222 0.0164
0 0.0347 0.5172 0.0264 0.0133
0 0.0583 0.5211 0.0306 0.0133
0 0.0569 0.5492 0.025 0.0188
0 0.3611 0.5578 0.0569 0.0203
0 0.3139 0.5352 0.0375 0.0148
0 0.675 0.4023 0.0361 0.0211
0 0.7125 0.4016 0.0403 0.0219
0 0.7889 0.3969 0.0236 0.0234
0 0.8167 0.4039 0.0306 0.0234
0 0.8083 0.4258 0.0389 0.0109
0 0.8014 0.4625 0.0264 0.0188
0 0.6847 0.4516 0.0306 0.0281
0 0.7153 0.4656 0.0222 0.0258
0 0.7125 0.4898 0.0333 0.0141
0 0.8042 0.5055 0.0278 0.0102
0 0.6833 0.5219 0.0319 0.0164
0 0.5986 0.5547 0.0653 0.0312
0 0.5403 0.6016 0.0722 0.0406
0 0.5444 0.6242 0.0639 0.0273
0 0.4736 0.6422 0.0722 0.0438
0 0.1056 0.682 0.0861 0.0469
0 0.2125 0.6688 0.0639 0.0391
0 0.1806 0.7094 0.05 0.0289
0 0.3083 0.6836 0.0514 0.0281
0 0.2764 0.7031 0.0472 0.0164
0 0.3542 0.6508 0.0361 0.0211
0 0.3806 0.6617 0.0528 0.0195
0 0.4222 0.6469 0.0431 0.0219
0 0.4014 0.6156 0.0403 0.0234
0 0.5208 0.6617 0.0458 0.0219
0 0.6528 0.657 0.0472 0.0281
0 0.3042 0.7469 0.0528 0.0273
0 0.4361 0.7453 0.05 0.0234
0 0.4153 0.6953 0.0208 0.0109
0 0.6472 0.7984 0.0583 0.0383
0 0.6847 0.7766 0.0486 0.0297
0 0.725 0.7492 0.0292 0.0281
0 0.7903 0.7289 0.0403 0.0227
0 0.8667 0.775 0.0417 0.0312
0 0.9736 0.7289 0.0486 0.0312
0 0.9875 0.7523 0.0222 0.0211
0 0.6389 0.357 0.0292 0.0133
