0 0.0194 0.218 0.0389 0.0211
0 0.075 0.468 0.0472 0.0219
0 0.1583 0.4125 0.0222 0.0211
0 0.1917 0.4234 0.025 0.0164
0 0.2403 0.4383 0.0306 0.0234
0 0.2111 0.407 0.0333 0.0188
0 0.0625 0.6281 0.0236 0.0172
0 0.3569 0.6281 0.025 0.0219
0 0.3486 0.6031 0.0153 0.0086
0 0.4764 0.5578 0.025 0.0117
0 0.5333 0.5453 0.0222 0.0094
0 0.6208 0.5898 0.0153 0.0148
0 0.4208 0.668 0.0222 0.0141
0 0.6597 0.6422 0.0278 0.0211
0 0.6833 0.6141 0.0222 0.0125
0 0.5292 0.4898 0.0111 0.0109
0 0.8 0.5266 0.0292 0.0195
0 0.8431 0.5852 0.0292 0.0156
0 0.8681 0.5969 0.025 0.0211
0 0.7917 0.5062 0.0306 0.0148
0 0.8236 0.5016 0.0139 0.0086
0 0.9097 0.4578 0.0194 0.0109
0 0.9486 0.3523 0.0167 0.0141
0 0.9333 0.3312 0.0194 0.0086
0 0.825 0.3531 0.0278 0.018
0 0.9139 0.3094 0.0236 0.0133
0 0.8417 0.3094 0.0264 0.0156
0 0.7389 0.3195 0.0292 0.0156
0 0.7208 0.3359 0.0264 0.0141
0 0.6944 0.3297 0.0167 0.0156
0 0.6722 0.3039 0.0153 0.0125
0 0.9292 0.2133 0.0278 0.018
0 0.9569 0.2172 0.0292 0.0188
0 0.9417 0.1977 0.0125 0.0094
0 0.9208 0.5844 0.0139 0.007
0 0.6361 0.5375 0.0097 0.007
0 0.1236 0.4094 0.0208 0.0062
0 0.1583 0.6875 0.0139 0.0164
0 0.7986 0.4734 0.025 0.0164
0 0.8861 0.4734 0.0111 0.0086
0 0.7667 0.5516 0.0292 0.0133
0 0.7778 0.5656 0.0194 0.0102
0 0.1514 0.5922 0.0375 0.0125
0 0.0778 0.7016 0.0389 0.0305
0 0.2181 0.6188 0.0417 0.0211
0 0.7264 0.6266 0.0472 0.0219
0 0.7917 0.6211 0.0417 0.0156
0 0.7236 0.368 0.0208 0.0141
0 0.8431 0.4062 0.0264 0.0148
0 0.8847 0.3836 0.0292 0.0148
0 0.9736 0.4102 0.0333 0.0164
0 0.9194 0.418 0.025 0.0188
