0 0.1097 0.0125 0.0528 0.0258
0 0.0875 0.1086 0.0458 0.0281
0 0.2486 0.0938 0.0486 0.0273
0 0.4181 0.0562 0.0417 0.0305
0 0.3792 0.0156 0.0542 0.0312
0 0.3222 0.0164 0.0528 0.0289
0 0.2597 0.0109 0.0375 0.0211
0 0.2583 0.032 0.0181 0.0188
0 0.2819 0.1156 0.0292 0.0141
0 0.2347 0.1156 0.05 0.025
0 0.1889 0.1 0.0417 0.025
0 0.1722 0.0789 0.0458 0.018
0 0.3403 0.1602 0.0292 0.0148
0 0.4278 0.1977 0.0486 0.0242
0 0.1361 0.2117 0.0403 0.0203
0 0.1069 0.1977 0.0347 0.0203
0 0.0306 0.1625 0.0347 0.0203
0 0.0083 0.1938 0.0181 0.0242
0 0.0611 0.2156 0.05 0.0273
0 0.1986 0.2695 0.0306 0.0195
0 0.2472 0.2836 0.0375 0.0148
0 0.2028 0.2938 0.0264 0.0141
0 0.0917 0.3133 0.0347 0.0172
0 0.3625 0.2875 0.0333 0.0195
0 0.4264 0.2648 0.0292 0.0219
0 0.7292 0.2742 0.0486 0.032
0 0.7722 0.275 0.0361 0.0297
0 0.7083 0.3078 0.0333 0.0211
0 0.7833 0.3234 0.0528 0.0273
0 0.6792 0.3508 0.0417 0.0227
0 0.8389 0.4727 0.0361 0.025
0 0.2819 0.4492 0.0458 0.0242
0 0.0139 0.4312 0.0292 0.0203
0 0.0653 0.3594 0.0375 0.0117
0 0.2792 0.3906 0.0458 0.0211
0 0.4347 0.3375 0.0319 0.0125
0 0.2722 0.5906 0.0597 0.0383
0 0.5486 0.5359 0.0431 0.0203
0 0.5458 0.5641 0.0333 0.0133
0 0.2431 0.6594 0.0722 0.0375
0 0.6667 0.5891 0.0333 0.0172
0 0.8056 0.675 0.0306 0.0234
0 0.7028 0.6422 0.0278 0.0258
0 0.1014 0.4438 0.025 0.0102
0 0.0792 0.2547 0.0194 0.007
0 0.0139 0.3062 0.0292 0.0188
0 0.4833 0.2789 0.0319 0.0102
0 0.1542 0.0078 0.025 0.0141
0 0.2639 0.0555 0.0361 0.025
0 0.075 0.3289 0.0278 0.0125
