0 0.7722 0.6836 0.0625 0.025
0 0.7361 0.6547 0.0611 0.0367
0 0.2958 0.5852 0.0403 0.0242
0 0.2986 0.6117 0.05 0.0281
0 0.2514 0.6078 0.0389 0.0109
0 0.6764 0.518 0.0389 0.0242
0 0.7208 0.5227 0.0375 0.0203
0 0.9708 0.5445 0.0528 0.025
0 0.9403 0.5047 0.0528 0.0156
0 0.9764 0.4891 0.0403 0.0211
0 0.8639 0.5023 0.0125 0.0062
0 0.9333 0.4281 0.0542 0.0297
0 0.8458 0.3836 0.0569 0.0305
0 0.7903 0.4109 0.0431 0.0242
0 0.7542 0.4484 0.0375 0.0203
0 0.9139 0.3891 0.0264 0.0148
0 0.9472 0.3516 0.0486 0.0188
0 0.6153 0.3539 0.0236 0.0156
0 0.9917 0.3555 0.0111 0.0172
0 0.9792 0.3375 0.0389 0.0164
0 0.9639 0.3211 0.0486 0.0117
0 0.7306 0.282 0.025 0.0133
0 0.9542 0.2633 0.0347 0.0172
0 0.8486 0.2523 0.0431 0.0297
0 0.8028 0.2672 0.0417 0.0203
0 0.7528 0.2492 0.0292 0.0141
0 0.8097 0.2258 0.0167 0.0117
0 0.8264 0.2273 0.0153 0.0148
0 0.7819 0.2016 0.0528 0.0289
0 0.7694 0.1742 0.0417 0.0195
0 0.825 0.1773 0.0444 0.0258
0 0.8514 0.1922 0.0278 0.0133
0 0.8208 0.2 0.0292 0.0195
0 0.8514 0.1555 0.0556 0.0289
0 0.7931 0.0047 0.0417 0.0078
0 0.8653 0.0469 0.0208 0.0344
0 0.95 0.1211 0.05 0.0195
0 0.9722 0.1508 0.0528 0.0234
0 0.9583 0.2875 0.0736 0.0312
0 0.1569 0.393 0.0222 0.0062
0 0.6056 0.6898 0.0583 0.0227
