0 0.4944 0.1922 0.0417 0.0281
0 0.2764 0.3453 0.0319 0.0242
0 0.3111 0.3523 0.0389 0.0148
0 0.3083 0.4234 0.0472 0.0266
0 0.3167 0.4539 0.0444 0.0227
0 0.4889 0.4461 0.0431 0.0227
0 0.5347 0.4273 0.0319 0.0141
0 0.5931 0.3891 0.0292 0.018
0 0.6417 0.3867 0.0306 0.0211
0 0.6931 0.4219 0.0403 0.0289
0 0.8889 0.5523 0.0278 0.0125
0 0.2556 0.5367 0.0306 0.0234
0 0.2958 0.5453 0.0472 0.0203
0 0.2569 0.6109 0.0528 0.0289
0 0.2944 0.5945 0.0375 0.0227
0 0.2806 0.65 0.0472 0.0258
0 0.0597 0.5336 0.0375 0.0188
0 0.6236 0.4023 0.0347 0.0195
0 0.9194 0.6492 0.0181 0.0133
0 0.7833 0.6602 0.0222 0.0125
0 0.1583 0.4398 0.0333 0.0172
0 0.2208 0.4422 0.0333 0.0266
0 0.0931 0.532 0.0278 0.0344
0 0.5097 0.5969 0.0236 0.0078
0 0.6222 0.6711 0.0181 0.018
0 0.5 0.7273 0.0472 0.0164
0 0.6639 0.607 0.0111 0.0219
0 0.85 0.6242 0.0347 0.0172
0 0.8792 0.6531 0.0514 0.0273
0 0.9236 0.6703 0.025 0.025
