0 0.3347 0.7273 0.0667 0.0391
0 0.3764 0.7258 0.0306 0.0297
0 0.1583 0.6109 0.0264 0.0156
0 0.1778 0.6273 0.0278 0.0234
0 0.7667 0.6844 0.0431 0.025
0 0.7417 0.6992 0.0264 0.0125
0 0.7569 0.65 0.0472 0.0297
0 0.9819 0.6922 0.0306 0.0172
0 0.5125 0.5734 0.0319 0.0172
0 0.5083 0.5906 0.025 0.0117
0 0.5472 0.5656 0.0333 0.018
0 0.2833 0.5562 0.0278 0.0109
0 0.4694 0.4703 0.0403 0.0211
0 0.5542 0.4242 0.0403 0.0234
0 0.5278 0.4453 0.0403 0.0172
0 0.3167 0.4773 0.0431 0.0219
0 0.3264 0.4945 0.0222 0.0109
0 0.2694 0.4672 0.0264 0.0195
0 0.3097 0.4578 0.0319 0.0219
0 0.1958 0.4055 0.0264 0.0133
0 0.35 0.4055 0.0389 0.0227
0 0.2764 0.3891 0.0292 0.0133
0 0.4472 0.3891 0.0194 0.0102
0 0.2583 0.3273 0.0556 0.0281
0 0.4069 0.3039 0.0389 0.0195
0 0.3792 0.3008 0.0306 0.0156
0 0.3722 0.2727 0.0444 0.0258
0 0.4375 0.2375 0.0458 0.0273
0 0.3931 0.2406 0.0403 0.025
0 0.3111 0.2508 0.0444 0.0289
0 0.2722 0.2445 0.0444 0.0273
0 0.2431 0.1977 0.0417 0.0227
0 0.3264 0.1547 0.0403 0.025
0 0.3597 0.1578 0.0347 0.0234
0 0.3875 0.1586 0.0222 0.025
0 0.4389 0.2016 0.0236 0.0172
0 0.4514 0.0422 0.0417 0.0266
0 0.4722 0.0477 0.0292 0.0203
0 0.4278 0.0516 0.0278 0.0117
0 0.3292 0.3406 0.0431 0.0203
0 0.4347 0.332 0.0292 0.0234
0 0.4778 0.2352 0.0306 0.0133
0 0.5347 0.2531 0.0278 0.0141
0 0.5069 0.2695 0.0125 0.0125
0 0.4708 0.425 0.0306 0.0125
0 0.0778 0.4734 0.0361 0.0219
0 0.1069 0.468 0.0264 0.018
0 0.5486 0.6133 0.0389 0.0312
0 0.9528 0.6805 0.0292 0.0297
0 0.9694 0.7492 0.0375 0.0258
0 0.8194 0.5562 0.0306 0.0188
0 0.9056 0.4742 0.0292 0.0172
0 0.9819 0.4836 0.0319 0.0195
0 0.9569 0.5344 0.0319 0.0164
0 0.9722 0.5555 0.0458 0.0195
0 0.9083 0.6141 0.0375 0.0117
