0 0.2292 0.0133 0.0458 0.0258
0 0.1236 0.0562 0.0375 0.0234
0 0.0972 0.0703 0.0431 0.0289
0 0.1986 0.075 0.0319 0.0219
0 0.1833 0.1016 0.0528 0.0273
0 0.2417 0.0766 0.0431 0.0227
0 0.275 0.0836 0.0486 0.0273
0 0.2194 0.1289 0.0347 0.0172
0 0.1486 0.1406 0.0333 0.0266
0 0.0917 0.1664 0.0278 0.0156
0 0.0861 0.1844 0.0319 0.0164
0 0.0083 0.2141 0.0181 0.0305
0 0.0056 0.2836 0.0125 0.0172
0 0.0222 0.2953 0.0361 0.0172
0 0.1556 0.2805 0.0514 0.025
0 0.1264 0.3102 0.0347 0.0148
0 0.1764 0.3195 0.0347 0.0234
0 0.1597 0.1633 0.0403 0.0219
0 0.2056 0.1633 0.0431 0.0281
0 0.3889 0.0617 0.0431 0.0195
0 0.3875 0.0828 0.0375 0.0156
0 0.4681 0.0992 0.0528 0.0328
0 0.5056 0.0852 0.0389 0.0242
0 0.3403 0.1898 0.0569 0.0289
0 0.1528 0.2188 0.0375 0.0219
0 0.2375 0.3453 0.0444 0.0211
0 0.0597 0.4617 0.0431 0.025
0 0.1389 0.4602 0.0417 0.0227
0 0.1403 0.4742 0.0403 0.0141
0 0.0931 0.6312 0.0264 0.0203
0 0.0347 0.6773 0.0667 0.0328
0 0.0458 0.7742 0.0278 0.0242
0 0.0111 0.7977 0.0167 0.0164
0 0.1375 0.7492 0.05 0.0125
0 0.1625 0.7633 0.0167 0.0094
0 0.1958 0.7828 0.0236 0.0164
0 0.2222 0.7836 0.0264 0.0188
0 0.2542 0.8766 0.0486 0.0336
0 0.1403 0.8438 0.0306 0.0156
0 0.2819 0.725 0.0583 0.032
0 0.4375 0.7625 0.0556 0.0273
0 0.7069 0.7945 0.0264 0.0141
0 0.7389 0.6625 0.0403 0.0273
0 0.3556 0.6719 0.0319 0.018
0 0.5292 0.6422 0.0306 0.0188
0 0.7431 0.7156 0.0653 0.0391
0 0.8222 0.7438 0.0583 0.0312
0 0.8792 0.7664 0.0639 0.0305
0 0.9653 0.782 0.0403 0.0211
0 0.7931 0.7648 0.0542 0.0289
0 0.825 0.7867 0.0431 0.0281
0 0.6861 0.8086 0.0403 0.0172
0 0.6986 0.8398 0.0528 0.0383
0 0.7681 0.8445 0.0639 0.0359
0 0.4917 0.557 0.0153 0.0117
0 0.2694 0.6164 0.0361 0.0117
0 0.3542 0.6156 0.0306 0.0125
0 0.2833 0.243 0.0444 0.025
0 0.2611 0.2992 0.0403 0.0242
0 0.3139 0.3148 0.0403 0.0219
0 0.3542 0.3086 0.0514 0.032
0 0.3917 0.2508 0.0556 0.0312
0 0.4431 0.2555 0.0444 0.0266
0 0.4931 0.1781 0.0569 0.0367
0 0.5458 0.3016 0.0625 0.0328
0 0.6042 0.2484 0.0694 0.0352
0 0.5917 0.3094 0.0431 0.0273
0 0.6361 0.3055 0.0431 0.0227
0 0.6514 0.3172 0.0347 0.0156
0 0.7931 0.007 0.0431 0.0133
0 0.8417 0.0086 0.0444 0.0148
0 0.8375 0.025 0.0375 0.0195
0 0.95 0.0078 0.0278 0.0148
0 0.8958 0.0258 0.025 0.0148
0 0.9875 0.0219 0.0208 0.0297
0 0.7194 0.0508 0.0306 0.0164
0 0.7431 0.0531 0.0139 0.0203
0 0.6833 0.1094 0.0597 0.0414
0 0.625 0.1617 0.0458 0.0312
0 0.6653 0.1672 0.0542 0.0383
0 0.6861 0.1844 0.0361 0.0219
0 0.8167 0.2805 0.0264 0.0172
0 0.9111 0.2727 0.0361 0.0242
0 0.9819 0.3633 0.0292 0.0219
0 0.9722 0.3945 0.0347 0.018
0 0.7792 0.1828 0.0319 0.0195
0 0.8361 0.1539 0.0361 0.0219
0 0.8278 0.0578 0.0472 0.0266
0 0.8708 0.0656 0.0514 0.0281
0 0.8431 0.0828 0.0472 0.018
0 0.8569 0.1125 0.0375 0.0188
0 0.7986 0.0984 0.0403 0.0242
0 0.9042 0.0922 0.0361 0.018
0 0.9097 0.1188 0.0333 0.0148
0 0.9333 0.1969 0.0417 0.0211
0 0.875 0.1906 0.0222 0.0109
0 0.0833 0.5031 0.0264 0.0156
