0 0.5292 0.2 0.0361 0.0273
0 0.3125 0.3547 0.0389 0.0195
0 0.3458 0.3602 0.0264 0.0164
0 0.3361 0.4305 0.0472 0.0297
0 0.3458 0.4586 0.0389 0.0195
0 0.2806 0.5469 0.0292 0.0219
0 0.3167 0.5469 0.0458 0.0156
0 0.5167 0.4547 0.0403 0.0227
0 0.5597 0.4367 0.0292 0.0117
0 0.6722 0.3969 0.0292 0.0219
0 0.6514 0.4109 0.025 0.0133
0 0.7222 0.4305 0.0361 0.0266
0 0.3153 0.6031 0.0278 0.0148
0 0.2972 0.6562 0.0486 0.0258
0 0.9181 0.5617 0.025 0.0086
0 0.8069 0.6703 0.0264 0.0164
0 0.95 0.6609 0.0194 0.0117
0 0.0889 0.5375 0.0389 0.0227
0 0.1889 0.4445 0.0375 0.0164
0 0.2444 0.4469 0.0347 0.0234
0 0.1208 0.5375 0.0278 0.0305
0 0.1306 0.4984 0.025 0.0242
0 0.2792 0.6188 0.0583 0.0227
0 0.6444 0.6773 0.0153 0.0195
0 0.5181 0.7359 0.0431 0.0133
0 0.8944 0.6688 0.0319 0.018
0 0.9306 0.6555 0.0208 0.0148
0 0.8792 0.6336 0.0486 0.0125
0 0.8264 0.6219 0.0153 0.0102
0 0.9486 0.6812 0.0208 0.018
0 0.6889 0.6141 0.025 0.0227
0 0.6222 0.4 0.0278 0.0219
