0 0.4 0.0289 0.0181 0.025
0 0.3208 0.1398 0.0528 0.0266
0 0.2722 0.1711 0.0472 0.025
0 0.425 0.1195 0.0431 0.0344
0 0.4542 0.0391 0.0625 0.0438
0 0.5278 0.0305 0.0417 0.0203
0 0.5597 0.0133 0.0347 0.0141
0 0.5042 0.0852 0.0486 0.0211
0 0.4528 0.0812 0.05 0.0234
0 0.4778 0.1016 0.0556 0.0258
0 0.3056 0.2062 0.05 0.0258
0 0.5986 0.1828 0.0347 0.0219
0 0.5736 0.182 0.0361 0.0172
0 0.3056 0.2406 0.0514 0.0289
0 0.3458 0.2891 0.05 0.0328
0 0.5389 0.2078 0.0347 0.0398
0 0.7361 0.1703 0.0639 0.0367
0 0.8708 0.2992 0.05 0.0266
0 0.9917 0.257 0.0139 0.0211
0 0.2694 0.2875 0.0444 0.0289
0 0.2417 0.3086 0.0431 0.0328
0 0.4708 0.2453 0.0611 0.0336
0 0.4917 0.2203 0.0417 0.0312
0 0.5181 0.2602 0.0375 0.0266
0 0.5764 0.2188 0.0583 0.0414
0 0.6208 0.2109 0.0486 0.0375
0 0.475 0.2742 0.0597 0.0289
0 0.4972 0.2898 0.0486 0.0219
0 0.5417 0.2656 0.0264 0.0164
0 0.5542 0.2812 0.0333 0.0164
0 0.6347 0.2914 0.0444 0.0211
0 0.2889 0.3492 0.0333 0.0258
0 0.3222 0.3656 0.0514 0.0273
0 0.2903 0.3734 0.0292 0.0164
0 0.6292 0.4008 0.05 0.032
0 0.1556 0.4695 0.0333 0.0234
0 0.1889 0.4703 0.0389 0.0305
0 0.2292 0.4555 0.0375 0.0141
0 0.2889 0.4711 0.0486 0.0242
0 0.4694 0.4609 0.0667 0.0344
0 0.1861 0.5398 0.0403 0.0203
0 0.1458 0.5656 0.0472 0.0305
0 0.3056 0.5203 0.0542 0.0219
0 0.675 0.4031 0.0417 0.0281
0 0.5389 0.3781 0.0569 0.0266
0 0.5931 0.3625 0.0319 0.0125
0 0.6278 0.482 0.0444 0.0312
0 0.7208 0.4016 0.0486 0.0312
0 0.7583 0.393 0.0389 0.0273
0 0.6875 0.4781 0.0444 0.0312
0 0.7014 0.5039 0.0583 0.0273
0 0.75 0.5094 0.0472 0.0305
0 0.8 0.4992 0.0444 0.0258
0 0.8639 0.4469 0.0569 0.0289
0 0.8347 0.4828 0.0597 0.0234
0 0.8458 0.4047 0.0194 0.0164
0 0.5514 0.5617 0.0625 0.0328
0 0.0556 0.7078 0.0319 0.0164
0 0.0917 0.7133 0.0444 0.0273
0 0.1444 0.7266 0.0542 0.0297
0 0.1875 0.7156 0.0389 0.0273
0 0.4528 0.6531 0.05 0.0273
0 0.1306 0.6906 0.0542 0.0234
0 0.1625 0.6633 0.0431 0.0289
0 0.1556 0.6344 0.0458 0.0273
0 0.225 0.618 0.0861 0.032
0 0.2694 0.6336 0.0444 0.0258
0 0.5083 0.6398 0.0264 0.0141
0 0.4458 0.7695 0.0639 0.0367
0 0.3722 0.7977 0.0361 0.0195
0 0.6292 0.6773 0.0542 0.0406
0 0.5917 0.6234 0.0389 0.0258
0 0.6917 0.6312 0.0486 0.018
0 0.9833 0.6844 0.0292 0.0391
0 0.8347 0.6031 0.0417 0.0188
0 0.5653 0.6109 0.0403 0.0203
0 0.5653 0.8633 0.0486 0.025
0 0.7681 0.8547 0.0486 0.0312
0 0.8167 0.8477 0.0292 0.0234
0 0.2083 0.9508 0.0514 0.0273
0 0.1083 0.9906 0.0542 0.0172
0 0.3222 0.8953 0.0611 0.0344
0 0.8931 0.8508 0.0444 0.0258
0 0.9778 0.7953 0.0417 0.0266
0 0.8528 0.7977 0.0125 0.0164
0 0.3556 0.4938 0.0417 0.0234
0 0.0361 0.5086 0.0361 0.0227
0 0.2347 0.8734 0.0181 0.0164
0 0.9875 0.4812 0.0208 0.0203
0 0.5431 0.5305 0.025 0.0266
0 0.4319 0.525 0.0208 0.0242
0 0.5069 0.4805 0.0278 0.018
0 0.5153 0.4711 0.0194 0.0133
0 0.5333 0.4469 0.0458 0.0414
0 0.6306 0.3586 0.0278 0.0148
0 0.3514 0.3867 0.0375 0.0148
