0 0.0194 0.6266 0.0389 0.0258
0 0.1417 0.6641 0.0542 0.0188
0 0.0667 0.6859 0.0542 0.0281
0 0.1056 0.7141 0.0694 0.0219
0 0.0056 0.6781 0.0125 0.0172
0 0.4486 0.6523 0.0417 0.025
0 0.4542 0.6312 0.025 0.0156
0 0.4778 0.632 0.0222 0.0148
0 0.4889 0.6164 0.0403 0.018
0 0.5708 0.643 0.0417 0.0188
0 0.5653 0.5812 0.0431 0.0164
0 0.6417 0.568 0.0389 0.025
0 0.6361 0.4453 0.0431 0.0266
0 0.6125 0.4555 0.0444 0.0211
0 0.6917 0.4297 0.0194 0.0117
0 0.7389 0.4336 0.0194 0.0156
0 0.6708 0.4969 0.0194 0.018
0 0.7417 0.5336 0.0306 0.0227
0 0.7889 0.518 0.0292 0.0156
0 0.8042 0.518 0.0153 0.0125
0 0.775 0.5531 0.0458 0.0211
0 0.6778 0.5719 0.0236 0.0125
0 0.6514 0.5945 0.0403 0.0219
0 0.6583 0.6125 0.0333 0.0148
0 0.7333 0.618 0.0389 0.0234
0 0.7667 0.6102 0.0486 0.0266
0 0.8514 0.643 0.0458 0.0125
0 0.7639 0.6367 0.0361 0.0211
