0 0.05 0.2953 0.0167 0.007
0 0.1097 0.3648 0.0194 0.0125
0 0.1361 0.368 0.0319 0.0133
0 0.1514 0.3547 0.0181 0.0156
0 0.2264 0.3453 0.0222 0.0094
0 0.1764 0.3367 0.0167 0.0094
0 0.2417 0.3867 0.0292 0.0172
0 0.2722 0.3562 0.0097 0.0062
0 0.3111 0.3406 0.0167 0.0109
0 0.3806 0.3812 0.0194 0.0148
0 0.3611 0.4062 0.0153 0.0039
0 0.5014 0.375 0.0097 0.0133
0 0.2361 0.4531 0.0167 0.0125
0 0.3486 0.5258 0.0208 0.0117
0 0.2306 0.5633 0.025 0.0102
0 0.4125 0.5883 0.0333 0.0109
0 0.4264 0.5938 0.0139 0.0117
0 0.4486 0.6 0.0167 0.0148
0 0.4736 0.5641 0.0208 0.0102
0 0.5958 0.5594 0.0097 0.0086
0 0.6278 0.5938 0.0236 0.0109
0 0.6014 0.593 0.0083 0.0086
0 0.5486 0.607 0.0097 0.0109
0 0.5444 0.6594 0.0292 0.0242
0 0.5917 0.6547 0.0167 0.0062
0 0.5069 0.6859 0.0153 0.0117
0 0.5264 0.693 0.0222 0.0125
0 0.5903 0.6969 0.0139 0.0102
0 0.5542 0.6812 0.0111 0.0109
0 0.6681 0.7039 0.0222 0.0094
0 0.7194 0.7344 0.0222 0.0188
0 0.6986 0.6828 0.0097 0.0195
0 0.8583 0.6805 0.0125 0.0117
0 0.8472 0.45 0.0153 0.0078
0 0.8139 0.4164 0.0181 0.0078
0 0.6556 0.4344 0.0153 0.0094
0 0.4472 0.4586 0.0125 0.0133
0 0.5569 0.4398 0.0264 0.0148
0 0.7806 0.3867 0.0097 0.0078
0 0.5514 0.4188 0.0236 0.0203
0 0.6 0.4398 0.0167 0.0102
0 0.6514 0.3406 0.0278 0.0148
0 0.625 0.3211 0.0181 0.0094
0 0.5389 0.2953 0.0222 0.0125
0 0.5556 0.2664 0.0264 0.0164
0 0.5847 0.2641 0.025 0.0148
0 0.6111 0.2406 0.0139 0.0133
0 0.5347 0.25 0.0306 0.0164
0 0.5389 0.2086 0.0222 0.0102
0 0.4833 0.2336 0.0222 0.0133
0 0.4556 0.2391 0.0236 0.0148
0 0.4556 0.2234 0.0222 0.0125
0 0.3917 0.2289 0.0153 0.0086
0 0.3764 0.2445 0.0264 0.0172
0 0.4056 0.2469 0.0278 0.0172
0 0.5014 0.1859 0.0111 0.0102
0 0.4708 0.1898 0.0069 0.0117
0 0.5431 0.1695 0.0222 0.0117
0 0.5208 0.1453 0.0222 0.0086
0 0.4319 0.1719 0.0236 0.0156
0 0.5319 0.2766 0.0083 0.0062
0 0.1681 0.6344 0.0194 0.0141
0 0.1375 0.3961 0.0208 0.0211
0 0.5069 0.168 0.0403 0.0102
0 0.8264 0.4289 0.0222 0.0086
0 0.8403 0.4227 0.0236 0.0133
0 0.325 0.5375 0.0292 0.0227
0 0.5681 0.5398 0.0222 0.0117
0 0.5486 0.5383 0.0167 0.0078
0 0.3319 0.5805 0.0222 0.0227
0 0.3028 0.5805 0.0125 0.0109
0 0.2819 0.5805 0.0194 0.0125
0 0.2139 0.5828 0.0319 0.0148
0 0.6625 0.7375 0.0292 0.0188
0 0.875 0.6969 0.0264 0.0102
0 0.9 0.682 0.0194 0.0117
0 0.925 0.6688 0.0153 0.0133
0 0.5389 0.6211 0.0292 0.0141
0 0.7681 0.7258 0.0431 0.0164
0 0.8444 0.7266 0.0333 0.0109
0 0.7736 0.7781 0.0278 0.018
0 0.8208 0.7656 0.0264 0.0172
