0 0.3556 0.0102 0.0625 0.0211
0 0.3583 0.0242 0.0403 0.0141
0 0.3125 0.1359 0.0681 0.0398
0 0.4139 0.1016 0.0625 0.0391
0 0.4306 0.1445 0.0472 0.0344
0 0.4847 0.1383 0.0389 0.0391
0 0.4861 0.1789 0.05 0.0336
0 0.5347 0.2656 0.0569 0.0375
0 0.3167 0.2148 0.0528 0.0406
0 0.3708 0.2242 0.0375 0.0406
0 0.3417 0.2844 0.0556 0.0289
0 0.1528 0.2703 0.0681 0.0312
0 0.1514 0.25 0.0681 0.0219
0 0.2111 0.2797 0.0694 0.0367
0 0.2 0.3141 0.0681 0.0359
0 0.1903 0.3305 0.0486 0.0203
0 0.1167 0.3281 0.0653 0.0383
0 0.4486 0.2773 0.0639 0.0328
0 0.3028 0.2531 0.0472 0.0289
0 0.3583 0.4367 0.0431 0.0227
0 0.2667 0.4484 0.0569 0.0305
0 0.1083 0.4711 0.0472 0.0328
0 0.1875 0.5023 0.0639 0.0328
0 0.4944 0.5539 0.0569 0.032
0 0.2861 0.6164 0.075 0.0391
0 0.3014 0.7273 0.0417 0.0328
0 0.5583 0.7383 0.05 0.0281
0 0.4861 0.5758 0.0444 0.0203
0 0.8681 0.3898 0.0708 0.0484
0 0.9556 0.3977 0.0667 0.0344
0 0.9736 0.2383 0.0486 0.0438
0 0.9847 0.2727 0.025 0.0258
0 0.3875 0.6219 0.0431 0.0359
0 0.6347 0.7719 0.075 0.0336
0 0.3042 0.3484 0.0444 0.0148
0 0.6792 0.4008 0.0542 0.0367
0 0.5792 0.4742 0.0583 0.0336
0 0.3764 0.4977 0.0375 0.0219
0 0.4333 0.4688 0.0556 0.018
0 0.4681 0.5352 0.0431 0.0117
0 0.5056 0.4586 0.0375 0.0133
0 0.4597 0.7117 0.0236 0.0141
0 0.4931 0.7109 0.0444 0.0242
0 0.3375 0.6477 0.0292 0.0281
0 0.35 0.6031 0.0278 0.0109
