0 0.2931 0.1344 0.0361 0.018
0 0.3208 0.1375 0.0236 0.018
0 0.3417 0.1375 0.0167 0.0141
0 0.3625 0.1469 0.0278 0.0141
0 0.3806 0.125 0.0278 0.0172
0 0.4125 0.1188 0.0319 0.0195
0 0.4417 0.093 0.0278 0.0102
0 0.4208 0.1867 0.0264 0.0164
0 0.4542 0.1648 0.0292 0.0203
0 0.4944 0.1445 0.0319 0.0125
0 0.5736 0.0398 0.0306 0.0172
0 0.5736 0.0562 0.0292 0.0117
0 0.6306 0.0562 0.0222 0.0156
0 0.6556 0.1188 0.0292 0.0195
0 0.0389 0.582 0.0292 0.0148
0 0.0181 0.5461 0.0306 0.0203
0 0.0069 0.5195 0.0153 0.018
0 0.0292 0.518 0.0278 0.0148
0 0.0931 0.5109 0.0486 0.0281
0 0.1403 0.5297 0.0444 0.0219
0 0.0889 0.4172 0.0319 0.0219
0 0.1111 0.4258 0.0306 0.0172
0 0.1597 0.4422 0.0417 0.0234
0 0.2431 0.4523 0.0319 0.0203
0 0.1583 0.5453 0.0208 0.0125
0 0.2069 0.5312 0.0333 0.0164
0 0.2375 0.5422 0.0306 0.0172
0 0.2819 0.5617 0.0278 0.018
0 0.3944 0.5453 0.0319 0.0188
0 0.7319 0.0812 0.0194 0.0203
0 0.7681 0.0844 0.0306 0.0188
0 0.7444 0.0969 0.0236 0.0211
0 0.7861 0.1023 0.0278 0.0125
0 0.775 0.1969 0.0542 0.0359
0 0.6056 0.1727 0.05 0.0328
0 0.6806 0.1836 0.0347 0.0242
0 0.5569 0.1844 0.0458 0.0297
0 0.5972 0.2039 0.0431 0.0258
0 0.0778 0.3656 0.0361 0.0148
0 0.1736 0.3359 0.0222 0.0094
0 0.2472 0.3562 0.0389 0.018
0 0.2069 0.4242 0.0167 0.0117
0 0.4986 0.2414 0.0444 0.0258
0 0.5444 0.2469 0.0542 0.0273
0 0.0833 0.3414 0.0236 0.0156
0 0.3292 0.2836 0.0292 0.0172
0 0.3153 0.2867 0.0222 0.0172
0 0.3444 0.275 0.0181 0.0094
0 0.3708 0.2875 0.0264 0.0164
0 0.3958 0.2898 0.0333 0.0211
0 0.4389 0.2734 0.0319 0.0203
0 0.4347 0.2867 0.0292 0.0172
0 0.6014 0.2461 0.0431 0.025
0 0.6542 0.2508 0.0458 0.0234
0 0.5931 0.2734 0.0444 0.0234
0 0.4917 0.3031 0.0278 0.0172
0 0.5597 0.2805 0.0292 0.0227
0 0.6028 0.2891 0.0472 0.0227
0 0.7861 0.7422 0.0236 0.018
0 0.5986 0.6156 0.0292 0.0141
0 0.6097 0.6328 0.0139 0.0164
0 0.7028 0.6578 0.0236 0.0156
0 0.7972 0.7586 0.0319 0.0109
0 0.8514 0.7289 0.0278 0.0172
0 0.9194 0.6398 0.0472 0.0227
0 0.2653 0.393 0.0167 0.0156
0 0.6486 0.2977 0.0403 0.0211
0 0.6847 0.3172 0.0375 0.0227
0 0.9167 0.2672 0.0528 0.0297
0 0.8875 0.3141 0.0514 0.0266
0 0.8681 0.3328 0.0361 0.0219
0 0.9833 0.2195 0.0264 0.0188
0 0.9806 0.2523 0.0333 0.0273
0 0.9806 0.3367 0.0361 0.0273
0 0.7264 0.6102 0.0194 0.0156
0 0.2903 0.4773 0.0361 0.0227
0 0.3236 0.4711 0.0486 0.0203
0 0.3778 0.457 0.0486 0.0281
0 0.4972 0.4086 0.0569 0.025
0 0.5444 0.4383 0.0514 0.0297
0 0.4875 0.5117 0.0417 0.0242
0 0.5486 0.5133 0.0264 0.0148
0 0.6736 0.443 0.0361 0.0195
0 0.7542 0.4586 0.0278 0.0156
0 0.6 0.532 0.05 0.0266
0 0.6778 0.5242 0.0528 0.025
0 0.7319 0.5578 0.0486 0.0234
0 0.85 0.4633 0.0319 0.0172
0 0.8653 0.5195 0.0542 0.0242
0 0.8306 0.5438 0.0389 0.0227
0 0.8514 0.5578 0.0458 0.0242
0 0.75 0.5891 0.0417 0.0195
0 0.1361 0.3703 0.025 0.0188
0 0.4167 0.1391 0.0292 0.0172
0 0.4389 0.1438 0.0333 0.0188
0 0.5236 0.2109 0.0486 0.032
0 0.5014 0.2609 0.0403 0.0156
0 0.0847 0.318 0.0444 0.0242
0 0.1875 0.3648 0.0222 0.0148
0 0.2931 0.4148 0.0569 0.0297
0 0.3361 0.3844 0.0375 0.0195
0 0.3764 0.3883 0.0125 0.0125
0 0.4139 0.4094 0.0389 0.0117
0 0.4736 0.4227 0.0278 0.0172
0 0.9806 0.6758 0.0278 0.0078
0 0.6097 0.4812 0.0194 0.0141
0 0.6667 0.4984 0.0264 0.0117
