0 0.6556 0.1047 0.0542 0.0289
0 0.5958 0.1164 0.0222 0.0203
0 0.6597 0.1383 0.0569 0.0312
0 0.7431 0.1406 0.0514 0.025
0 0.6139 0.2008 0.0542 0.0352
0 0.7736 0.1805 0.0181 0.0086
0 0.7319 0.2477 0.0306 0.0172
0 0.7528 0.2695 0.0278 0.018
0 0.5569 0.2852 0.0597 0.0305
0 0.5194 0.3227 0.0486 0.0297
0 0.4986 0.3281 0.0431 0.0266
0 0.5486 0.3188 0.0403 0.032
0 0.8028 0.2812 0.0181 0.0234
0 0.9014 0.4266 0.0569 0.0344
0 0.6347 0.4664 0.0569 0.0273
0 0.675 0.4805 0.0417 0.0211
0 0.6292 0.4289 0.0361 0.0273
0 0.6611 0.4312 0.0278 0.007
0 0.8639 0.4992 0.0722 0.0352
0 0.9639 0.5578 0.0542 0.0312
0 0.8306 0.5219 0.0458 0.0211
0 0.6319 0.5094 0.0583 0.0227
0 0.6792 0.5352 0.0542 0.0195
0 0.7083 0.5469 0.0403 0.018
0 0.6208 0.5906 0.0639 0.0344
0 0.7944 0.6062 0.0528 0.0344
0 0.8472 0.6227 0.0556 0.0328
0 0.8917 0.6414 0.0444 0.0281
0 0.8486 0.6672 0.0528 0.0297
0 0.9069 0.6797 0.0514 0.032
0 0.9472 0.6914 0.0597 0.0258
0 0.8153 0.6891 0.0333 0.0164
0 0.4833 0.6242 0.0514 0.0266
0 0.6236 0.6531 0.0333 0.0109
0 0.4361 0.7383 0.0583 0.0297
0 0.85 0.7891 0.0458 0.0297
0 0.8931 0.8078 0.0514 0.0281
0 0.8611 0.5766 0.0347 0.0188
0 0.7778 0.5617 0.0194 0.0141
0 0.5847 0.4703 0.0333 0.025
0 0.5431 0.5023 0.0403 0.0164
0 0.5681 0.4875 0.0444 0.0242
0 0.5514 0.5672 0.0347 0.0117
0 0.0139 0.2625 0.0264 0.0273
0 0.0125 0.293 0.0181 0.0234
0 0.6833 0.6523 0.0403 0.0133
0 0.2986 0.7781 0.0583 0.025
0 0.0861 0.5117 0.0403 0.0195
0 0.0708 0.4594 0.0681 0.032
