0 0.4917 0.4898 0.0361 0.0242
0 0.5472 0.5148 0.0542 0.0258
0 0.4972 0.5195 0.0278 0.018
0 0.4583 0.5492 0.0375 0.0188
0 0.4514 0.6078 0.0472 0.0164
0 0.5236 0.6258 0.0528 0.0258
0 0.3542 0.6438 0.0292 0.0203
0 0.4236 0.6617 0.0319 0.0164
0 0.5472 0.6656 0.0347 0.0234
0 0.4333 0.6344 0.0181 0.0086
0 0.8514 0.6836 0.0444 0.0266
0 0.8111 0.7125 0.0361 0.0234
0 0.6569 0.6766 0.0403 0.0156
0 0.6319 0.7281 0.0361 0.0148
0 0.9778 0.2641 0.0403 0.0297
0 0.9875 0.6016 0.0222 0.025
0 0.9236 0.6531 0.0347 0.0148
0 0.9736 0.6664 0.0292 0.0203
0 0.9833 0.7016 0.0306 0.0203
0 0.9861 0.7352 0.025 0.0156
0 0.4736 0.6602 0.0306 0.0211
