0 0.3528 0.0133 0.0625 0.0211
0 0.2917 0.1336 0.0681 0.0398
0 0.4028 0.1023 0.0625 0.0391
0 0.4264 0.143 0.0472 0.0344
0 0.4792 0.1336 0.0417 0.0305
0 0.4792 0.1758 0.0375 0.0273
0 0.5264 0.2641 0.0569 0.0375
0 0.3028 0.2164 0.0528 0.0359
0 0.3417 0.2844 0.0556 0.0289
0 0.1417 0.2688 0.0681 0.0312
0 0.1458 0.2398 0.0625 0.0227
0 0.1972 0.2781 0.0667 0.0406
0 0.1042 0.3227 0.0528 0.0328
0 0.4403 0.2789 0.0639 0.0328
0 0.2931 0.2531 0.0472 0.0289
0 0.3583 0.4367 0.0431 0.0227
0 0.2667 0.4484 0.0569 0.0305
0 0.0944 0.4711 0.0472 0.0328
0 0.1847 0.5023 0.0694 0.0328
0 0.4944 0.5539 0.0569 0.032
0 0.2861 0.6164 0.075 0.0391
0 0.5583 0.7383 0.05 0.0281
0 0.8681 0.3859 0.0708 0.0414
0 0.9514 0.3977 0.075 0.0344
0 0.9847 0.2727 0.025 0.0258
0 0.6347 0.7719 0.075 0.0336
0 0.3042 0.3484 0.0444 0.0148
0 0.5792 0.4742 0.0583 0.0336
0 0.3764 0.4977 0.0375 0.0219
0 0.4333 0.4688 0.0556 0.018
0 0.4681 0.5352 0.0431 0.0117
0 0.5056 0.4586 0.0375 0.0133
0 0.3375 0.6477 0.0292 0.0281
0 0.9736 0.2398 0.05 0.0289
0 0.9528 0.2062 0.0208 0.0109
0 0.3625 0.2258 0.025 0.0234
0 0.3917 0.3086 0.0167 0.0203
0 0.1708 0.3258 0.0417 0.0211
0 0.1972 0.3109 0.0569 0.0227
0 0.2292 0.325 0.0194 0.0164
0 0.5069 0.3797 0.0181 0.0172
0 0.5097 0.3469 0.0306 0.0211
0 0.2389 0.4742 0.0194 0.0203
0 0.3722 0.6188 0.0611 0.0312
0 0.4694 0.5766 0.0292 0.0234
0 0.4861 0.7172 0.0597 0.0242
0 0.2889 0.743 0.0292 0.0156
