0 0.3681 0.0531 0.0444 0.0195
0 0.4181 0.057 0.0333 0.0297
0 0.3486 0.0844 0.0556 0.0328
0 0.4194 0.0867 0.0403 0.0297
0 0.2292 0.1203 0.0542 0.0219
0 0.2417 0.1609 0.05 0.0359
0 0.2653 0.2023 0.0542 0.0305
0 0.2694 0.2219 0.0292 0.0164
0 0.2264 0.2273 0.0611 0.025
0 0.4417 0.1664 0.0389 0.0289
0 0.3486 0.2508 0.0458 0.0211
0 0.4667 0.2719 0.0431 0.0312
0 0.5056 0.2797 0.0514 0.0289
0 0.8833 0.2289 0.0444 0.0227
0 0.8903 0.25 0.0444 0.0227
0 0.9292 0.2594 0.0417 0.0172
0 0.0694 0.3859 0.0639 0.0297
0 0.1306 0.4367 0.0542 0.0312
0 0.2125 0.4453 0.0653 0.0273
0 0.1875 0.4688 0.0389 0.0211
0 0.225 0.4758 0.0417 0.0195
0 0.3306 0.3836 0.0431 0.0281
0 0.375 0.3883 0.0458 0.0211
0 0.3278 0.4438 0.05 0.0234
0 0.3597 0.4625 0.0556 0.0305
0 0.3986 0.4688 0.05 0.0219
0 0.4333 0.4742 0.0486 0.0289
0 0.3903 0.4836 0.0375 0.0133
0 0.2736 0.5234 0.0556 0.0273
0 0.5222 0.4828 0.0389 0.0227
0 0.5514 0.4703 0.0375 0.0195
0 0.8958 0.382 0.0528 0.0297
0 0.9389 0.3992 0.0514 0.0289
0 0.9833 0.5195 0.0292 0.0297
0 0.6208 0.5234 0.0319 0.0117
0 0.3611 0.5906 0.0556 0.0312
0 0.2181 0.5594 0.05 0.0281
0 0.1333 0.6359 0.0458 0.0234
0 0.3208 0.6039 0.0694 0.0281
0 0.2139 0.5758 0.0472 0.0219
0 0.2556 0.5672 0.0264 0.0195
0 0.4153 0.718 0.0583 0.0359
0 0.45 0.7727 0.0611 0.0273
0 0.3958 0.118 0.0236 0.0156
0 0.0833 0.4133 0.0444 0.0133
0 0.8903 0.2695 0.0278 0.0133
0 0.1514 0.1883 0.0389 0.0273
0 0.9806 0.4 0.0347 0.025
0 0.2542 0.4945 0.0194 0.0164
0 0.3097 0.4773 0.0097 0.018
