0 0.1708 0.2227 0.0319 0.018
0 0.0444 0.2039 0.0417 0.0188
0 0.1 0.2977 0.0319 0.0172
0 0.0778 0.2828 0.0319 0.0133
0 0.0722 0.2961 0.0181 0.0125
0 0.025 0.3336 0.0236 0.0141
0 0.15 0.5227 0.025 0.0156
0 0.3861 0.3414 0.0319 0.0211
0 0.2611 0.3398 0.0236 0.0125
0 0.2583 0.3922 0.0236 0.0094
0 0.5222 0.4539 0.0208 0.0156
0 0.3347 0.3586 0.0264 0.0133
0 0.3778 0.3641 0.0306 0.0164
0 0.3319 0.3406 0.0264 0.0117
0 0.3097 0.318 0.0347 0.0133
0 0.2375 0.2758 0.0236 0.0125
0 0.1833 0.482 0.0333 0.0141
0 0.1694 0.4758 0.0181 0.0094
0 0.2764 0.2391 0.0236 0.0117
0 0.5944 0.4266 0.0194 0.007
0 0.5153 0.4258 0.0194 0.0102
0 0.4208 0.4211 0.025 0.007
0 0.6292 0.393 0.0278 0.0164
0 0.4722 0.3664 0.0222 0.0117
0 0.1 0.3688 0.0236 0.0117
0 0.1431 0.5117 0.0222 0.0141
0 0.1875 0.4922 0.0292 0.0141
0 0.1625 0.5281 0.0292 0.0188
0 0.4625 0.4719 0.0167 0.0109
0 0.3639 0.3039 0.0292 0.0133
0 0.6014 0.3906 0.0222 0.0102
0 0.0653 0.4781 0.0292 0.0211
