0 0.5014 0.6258 0.0431 0.0188
0 0.3694 0.6148 0.0458 0.0219
0 0.2181 0.6016 0.0528 0.0297
0 0.5861 0.5375 0.0431 0.0227
0 0.2514 0.5297 0.025 0.0266
0 0.4153 0.5039 0.0431 0.0266
0 0.525 0.5078 0.0403 0.0227
0 0.4917 0.5195 0.0264 0.0188
0 0.2319 0.5711 0.0333 0.0211
0 0.3889 0.5102 0.0292 0.0172
0 0.1139 0.4383 0.0278 0.0141
0 0.1389 0.4492 0.0208 0.0102
0 0.5958 0.4945 0.0306 0.0203
0 0.6264 0.4609 0.0431 0.0266
0 0.5611 0.4438 0.0333 0.0188
0 0.4778 0.4125 0.0208 0.0094
0 0.0861 0.3609 0.0278 0.0094
0 0.4792 0.4273 0.025 0.0062
0 0.5306 0.3328 0.0444 0.0133
0 0.5486 0.2852 0.0403 0.0219
0 0.5306 0.2688 0.0361 0.0219
0 0.3625 0.1398 0.0319 0.0219
0 0.3903 0.1219 0.0264 0.0164
0 0.3139 0.425 0.0139 0.0086
0 0.4681 0.1234 0.0319 0.0133
0 0.2236 0.5398 0.0125 0.0102
