0 0.3778 0.5414 0.0514 0.025
0 0.55 0.5156 0.0417 0.0227
0 0.6181 0.5148 0.05 0.0234
0 0.7431 0.5359 0.0431 0.0258
0 0.65 0.4758 0.0431 0.0227
0 0.3236 0.518 0.0444 0.0242
0 0.0903 0.582 0.05 0.0266
0 0.3139 0.4898 0.0458 0.0273
0 0.1333 0.3906 0.0361 0.0234
0 0.2611 0.3938 0.0278 0.0141
0 0.5361 0.3445 0.0389 0.0188
0 0.5847 0.4055 0.0417 0.0203
0 0.7153 0.3273 0.0361 0.0195
0 0.0681 0.0695 0.0375 0.0219
0 0.0417 0.0953 0.0319 0.018
0 0.0139 0.093 0.0153 0.018
0 0.0319 0.1227 0.0292 0.0148
0 0.0417 0.15 0.0361 0.0188
0 0.1083 0.1453 0.0375 0.0242
0 0.1403 0.1766 0.0333 0.0211
0 0.1917 0.1461 0.0306 0.0195
0 0.2278 0.1547 0.0431 0.0219
0 0.2194 0.1109 0.0403 0.0203
0 0.3319 0.1828 0.0389 0.0219
0 0.3014 0.1875 0.0306 0.018
0 0.3472 0.2055 0.0306 0.0219
0 0.1417 0.2164 0.0292 0.0195
0 0.0833 0.1398 0.0292 0.0219
0 0.075 0.1172 0.0236 0.0156
0 0.0139 0.2031 0.025 0.018
0 0.1486 0.3094 0.0417 0.0141
0 0.1333 0.3445 0.0292 0.0188
0 0.2958 0.1594 0.0306 0.0211
0 0.2458 0.1352 0.0347 0.0164
0 0.5847 0.3453 0.0306 0.0164
0 0.175 0.3578 0.0403 0.0227
0 0.2264 0.393 0.0347 0.0172
0 0.0292 0.6141 0.0431 0.0211
0 0.5292 0.5242 0.0444 0.0242
0 0.1431 0.1445 0.0236 0.0141
0 0.3639 0.3258 0.025 0.0117
0 0.3667 0.3398 0.0167 0.0078
0 0.1 0.3641 0.0306 0.0117
0 0.8306 0.5047 0.0458 0.0281
0 0.5653 0.3852 0.0306 0.0102
0 0.2556 0.2016 0.0278 0.0164
0 0.075 0.2484 0.0236 0.0109
0 0.05 0.1938 0.0306 0.018
0 0.3319 0.1391 0.0264 0.0203
0 0.4014 0.2016 0.0222 0.0148
0 0.0514 0.232 0.0306 0.0141
0 0.3125 0.3125 0.0333 0.0188
0 0.3278 0.3289 0.0208 0.0141
0 0.2028 0.3781 0.0264 0.0086
0 0.1708 0.3789 0.0208 0.0086
0 0.1778 0.4289 0.025 0.0156
0 0.2208 0.4336 0.0403 0.0164
0 0.5333 0.4289 0.0306 0.0156
0 0.6667 0.3891 0.0278 0.0164
0 0.6625 0.4078 0.0278 0.0133
0 0.6764 0.4117 0.0292 0.0117
0 0.7167 0.4062 0.0194 0.0125
0 0.0514 0.5859 0.0444 0.0266
0 0.7097 0.5398 0.0264 0.0266
0 0.3597 0.2812 0.0389 0.0172
