0 0.5431 0.1805 0.0431 0.0242
0 0.4625 0.2016 0.0347 0.0258
0 0.3931 0.2016 0.0181 0.0086
0 0.4222 0.2203 0.0181 0.0109
0 0.4417 0.2172 0.0153 0.0094
0 0.4278 0.2672 0.0389 0.0266
0 0.4569 0.2633 0.0319 0.025
0 0.5389 0.2555 0.0278 0.0203
0 0.4417 0.3047 0.0514 0.0297
0 0.55 0.3078 0.0361 0.025
0 0.3708 0.307 0.0431 0.0258
0 0.4028 0.3406 0.0403 0.0227
0 0.5236 0.3352 0.0403 0.0219
0 0.4319 0.3453 0.0181 0.0109
0 0.3708 0.3695 0.0514 0.0242
0 0.3306 0.3836 0.0403 0.0148
0 0.4972 0.3922 0.0569 0.0297
0 0.5069 0.418 0.0389 0.0219
0 0.6097 0.4281 0.0431 0.0227
0 0.3514 0.4016 0.0306 0.0164
0 0.4375 0.4438 0.0458 0.0258
0 0.55 0.4648 0.0417 0.0234
0 0.5139 0.4719 0.0319 0.0188
0 0.3306 0.4414 0.0361 0.0164
0 0.3167 0.4703 0.0319 0.0273
0 0.3986 0.4758 0.0444 0.0195
0 0.3014 0.4781 0.0153 0.0078
0 0.3139 0.4523 0.0181 0.0078
0 0.4347 0.5102 0.0389 0.0203
0 0.4431 0.5297 0.0306 0.0203
0 0.7139 0.5172 0.0375 0.0234
0 0.7069 0.5555 0.0319 0.0164
0 0.6375 0.5852 0.0417 0.0133
0 0.4542 0.55 0.0333 0.0234
0 0.5375 0.6078 0.0444 0.0273
0 0.6958 0.6102 0.0389 0.0148
0 0.3944 0.7055 0.0347 0.0219
0 0.8153 0.6078 0.0375 0.0242
0 0.3917 0.693 0.0222 0.0125
0 0.4708 0.3508 0.0403 0.0195
0 0.4931 0.2172 0.0264 0.0164
0 0.6167 0.4984 0.0292 0.0148
0 0.6514 0.5484 0.0333 0.018
0 0.7514 0.507 0.0278 0.0133
0 0.65 0.6352 0.025 0.0195
0 0.5958 0.5945 0.025 0.0148
0 0.4083 0.4555 0.0389 0.0117
0 0.3778 0.4828 0.0333 0.0188
0 0.4042 0.7328 0.0153 0.0164
0 0.4722 0.7031 0.0194 0.0172
0 0.5014 0.7031 0.0222 0.0109
0 0.5875 0.743 0.0222 0.0141
0 0.5833 0.8094 0.0458 0.0312
