0 0.4875 0.0836 0.0292 0.025
0 0.4486 0.0875 0.0292 0.0211
0 0.4306 0.0922 0.0306 0.0141
0 0.3972 0.1531 0.0486 0.0336
0 0.4194 0.1312 0.025 0.018
0 0.5 0.118 0.0403 0.0258
0 0.4917 0.1383 0.0514 0.032
0 0.5292 0.1422 0.0417 0.0305
0 0.5083 0.1711 0.025 0.0289
0 0.3653 0.1594 0.05 0.0297
0 0.3319 0.1789 0.0431 0.0227
0 0.5153 0.1969 0.0333 0.0273
0 0.5583 0.1914 0.0444 0.0266
0 0.4653 0.2406 0.0583 0.0289
0 0.3889 0.2086 0.025 0.0219
0 0.3333 0.2117 0.0389 0.0273
0 0.3333 0.2586 0.0236 0.0125
0 0.3931 0.2797 0.0361 0.0164
0 0.35 0.2883 0.0264 0.0266
0 0.3125 0.2828 0.0361 0.0164
0 0.4722 0.3031 0.0417 0.0344
0 0.4222 0.3117 0.0222 0.0141
0 0.5403 0.3195 0.025 0.0242
0 0.9833 0.3461 0.0306 0.0289
0 0.9208 0.4148 0.0597 0.0289
0 0.9778 0.4047 0.0181 0.0172
0 0.125 0.3453 0.0361 0.025
0 0.1417 0.3648 0.0542 0.0234
0 0.2347 0.3664 0.05 0.0148
0 0.0486 0.3852 0.0417 0.025
0 0.0403 0.4148 0.0403 0.0188
0 0.0236 0.4352 0.0375 0.0172
0 0.0944 0.407 0.0431 0.0195
0 0.1222 0.4266 0.0375 0.0195
0 0.1847 0.4109 0.0375 0.0117
0 0.1819 0.3844 0.0278 0.0148
0 0.1903 0.3742 0.0208 0.0227
0 0.3083 0.3812 0.05 0.0227
0 0.3486 0.3773 0.0347 0.0227
0 0.2042 0.4727 0.0514 0.0266
0 0.2653 0.4336 0.0417 0.025
0 0.3167 0.4336 0.0403 0.025
0 0.4069 0.4117 0.0417 0.0242
0 0.5361 0.4266 0.0403 0.0258
0 0.5653 0.4164 0.0458 0.0258
0 0.6403 0.4281 0.0389 0.0242
0 0.6375 0.407 0.0139 0.0102
0 0.6778 0.4078 0.0167 0.0133
0 0.6986 0.4414 0.0375 0.0188
0 0.2 0.5227 0.0347 0.0227
0 0.3375 0.4555 0.0347 0.0156
0 0.4792 0.4945 0.05 0.0227
0 0.6 0.4719 0.0236 0.0141
0 0.6431 0.5023 0.0472 0.0305
0 0.7139 0.5508 0.0389 0.0188
0 0.3444 0.5406 0.0278 0.0242
0 0.475 0.5445 0.0236 0.0109
0 0.1597 0.5836 0.0514 0.0289
0 0.1264 0.6141 0.0375 0.0227
0 0.0819 0.6812 0.0292 0.0188
0 0.0931 0.7367 0.0417 0.0164
0 0.0958 0.775 0.0486 0.0281
0 0.1292 0.7031 0.0333 0.032
0 0.1681 0.6539 0.0278 0.0188
0 0.2194 0.6641 0.0333 0.025
0 0.2861 0.6016 0.0458 0.0172
0 0.3431 0.5805 0.0486 0.0211
0 0.3986 0.593 0.0417 0.0266
0 0.3806 0.6445 0.0347 0.0219
0 0.4444 0.6547 0.0347 0.0258
0 0.5111 0.6648 0.0222 0.0234
0 0.5431 0.5789 0.0292 0.0141
0 0.8833 0.5992 0.0611 0.0289
0 0.9153 0.675 0.0389 0.0188
0 0.7931 0.6758 0.0486 0.0258
0 0.7083 0.6898 0.0222 0.0203
0 0.7194 0.7141 0.0458 0.0273
0 0.5139 0.7141 0.0347 0.0242
0 0.6069 0.6656 0.0389 0.0203
0 0.4972 0.4609 0.0319 0.0117
