0 0.6889 0.1602 0.0375 0.0266
0 0.7153 0.1461 0.0306 0.0172
0 0.8472 0.2875 0.0389 0.0219
0 0.8583 0.3031 0.0444 0.0203
0 0.8389 0.3492 0.0306 0.0109
0 0.7486 0.4414 0.0361 0.0164
0 0.7833 0.4422 0.0361 0.0133
0 0.8708 0.4547 0.0306 0.0164
0 0.9556 0.4742 0.0431 0.0266
0 0.8375 0.5172 0.0417 0.0242
0 0.7986 0.5289 0.0319 0.0211
0 0.9056 0.5484 0.0486 0.0273
0 0.7222 0.5125 0.0528 0.0273
0 0.6944 0.5211 0.0361 0.0156
0 0.6597 0.5242 0.0153 0.007
0 0.9014 0.5062 0.0278 0.0172
0 0.5639 0.5359 0.0458 0.0273
0 0.5514 0.5719 0.0264 0.0211
0 0.5417 0.6016 0.0472 0.0273
0 0.6806 0.6195 0.0431 0.0219
0 0.8194 0.6328 0.0431 0.0188
0 0.4986 0.5031 0.0208 0.0133
0 0.4292 0.4453 0.0333 0.0219
0 0.4486 0.4562 0.0292 0.0117
0 0.7986 0.1477 0.0222 0.0125
0 0.25 0.4883 0.0431 0.0227
0 0.1264 0.4258 0.0292 0.025
