0 0.5833 0.0562 0.0375 0.0281
0 0.6319 0.0859 0.0278 0.0219
0 0.6625 0.0844 0.0333 0.0266
0 0.7 0.0789 0.0347 0.0258
0 0.7667 0.0711 0.0375 0.0219
0 0.775 0.0891 0.05 0.0219
0 0.3431 0.1406 0.0431 0.0258
0 0.4222 0.132 0.0347 0.0242
0 0.3958 0.1508 0.0528 0.0297
0 0.4556 0.1727 0.05 0.025
0 0.5236 0.168 0.0361 0.0242
0 0.5556 0.1664 0.0292 0.025
0 0.6236 0.1539 0.0431 0.0273
0 0.4903 0.143 0.0458 0.0141
0 0.6944 0.1344 0.0292 0.0297
0 0.7403 0.0945 0.025 0.0195
0 0.5583 0.2219 0.0472 0.0258
0 0.5625 0.257 0.0361 0.0297
0 0.7375 0.2922 0.0458 0.0242
0 0.8306 0.3102 0.0458 0.0258
0 0.8764 0.2508 0.0389 0.0227
0 0.875 0.1078 0.0306 0.0195
0 0.6625 0.1414 0.0569 0.0297
0 0.5028 0.3102 0.0403 0.0219
0 0.5569 0.3109 0.0278 0.0234
0 0.6319 0.2969 0.0264 0.0188
0 0.6653 0.3117 0.0333 0.0148
0 0.6875 0.2258 0.0292 0.0219
0 0.825 0.3586 0.0389 0.025
0 0.5306 0.3688 0.0403 0.0258
0 0.3722 0.418 0.0417 0.0273
0 0.3278 0.525 0.0458 0.0258
0 0.825 0.5312 0.0514 0.0297
0 0.7514 0.55 0.0514 0.0203
0 0.1792 0.3633 0.0347 0.0234
0 0.3861 0.4516 0.0361 0.0219
0 0.4708 0.3883 0.0417 0.0234
0 0.7139 0.2711 0.025 0.0109
0 0.775 0.2695 0.0333 0.0125
0 0.3653 0.1914 0.0361 0.0211
0 0.3944 0.207 0.0347 0.0227
0 0.4306 0.2 0.0361 0.0211
0 0.3514 0.3523 0.0292 0.0195
0 0.3042 0.3117 0.0264 0.0141
0 0.1389 0.3195 0.0306 0.0148
0 0.1889 0.3375 0.0278 0.0164
0 0.2736 0.3195 0.0333 0.0133
0 0.0208 0.3945 0.0306 0.0203
0 0.0069 0.4047 0.0125 0.0195
0 0.2486 0.4062 0.0361 0.0133
0 0.1917 0.5328 0.0306 0.0219
0 0.2472 0.5305 0.0361 0.0195
0 0.2056 0.493 0.0347 0.0117
0 0.0153 0.4547 0.0222 0.0109
0 0.0569 0.493 0.0347 0.018
0 0.3431 0.4875 0.0264 0.0141
0 0.5472 0.5008 0.0389 0.0203
0 0.9083 0.5336 0.0375 0.0172
0 0.9681 0.5859 0.0597 0.0273
0 0.6431 0.4523 0.0347 0.0156
0 0.4583 0.4367 0.0361 0.018
0 0.8583 0.2914 0.0347 0.0203
0 0.6625 0.2891 0.0347 0.0219
0 0.6625 0.2578 0.0278 0.0234
0 0.5972 0.2961 0.0444 0.0211
0 0.8847 0.3555 0.0417 0.0164
0 0.8819 0.3227 0.0389 0.0188
0 0.6264 0.3156 0.0264 0.0133
0 0.6306 0.2672 0.0319 0.0242
0 0.9736 0.2602 0.0389 0.0219
0 0.9819 0.2195 0.0319 0.0219
0 0.9611 0.2383 0.0333 0.0141
0 0.9014 0.2039 0.0486 0.0211
0 0.7319 0.2023 0.025 0.0242
0 0.4417 0.1539 0.0444 0.0195
0 0.8028 0.1625 0.0181 0.0125
0 0.6542 0.2375 0.0375 0.0281
0 0.2806 0.4836 0.0333 0.0141
0 0.7931 0.3008 0.0306 0.0164
0 0.7889 0.318 0.0417 0.0195
0 0.7319 0.3453 0.0167 0.0086
0 0.7861 0.132 0.025 0.0125
