0 0.2722 0.5984 0.0444 0.0266
0 0.2264 0.6219 0.0347 0.018
0 0.2708 0.625 0.05 0.0273
0 0.7306 0.707 0.0569 0.0305
0 0.6944 0.675 0.0597 0.0367
0 0.6417 0.5375 0.0403 0.0273
0 0.6889 0.543 0.0431 0.0227
0 0.9514 0.5703 0.0542 0.0266
0 0.9139 0.5289 0.0472 0.0211
0 0.9472 0.5133 0.0375 0.0242
0 0.9903 0.4859 0.0167 0.0227
0 0.9042 0.4508 0.0514 0.0289
0 0.7625 0.4328 0.0444 0.0188
0 0.8194 0.4062 0.0528 0.0289
0 0.9194 0.3758 0.0458 0.0203
0 0.9806 0.3766 0.0319 0.0211
0 0.9542 0.3641 0.0347 0.0195
0 0.9292 0.2852 0.0417 0.0164
0 0.9264 0.3117 0.0292 0.018
0 0.8264 0.2766 0.0389 0.0281
0 0.7083 0.3055 0.0278 0.0141
0 0.7764 0.2883 0.0472 0.0242
0 0.7625 0.2281 0.0542 0.0328
0 0.8069 0.2023 0.0486 0.0273
0 0.7556 0.2008 0.0472 0.0203
0 0.8292 0.1805 0.0569 0.0289
0 0.7931 0.2555 0.0389 0.0156
0 0.7278 0.2719 0.0361 0.0148
0 0.9486 0.1766 0.0528 0.0227
0 0.9333 0.1477 0.0306 0.0102
0 0.8528 0.0711 0.0431 0.0312
0 0.7681 0.0312 0.0264 0.0109
0 0.7681 0.0055 0.0167 0.0102
0 0.5681 0.7117 0.0403 0.018
0 0.8236 0.2227 0.0653 0.0273
0 0.5903 0.3719 0.0208 0.0156
0 0.6278 0.3641 0.0167 0.0086
0 0.7208 0.4711 0.05 0.025
