0 0.2181 0.1875 0.0389 0.0219
0 0.1431 0.2688 0.0347 0.0164
0 0.1153 0.2531 0.0278 0.0203
0 0.1153 0.2672 0.0208 0.0117
0 0.4347 0.3453 0.0264 0.018
0 0.45 0.3195 0.0333 0.0211
0 0.3694 0.2945 0.0333 0.0156
0 0.4014 0.3203 0.025 0.0164
0 0.3778 0.3367 0.0306 0.0164
0 0.2861 0.3148 0.0236 0.0148
0 0.3444 0.3047 0.025 0.0148
0 0.3333 0.2086 0.0278 0.0156
0 0.0431 0.3078 0.0333 0.018
0 0.0556 0.35 0.0208 0.0117
0 0.5458 0.3492 0.0194 0.0148
0 0.1944 0.5188 0.0264 0.0164
0 0.2139 0.4734 0.0264 0.0172
0 0.0931 0.418 0.025 0.0141
0 0.0972 0.1625 0.0319 0.018
0 0.6542 0.3773 0.0194 0.0156
0 0.075 0.1547 0.025 0.0109
0 0.0236 0.3234 0.0361 0.0172
0 0.2806 0.243 0.0153 0.0117
0 0.425 0.2789 0.0319 0.0156
0 0.3694 0.3203 0.0389 0.0156
0 0.3208 0.3742 0.0222 0.0133
0 0.125 0.4703 0.0264 0.0211
0 0.2125 0.4531 0.0319 0.0219
0 0.5028 0.4633 0.0292 0.0125
0 0.6583 0.4398 0.0361 0.0156
0 0.1806 0.5047 0.0264 0.0172
0 0.2056 0.5227 0.0306 0.0211
0 0.3042 0.3984 0.0292 0.0125
0 0.4278 0.3164 0.0153 0.0133
