0 0.8333 0.1109 0.0542 0.0305
0 0.8236 0.0891 0.0458 0.0281
0 0.9514 0.1188 0.0569 0.0328
0 0.2292 0.1219 0.0333 0.0289
0 0.1736 0.1547 0.0444 0.0203
0 0.1917 0.1164 0.0319 0.0117
0 0.0653 0.2352 0.0458 0.0258
0 0.1486 0.1742 0.0236 0.025
0 0.2569 0.1781 0.0472 0.0273
0 0.1403 0.2492 0.0361 0.0195
0 0.2264 0.2164 0.0222 0.0164
0 0.2278 0.2898 0.0319 0.0172
0 0.7444 0.2102 0.0458 0.0211
0 0.7611 0.2211 0.0264 0.0117
0 0.7375 0.2461 0.0361 0.0242
0 0.7958 0.2375 0.0431 0.0305
0 0.4 0.3133 0.0417 0.0219
0 0.4139 0.3234 0.0431 0.0188
0 0.9181 0.3078 0.0417 0.0258
0 0.1986 0.3672 0.0472 0.0195
0 0.3167 0.3234 0.0236 0.0242
0 0.9306 0.2805 0.0347 0.0219
0 0.2597 0.4805 0.0458 0.0273
0 0.0472 0.4133 0.0222 0.0148
0 0.7417 0.4891 0.0444 0.0234
0 0.2167 0.5641 0.0278 0.0172
0 0.0917 0.4891 0.0208 0.0156
0 0.3708 0.3734 0.0361 0.025
0 0.4069 0.4336 0.0361 0.018
0 0.4611 0.4188 0.0417 0.0203
0 0.6986 0.3227 0.0306 0.0203
0 0.8181 0.3742 0.0375 0.0234
0 0.8528 0.3734 0.0472 0.0312
0 0.8694 0.3992 0.0319 0.0211
0 0.9069 0.4078 0.0333 0.0148
0 0.6819 0.3812 0.0375 0.0242
0 0.7375 0.6336 0.0458 0.0258
0 0.7111 0.5375 0.0264 0.0219
0 0.7181 0.3961 0.0278 0.0156
0 0.2486 0.3352 0.025 0.0125
0 0.7875 0.2008 0.0417 0.0289
0 0.8431 0.2273 0.0222 0.0164
0 0.9028 0.268 0.0208 0.0141
0 0.9778 0.3055 0.0222 0.0188
0 0.9569 0.3273 0.025 0.0086
0 0.0542 0.4484 0.0194 0.0141
0 0.9167 0.3891 0.0194 0.0141
0 0.0611 0.6688 0.0417 0.0234
0 0.9875 0.3719 0.0208 0.0211
