0 0.4417 0.593 0.0403 0.0234
0 0.4514 0.6195 0.0375 0.0227
0 0.4167 0.6148 0.0389 0.0164
0 0.2625 0.3727 0.0361 0.0125
0 0.9486 0.2078 0.05 0.0281
0 0.9597 0.2344 0.0556 0.0305
0 0.9861 0.2164 0.0208 0.0398
0 0.925 0.2766 0.05 0.0258
0 0.9 0.3023 0.0556 0.0258
0 0.975 0.2961 0.0444 0.032
0 0.775 0.3758 0.0417 0.0211
0 0.9528 0.4336 0.0472 0.0312
0 0.8375 0.5406 0.0472 0.0305
0 0.8833 0.5469 0.0444 0.0234
0 0.7194 0.7164 0.0417 0.0266
0 0.7472 0.7133 0.0361 0.025
0 0.9 0.6805 0.0667 0.0336
0 0.9347 0.7117 0.0611 0.032
0 0.9014 0.4719 0.0653 0.0305
0 0.2611 0.4836 0.0319 0.0125
0 0.9875 0.2578 0.0208 0.018
0 0.9347 0.4094 0.0208 0.0086
