0 0.6944 0.6828 0.0667 0.0406
0 0.1736 0.0578 0.0528 0.0312
0 0.0611 0.0828 0.0542 0.032
0 0.1306 0.1195 0.05 0.0273
0 0.1944 0.1117 0.0361 0.0258
0 0.0764 0.0367 0.05 0.025
0 0.1792 0.1695 0.0361 0.025
0 0.1431 0.2047 0.0403 0.0219
0 0.1444 0.1859 0.0417 0.0172
0 0.1389 0.168 0.0403 0.0211
0 0.4194 0.1977 0.0472 0.0289
0 0.2778 0.1547 0.0431 0.0227
0 0.3125 0.0898 0.0403 0.0242
0 0.2667 0.0922 0.0389 0.0266
0 0.2111 0.1898 0.0347 0.0211
0 0.1847 0.1859 0.0306 0.0148
0 0.3694 0.2547 0.0361 0.0188
0 0.2458 0.1891 0.0278 0.0133
0 0.0556 0.0125 0.0361 0.0234
0 0.1181 0.0086 0.0361 0.0133
0 0.2069 0.2805 0.0347 0.0148
0 0.7333 0.3492 0.0472 0.0227
0 0.8014 0.35 0.0542 0.0305
0 0.7667 0.3484 0.0236 0.0188
0 0.8917 0.4055 0.0403 0.0211
0 0.925 0.3805 0.0556 0.0258
0 0.9667 0.3977 0.0556 0.0297
0 0.6569 0.3906 0.025 0.0164
0 0.1583 0.493 0.0361 0.0164
0 0.1417 0.382 0.0306 0.0172
0 0.2639 0.6555 0.0486 0.0273
0 0.0542 0.6109 0.0431 0.0203
0 0.4583 0.5617 0.0403 0.0211
0 0.6486 0.2883 0.0389 0.0211
0 0.7 0.2977 0.0375 0.018
0 0.6944 0.3258 0.0472 0.0227
0 0.1167 0.2086 0.0333 0.0219
0 0.2958 0.3211 0.0375 0.0211
0 0.0375 0.4305 0.0278 0.018
0 0.0722 0.4305 0.0347 0.0188
0 0.7208 0.6039 0.0431 0.0289
0 0.4139 0.4961 0.0236 0.0156
0 0.1625 0.507 0.0278 0.0086
0 0.3958 0.1367 0.0236 0.0188
0 0.6042 0.2602 0.0361 0.0297
0 0.5986 0.2859 0.0306 0.0211
0 0.8903 0.5609 0.0417 0.0234
0 0.0167 0.0914 0.0306 0.0281
0 0.1375 0.1016 0.0389 0.0195
0 0.1528 0.0672 0.0444 0.025
0 0.0972 0.0492 0.0167 0.0227
0 0.4333 0.232 0.0417 0.0211
0 0.5778 0.3 0.0472 0.0211
0 0.6194 0.3391 0.0347 0.0164
0 0.5972 0.3523 0.0264 0.0156
0 0.0333 0.3812 0.0347 0.0203
0 0.0194 0.418 0.0347 0.0148
0 0.025 0.4344 0.025 0.0164
0 0.0556 0.3977 0.0264 0.0164
0 0.0181 0.4008 0.0306 0.0172
0 0.1917 0.4984 0.0278 0.0102
0 0.025 0.618 0.0403 0.0188
0 0.0125 0.6508 0.0264 0.0281
0 0.1069 0.6547 0.0236 0.0164
0 0.2194 0.6438 0.0431 0.0234
0 0.2431 0.6273 0.0375 0.0125
0 0.3139 0.65 0.0472 0.0211
0 0.3389 0.6336 0.0417 0.0266
0 0.5069 0.6 0.0458 0.0297
0 0.8958 0.6219 0.0292 0.018
0 0.8222 0.6094 0.0375 0.0234
0 0.7569 0.5852 0.025 0.0102
0 0.9764 0.6656 0.0264 0.018
0 0.9556 0.7055 0.0264 0.0125
0 0.7222 0.6742 0.0167 0.0203
0 0.4528 0.5008 0.0181 0.0133
0 0.8472 0.507 0.0431 0.0188
0 0.7861 0.4188 0.0333 0.0188
0 0.8153 0.4125 0.0264 0.0141
0 0.9431 0.5273 0.0292 0.0203
0 0.9819 0.5477 0.0236 0.0141
0 0.9375 0.5773 0.0153 0.0102
0 0.9875 0.5766 0.0181 0.0195
0 0.0375 0.468 0.0264 0.0164
0 0.2944 0.3453 0.0292 0.0203
0 0.2653 0.3445 0.0222 0.0102
0 0.375 0.4664 0.0236 0.0172
0 0.3583 0.4789 0.0111 0.0109
0 0.4069 0.4281 0.025 0.0148
0 0.5056 0.4492 0.0181 0.0172
0 0.4972 0.4578 0.025 0.0148
0 0.1056 0.3219 0.025 0.0117
0 0.1236 0.1586 0.0361 0.0211
0 0.3403 0.1484 0.0403 0.0164
0 0.6389 0.2445 0.0306 0.018
0 0.7486 0.2922 0.0153 0.0164
0 0.7167 0.2734 0.0194 0.0188
0 0.2944 0.2766 0.0222 0.0172
0 0.2417 0.2789 0.0278 0.0164
0 0.7444 0.3906 0.0167 0.0203
0 0.8153 0.3938 0.025 0.0164
0 0.3639 0.3172 0.0319 0.018
0 0.5597 0.4484 0.0111 0.0133
0 0.5569 0.432 0.0153 0.0156
0 0.7722 0.5164 0.0306 0.018
0 0.0972 0.4258 0.0167 0.0148
0 0.1958 0.25 0.0236 0.0141
