0 0.575 0.1234 0.0375 0.0188
0 0.6306 0.1102 0.0569 0.0258
0 0.6375 0.1453 0.0611 0.0312
0 0.7208 0.1508 0.0472 0.0227
0 0.5931 0.2062 0.0569 0.0359
0 0.5292 0.2898 0.0431 0.0328
0 0.4931 0.325 0.0417 0.0328
0 0.5292 0.3234 0.0361 0.0305
0 0.475 0.3297 0.0389 0.0266
0 0.7194 0.2766 0.0292 0.018
0 0.7069 0.2492 0.0194 0.0148
0 0.8694 0.4336 0.0542 0.0359
0 0.6167 0.4359 0.0528 0.025
0 0.6056 0.4711 0.0639 0.0242
0 0.6417 0.4836 0.0444 0.0234
0 0.5403 0.4719 0.0639 0.0242
0 0.5333 0.4914 0.0361 0.0203
0 0.5125 0.5055 0.0389 0.0188
0 0.8194 0.5031 0.0625 0.0344
0 0.9236 0.5602 0.0597 0.0359
0 0.6014 0.5141 0.0569 0.0234
0 0.6431 0.5359 0.0597 0.0188
0 0.6708 0.5539 0.0389 0.0234
0 0.5833 0.5914 0.0569 0.0328
0 0.4528 0.6273 0.0542 0.0328
0 0.3917 0.7375 0.0417 0.032
0 0.8347 0.8102 0.0347 0.0227
0 0.7972 0.7938 0.0486 0.0312
0 0.9 0.693 0.0625 0.0305
0 0.8514 0.6891 0.0458 0.0242
0 0.7708 0.6906 0.0292 0.018
0 0.8014 0.668 0.0556 0.0305
0 0.8486 0.6438 0.0417 0.0266
0 0.7944 0.6273 0.0361 0.0344
0 0.7528 0.607 0.05 0.032
0 0.8139 0.582 0.0389 0.0211
0 0.0069 0.2602 0.0111 0.0258
0 0.7903 0.5289 0.05 0.0164
0 0.9833 0.8039 0.0264 0.0367
0 0.2639 0.7742 0.0542 0.0281
0 0.5833 0.6547 0.0333 0.0125
0 0.6444 0.6523 0.0403 0.0148
0 0.0444 0.4539 0.0597 0.0305
0 0.0597 0.5086 0.0458 0.0188
