0 0.1847 0.4578 0.0375 0.0297
0 0.2069 0.4617 0.0167 0.0219
0 0.2375 0.4578 0.0458 0.0281
0 0.2681 0.4727 0.0486 0.0281
0 0.3139 0.4852 0.0417 0.0266
0 0.1639 0.5258 0.0333 0.0234
0 0.2847 0.5133 0.0292 0.0188
0 0.3056 0.518 0.0222 0.0133
0 0.0556 0.5875 0.0222 0.0156
0 0.1514 0.6008 0.0306 0.0148
0 0.1861 0.5906 0.0306 0.018
0 0.2153 0.6086 0.0486 0.0172
0 0.2875 0.6094 0.0417 0.0258
0 0.2944 0.6289 0.0278 0.018
0 0.3861 0.6234 0.0333 0.0156
0 0.1069 0.6617 0.0417 0.0266
0 0.2444 0.6531 0.0458 0.0164
0 0.2139 0.668 0.0208 0.0148
0 0.3361 0.7188 0.0375 0.0266
0 0.3972 0.7852 0.0375 0.0203
0 0.4486 0.7727 0.0389 0.0203
0 0.9931 0.4625 0.0111 0.0211
0 0.9944 0.5 0.0083 0.0234
0 0.9653 0.5281 0.0444 0.0211
0 0.9861 0.5344 0.025 0.0195
0 0.9181 0.5867 0.0486 0.0203
0 0.9861 0.6312 0.025 0.018
0 0.8944 0.6438 0.0375 0.0227
0 0.9431 0.6367 0.025 0.0094
0 0.8889 0.6117 0.0264 0.0125
0 0.8125 0.6227 0.0458 0.0312
