0 0.3083 0.2008 0.0264 0.0172
0 0.3319 0.2492 0.0375 0.0195
0 0.3625 0.282 0.0417 0.0195
0 0.2889 0.3172 0.0514 0.0281
0 0.2597 0.3195 0.0236 0.0242
0 0.3417 0.3594 0.0431 0.025
0 0.2528 0.3617 0.05 0.0203
0 0.4639 0.4602 0.05 0.0266
0 0.4778 0.5227 0.0542 0.0305
0 0.3847 0.5094 0.0361 0.0234
0 0.2653 0.5625 0.0333 0.025
0 0.2569 0.4859 0.0194 0.018
0 0.1556 0.5812 0.0556 0.0234
0 0.1639 0.6 0.05 0.0195
0 0.2125 0.6539 0.0472 0.0266
0 0.2139 0.6758 0.0361 0.018
0 0.1736 0.6836 0.0431 0.0258
0 0.2903 0.7102 0.0514 0.0344
0 0.1306 0.7227 0.0431 0.0234
0 0.0889 0.7406 0.0542 0.0289
0 0.1889 0.8039 0.0514 0.0242
0 0.0583 0.8773 0.0625 0.0383
0 0.6542 0.8188 0.0417 0.0227
0 0.6667 0.7867 0.0403 0.0312
0 0.7222 0.8133 0.0347 0.018
0 0.6236 0.7688 0.0292 0.0281
0 0.6111 0.8125 0.0236 0.0203
0 0.475 0.7781 0.0375 0.0156
0 0.4333 0.6281 0.0347 0.032
0 0.5375 0.6125 0.0417 0.0211
0 0.6014 0.5625 0.0417 0.0281
0 0.6722 0.5867 0.0417 0.0266
0 0.8875 0.9812 0.0639 0.0344
0 0.3097 0.4797 0.0403 0.0266
0 0.5569 0.4961 0.0236 0.0211
0 0.2764 0.7938 0.0333 0.0234
0 0.4556 0.8742 0.0458 0.0336
0 0.4556 0.9086 0.05 0.0359
0 0.9792 0.9203 0.0389 0.0164
0 0.9625 0.6938 0.0333 0.0117
0 0.9181 0.7383 0.0236 0.0125
0 0.9903 0.6602 0.0139 0.0188
0 0.4278 0.4812 0.0222 0.0117
0 0.9903 0.4633 0.0167 0.0117
