0 0.6917 0.2977 0.0444 0.025
0 0.8333 0.3172 0.0431 0.0258
0 0.8278 0.4391 0.0556 0.0195
0 0.8486 0.2703 0.0319 0.0242
0 0.8667 0.293 0.0472 0.025
0 0.5778 0.5086 0.0458 0.025
0 0.5417 0.4867 0.0417 0.0148
0 0.5319 0.5086 0.0417 0.0266
0 0.4319 0.5203 0.0319 0.0227
0 0.5333 0.443 0.0431 0.0188
0 0.4681 0.5664 0.0431 0.0289
0 0.9042 0.3086 0.0514 0.0258
0 0.7722 0.2844 0.025 0.0258
0 0.7222 0.3398 0.0417 0.0281
0 0.7514 0.3469 0.0403 0.0219
0 0.8194 0.4102 0.0361 0.0219
0 0.9153 0.443 0.0292 0.0188
0 0.9569 0.4133 0.0486 0.0289
0 0.3486 0.5164 0.0375 0.0219
0 0.4097 0.6 0.0403 0.0203
0 0.4306 0.618 0.0458 0.0227
0 0.4403 0.643 0.0458 0.0305
0 0.5292 0.5531 0.0444 0.0266
0 0.3097 0.568 0.0306 0.0141
0 0.0472 0.3844 0.0333 0.018
0 0.4681 0.4555 0.0375 0.0203
0 0.9528 0.4438 0.0375 0.0203
0 0.9194 0.4953 0.0319 0.0195
0 0.9569 0.5617 0.05 0.0164
0 0.5292 0.4688 0.0278 0.0156
0 0.9903 0.4344 0.0153 0.0125
0 0.7639 0.3062 0.0333 0.0227
0 0.225 0.4641 0.0417 0.0164
0 0.2708 0.4703 0.0264 0.0148
0 0.25 0.5508 0.0569 0.0203
0 0.1528 0.45 0.0236 0.0211
0 0.1389 0.4406 0.0153 0.0094
