0 0.2486 0.1055 0.0486 0.0258
0 0.2264 0.082 0.0375 0.0234
0 0.275 0.0641 0.0306 0.0336
0 0.3083 0.0602 0.0444 0.0289
0 0.2639 0.0289 0.0333 0.025
0 0.3278 0.0328 0.0458 0.0258
0 0.3597 0.0711 0.0486 0.0273
0 0.3861 0.0922 0.0472 0.0297
0 0.2958 0.0883 0.0431 0.0258
0 0.3472 0.1039 0.0444 0.0289
0 0.2903 0.0094 0.0264 0.0172
0 0.3181 0.007 0.0528 0.0133
0 0.35 0.0078 0.0292 0.0141
0 0.4681 0.1125 0.0694 0.0312
0 0.4903 0.1336 0.0722 0.0289
0 0.5125 0.1953 0.0639 0.0398
0 0.7833 0.0773 0.05 0.0352
0 0.7097 0.0406 0.0389 0.0258
0 0.9431 0.1445 0.0653 0.0391
0 0.8458 0.0141 0.05 0.0242
0 0.8194 0.0078 0.0472 0.0117
0 0.5333 0.3078 0.0556 0.0281
0 0.8847 0.2617 0.0653 0.0398
0 0.9681 0.2859 0.0597 0.0312
0 0.9736 0.3156 0.05 0.0234
0 0.9278 0.2289 0.0597 0.0297
0 0.3431 0.2688 0.0444 0.025
0 0.525 0.0516 0.05 0.0211
0 0.5278 0.032 0.0319 0.0164
0 0.8486 0.057 0.0472 0.0117
0 0.6167 0.3211 0.0583 0.0227
0 0.7736 0.2922 0.0458 0.025
0 0.9194 0.4375 0.0361 0.0203
0 0.3694 0.3688 0.0431 0.0242
0 0.3306 0.3664 0.0319 0.018
0 0.9694 0.3531 0.0472 0.0305
0 0.8875 0.4266 0.0264 0.018
0 0.8097 0.3281 0.0417 0.0195
0 0.7667 0.357 0.0472 0.0273
0 0.6653 0.4438 0.0319 0.0234
0 0.5958 0.5891 0.0611 0.0336
0 0.8944 0.4578 0.0333 0.0141
0 0.275 0.3938 0.0375 0.0219
0 0.1639 0.4477 0.0403 0.0195
0 0.7403 0.5852 0.0681 0.0414
0 0.8778 0.6445 0.1111 0.0539
0 0.4792 0.618 0.0903 0.0547
0 0.5917 0.6352 0.0431 0.05
0 0.5236 0.6445 0.0903 0.0461
0 0.0819 0.6555 0.0653 0.0297
0 0.4 0.7602 0.1014 0.0492
0 0.6667 0.768 0.0472 0.0367
0 0.4847 0.8719 0.0569 0.0484
0 0.5819 0.8578 0.0639 0.0422
0 0.8597 0.8938 0.05 0.0344
0 0.9125 0.8344 0.0917 0.0359
0 0.9111 0.8742 0.05 0.0359
0 0.1806 0.7953 0.025 0.0336
0 0.3486 0.768 0.0653 0.0359
0 0.575 0.4055 0.0264 0.0227
0 0.8972 0.0648 0.0542 0.0281
0 0.1167 0.4555 0.0458 0.0164
0 0.2125 0.3969 0.0292 0.018
0 0.25 0.4164 0.0167 0.0102
0 0.0167 0.3336 0.0236 0.0102
0 0.8 0.0969 0.0361 0.0227
