0 0.8125 0.007 0.0472 0.0125
0 0.6569 0.025 0.0389 0.0266
0 0.6708 0.1094 0.0403 0.0266
0 0.6944 0.1008 0.0361 0.0266
0 0.7597 0.0688 0.0361 0.0195
0 0.6139 0.1594 0.0458 0.0258
0 0.7583 0.1375 0.0444 0.0297
0 0.7222 0.1383 0.0264 0.0188
0 0.8042 0.0453 0.0278 0.0125
0 0.8181 0.1141 0.0583 0.043
0 0.9 0.2195 0.0444 0.0281
0 0.0736 0.2875 0.0486 0.0242
0 0.2389 0.293 0.0278 0.0172
0 0.2208 0.3062 0.0292 0.0164
0 0.5722 0.2 0.0167 0.0188
0 0.5847 0.2383 0.0319 0.0172
0 0.5819 0.2539 0.0264 0.0125
0 0.6583 0.2625 0.0472 0.0273
0 0.2 0.3461 0.0319 0.0227
0 0.6417 0.3133 0.0333 0.0188
0 0.6708 0.3297 0.0458 0.025
0 0.7986 0.2172 0.0375 0.0234
0 0.7181 0.2352 0.0375 0.0227
0 0.8833 0.3117 0.0417 0.0227
0 0.9139 0.3227 0.0361 0.0219
0 0.9931 0.2422 0.0097 0.0141
0 0.6181 0.3656 0.0472 0.0289
0 0.9903 0.3664 0.0153 0.0227
0 0.6194 0.3961 0.0597 0.0344
0 0.3389 0.4141 0.0361 0.0258
0 0.8764 0.4086 0.0472 0.018
0 0.3097 0.5102 0.0611 0.0312
0 0.5944 0.4273 0.0528 0.0266
0 0.6236 0.4797 0.0278 0.0164
0 0.9403 0.332 0.05 0.0156
0 0.5264 0.6586 0.0736 0.0406
0 0.2431 0.5719 0.0389 0.0211
0 0.9458 0.6859 0.0403 0.0172
0 0.9139 0.6391 0.0542 0.0133
0 0.1375 0.2664 0.0222 0.018
0 0.7764 0.0844 0.0167 0.0117
0 0.9361 0.2961 0.0292 0.0125
0 0.2431 0.4172 0.0208 0.0117
0 0.3556 0.3805 0.0514 0.0109
0 0.8792 0.6703 0.025 0.0172
0 0.7153 0.6305 0.0431 0.0195
0 0.9375 0.7023 0.0403 0.0172
0 0.5208 0.4789 0.0278 0.0195
0 0.5806 0.4578 0.0208 0.0102
