0 0.3472 0.2461 0.0514 0.0242
0 0.4028 0.2812 0.0528 0.0234
0 0.3417 0.2773 0.0486 0.0273
0 0.2361 0.3375 0.0556 0.0297
0 0.25 0.4125 0.0139 0.0148
0 0.2375 0.4531 0.0486 0.0242
0 0.4944 0.5484 0.0583 0.0328
0 0.4472 0.6211 0.0611 0.0328
0 0.3375 0.6344 0.0556 0.0266
0 0.5 0.6789 0.0444 0.0297
0 0.2389 0.7148 0.0611 0.0367
0 0.4194 0.7328 0.0542 0.032
0 0.4806 0.7266 0.0153 0.0109
0 0.3681 0.7477 0.0431 0.0234
0 0.2792 0.7805 0.0306 0.0227
0 0.3958 0.7773 0.0444 0.0203
0 0.425 0.7953 0.0208 0.0211
0 0.4625 0.7414 0.0347 0.018
0 0.5597 0.6312 0.0444 0.025
0 0.5097 0.8352 0.0472 0.0125
0 0.5694 0.943 0.0431 0.0281
0 0.4333 0.9297 0.0514 0.0281
0 0.9542 0.9109 0.0431 0.0203
0 0.3069 0.2625 0.0167 0.0133
0 0.2764 0.4539 0.0292 0.0094
0 0.4861 0.4023 0.05 0.0234
0 0.5333 0.4422 0.0194 0.0133
0 0.3639 0.55 0.0278 0.0242
0 0.3708 0.5891 0.0347 0.0227
0 0.6306 0.5539 0.0472 0.0211
0 0.6889 0.5641 0.0347 0.0172
0 0.5653 0.5703 0.0236 0.0234
0 0.3722 0.6594 0.0472 0.018
0 0.0819 0.7547 0.0583 0.0375
0 0.4306 0.825 0.0097 0.0062
0 0.4611 0.8227 0.0111 0.0133
0 0.5861 0.8539 0.0389 0.0211
0 0.4681 0.7805 0.0125 0.0125
0 0.5111 0.6438 0.0417 0.0219
0 0.5583 0.6781 0.0333 0.0188
0 0.6319 0.6828 0.0458 0.0305
0 0.3806 0.7094 0.0167 0.0125
0 0.3875 0.6844 0.0292 0.0219
0 0.4736 0.6672 0.0236 0.0203
0 0.6111 0.5734 0.0236 0.0102
0 0.0389 0.8609 0.0597 0.0336
0 0.4764 0.9484 0.05 0.0367
0 0.6181 0.9516 0.0278 0.032
0 0.6056 0.9898 0.0222 0.018
0 0.7514 0.9836 0.0403 0.0195
0 0.8375 0.9102 0.0778 0.0352
0 0.8625 0.9547 0.0431 0.0312
