0 0.5111 0.5719 0.0431 0.0312
0 0.5722 0.5672 0.0431 0.0195
0 0.6014 0.5867 0.0569 0.0281
0 0.6472 0.5961 0.0556 0.0227
0 0.6014 0.6273 0.05 0.0219
0 0.4944 0.7094 0.0514 0.0281
0 0.5319 0.7281 0.0556 0.0273
0 0.6125 0.7234 0.0319 0.0258
0 0.7028 0.7367 0.0403 0.0164
0 0.6097 0.7453 0.0194 0.018
0 0.5639 0.7719 0.0333 0.018
0 0.3833 0.7844 0.0444 0.025
0 0.7847 0.793 0.0444 0.0266
0 0.6778 0.8445 0.05 0.025
0 0.0236 0.5258 0.0458 0.0289
0 0.0569 0.5398 0.0389 0.0273
0 0.1222 0.5641 0.0375 0.0172
0 0.0819 0.5602 0.0403 0.0133
0 0.1 0.7148 0.0306 0.0172
0 0.1361 0.7109 0.0292 0.0172
0 0.4556 0.718 0.0361 0.0219
0 0.7889 0.9023 0.0556 0.0281
0 0.8528 0.8914 0.0528 0.0242
0 0.0139 0.7164 0.0264 0.0172
0 0.0222 0.7508 0.0347 0.0305
0 0.0597 0.7891 0.0417 0.0281
0 0.0208 0.7938 0.0361 0.0195
