0 0.6722 0.118 0.0361 0.0227
0 0.7042 0.1219 0.0278 0.0219
0 0.7264 0.1203 0.0222 0.0164
0 0.7472 0.1289 0.0264 0.0172
0 0.7403 0.0961 0.0153 0.0102
0 0.7722 0.1031 0.0333 0.0234
0 0.8083 0.0984 0.0361 0.025
0 0.8306 0.0719 0.0222 0.0211
0 0.8097 0.1227 0.0306 0.0203
0 0.8333 0.1242 0.0264 0.0148
0 0.8514 0.1477 0.0347 0.0219
0 0.8125 0.1711 0.0319 0.0164
0 0.8958 0.1227 0.0347 0.0203
0 0.9347 0.1234 0.0361 0.0188
0 0.9194 0.1625 0.0306 0.0156
0 0.0639 0.3219 0.0333 0.0211
0 0.0792 0.2211 0.0306 0.0156
0 0.0264 0.2695 0.025 0.0094
0 0.1097 0.2305 0.0153 0.0094
0 0.1278 0.2625 0.0514 0.0336
0 0.1792 0.2898 0.0528 0.032
0 0.1708 0.318 0.05 0.0258
0 0.3181 0.2602 0.0236 0.0125
0 0.3069 0.3008 0.0278 0.018
0 0.2556 0.3672 0.0569 0.0312
0 0.3597 0.3383 0.0278 0.0078
0 0.0583 0.5016 0.0222 0.0117
0 0.1431 0.4656 0.0375 0.0172
0 0.1056 0.5312 0.0278 0.0211
0 0.125 0.4969 0.0139 0.0102
0 0.1667 0.4812 0.0264 0.0125
0 0.0056 0.5953 0.0083 0.0125
0 0.0833 0.5812 0.0292 0.0164
0 0.0653 0.6008 0.0264 0.0141
0 0.125 0.6414 0.025 0.0172
0 0.175 0.5289 0.0264 0.0156
0 0.2722 0.4812 0.0208 0.0102
0 0.2583 0.5328 0.025 0.0148
0 0.2875 0.5305 0.0306 0.0148
0 0.3139 0.525 0.025 0.0164
0 0.3806 0.5859 0.0333 0.0141
0 0.3528 0.5227 0.025 0.0156
0 0.375 0.5203 0.0264 0.0125
0 0.3611 0.5516 0.0278 0.0148
0 0.5514 0.625 0.0181 0.0141
0 0.6347 0.5734 0.0347 0.018
0 0.5931 0.5523 0.0319 0.018
0 0.5639 0.5406 0.0222 0.0133
0 0.4889 0.5211 0.0514 0.0336
0 0.5306 0.543 0.0417 0.0227
0 0.4944 0.55 0.0236 0.0133
0 0.5333 0.332 0.0264 0.007
0 0.5542 0.3727 0.0264 0.0148
0 0.6319 0.3562 0.0403 0.0203
0 0.6542 0.3969 0.0333 0.0211
0 0.7347 0.3867 0.0319 0.0164
0 0.4819 0.4195 0.0306 0.0211
0 0.4736 0.4586 0.0306 0.0203
0 0.5181 0.4297 0.0583 0.0273
0 0.5639 0.4484 0.0458 0.0242
0 0.5806 0.4633 0.0208 0.0125
0 0.6514 0.4625 0.0472 0.0305
0 0.7764 0.5625 0.0333 0.0172
0 0.7083 0.4234 0.0556 0.0188
0 0.7153 0.4906 0.0472 0.0258
0 0.7597 0.4852 0.0472 0.0234
0 0.8208 0.4695 0.0528 0.0305
0 0.9944 0.6656 0.0069 0.0148
0 0.9389 0.5359 0.0542 0.025
0 0.9722 0.4188 0.0528 0.0391
0 0.9431 0.4406 0.0417 0.032
0 0.9333 0.4711 0.0333 0.0242
0 0.8653 0.4273 0.0542 0.0336
0 0.6944 0.2789 0.0222 0.0203
0 0.7139 0.2781 0.0347 0.0219
0 0.7458 0.2648 0.0472 0.0211
0 0.7569 0.2812 0.0236 0.0195
0 0.7903 0.2836 0.0319 0.0211
0 0.8486 0.2641 0.0403 0.0211
0 0.8361 0.2789 0.0347 0.0195
0 0.9028 0.2953 0.0333 0.0203
0 0.8944 0.3164 0.0347 0.018
0 0.9722 0.3453 0.0236 0.0156
0 0.9778 0.3242 0.0361 0.0227
0 0.9611 0.2297 0.0486 0.0344
0 0.9931 0.2289 0.0069 0.0258
0 0.9792 0.2727 0.0278 0.0242
0 0.2931 0.4195 0.0153 0.0125
0 0.3139 0.4156 0.0264 0.0148
0 0.9139 0.2508 0.0417 0.0219
0 0.9778 0.1898 0.0417 0.0391
0 0.0167 0.2438 0.0222 0.0148
0 0.0458 0.2414 0.025 0.0156
0 0.4472 0.368 0.0333 0.0172
0 0.0181 0.5266 0.0306 0.0156
0 0.1639 0.432 0.0236 0.0172
