0 0.5486 0.3148 0.0389 0.0227
0 0.525 0.2938 0.05 0.0273
0 0.5097 0.3133 0.0319 0.0172
0 0.3819 0.3547 0.0361 0.0227
0 0.2639 0.3703 0.0222 0.0125
0 0.1556 0.3508 0.0333 0.0195
0 0.2222 0.4211 0.025 0.0133
0 0.6167 0.3633 0.0333 0.0172
0 0.6931 0.3461 0.0389 0.0195
0 0.7986 0.3391 0.0472 0.0227
0 0.8611 0.3969 0.0389 0.0242
0 0.8875 0.3688 0.0361 0.0266
0 0.85 0.3695 0.0319 0.0188
0 0.7181 0.3648 0.0319 0.0211
0 0.6097 0.2859 0.0389 0.0195
0 0.6111 0.2164 0.0347 0.0148
0 0.475 0.1844 0.0389 0.0227
0 0.6139 0.6062 0.0361 0.0266
0 0.3667 0.5594 0.0236 0.025
0 0.8125 0.3633 0.0236 0.0148
0 0.2194 0.3922 0.0306 0.0141
0 0.7625 0.3867 0.0347 0.018
0 0.7597 0.3656 0.0361 0.0102
0 0.8569 0.3242 0.0347 0.0125
0 0.0708 0.368 0.0306 0.0156
0 0.0694 0.3531 0.0347 0.0133
0 0.0222 0.3328 0.0264 0.0117
0 0.0056 0.3891 0.0083 0.0164
0 0.2319 0.3734 0.0278 0.0117
0 0.2667 0.4141 0.025 0.0117
0 0.3444 0.407 0.0222 0.0125
0 0.5167 0.3891 0.0236 0.0141
0 0.5403 0.3891 0.0208 0.0172
0 0.0806 0.4461 0.0153 0.0141
0 0.3278 0.4773 0.0208 0.0141
0 0.5153 0.45 0.0292 0.0102
0 0.4917 0.4773 0.0222 0.0141
0 0.5778 0.5359 0.0347 0.0172
0 0.6028 0.5461 0.0264 0.0133
0 0.5875 0.5883 0.0319 0.0211
0 0.6667 0.5258 0.0417 0.0195
0 0.7514 0.3172 0.0375 0.0094
0 0.7361 0.3273 0.0153 0.0141
0 0.8278 0.3797 0.0208 0.0148
0 0.9861 0.4234 0.0236 0.0203
0 0.75 0.4367 0.0403 0.0148
0 0.6042 0.3477 0.0347 0.0141
0 0.7681 0.2352 0.0222 0.018
