0 0.4403 0.3516 0.0444 0.0227
0 0.3986 0.3609 0.0292 0.0148
0 0.4333 0.3789 0.0694 0.0211
0 0.5056 0.3859 0.0514 0.0266
0 0.3611 0.4359 0.0458 0.0242
0 0.3486 0.5031 0.0264 0.0219
0 0.3278 0.5367 0.0486 0.032
0 0.6194 0.6391 0.0528 0.0328
0 0.5722 0.7094 0.0569 0.0305
0 0.6431 0.7672 0.0431 0.0312
0 0.4264 0.7203 0.0569 0.0266
0 0.3597 0.8023 0.0514 0.0344
0 0.2097 0.8328 0.0528 0.0289
0 0.4611 0.8641 0.0472 0.0188
0 0.5361 0.8195 0.0528 0.0359
0 0.5611 0.8828 0.0389 0.0336
0 0.6472 0.9156 0.0528 0.0227
0 0.6042 0.9062 0.0375 0.0172
0 0.5792 0.8453 0.0569 0.05
0 0.7514 0.7656 0.0319 0.018
0 0.4417 0.6375 0.0264 0.0094
0 0.3639 0.5344 0.0319 0.0227
0 0.6847 0.6422 0.0431 0.0242
0 0.7292 0.65 0.0417 0.0188
0 0.4875 0.6859 0.0444 0.018
0 0.4653 0.643 0.025 0.0156
0 0.4403 0.675 0.0472 0.0242
0 0.4194 0.6953 0.025 0.0211
0 0.4653 0.7469 0.0417 0.0211
0 0.1611 0.9484 0.0528 0.0297
0 0.3806 0.8688 0.025 0.0203
0 0.4306 0.8336 0.0542 0.032
0 0.5986 0.8109 0.0236 0.0086
0 0.7167 0.9398 0.0333 0.0266
0 0.9444 0.9883 0.0472 0.0219
