0 0.0181 0.0297 0.0333 0.0258
0 0.0819 0.0531 0.0319 0.0281
0 0.0639 0.0766 0.0444 0.0281
0 0.0222 0.1109 0.0444 0.0281
0 0.0403 0.1359 0.0417 0.0234
0 0.0847 0.1352 0.0403 0.0227
0 0.1028 0.1031 0.0375 0.0219
0 0.1278 0.0508 0.0458 0.0203
0 0.1639 0.0578 0.0444 0.0242
0 0.0417 0.1867 0.0264 0.0164
0 0.1472 0.2148 0.0417 0.0188
0 0.2069 0.1602 0.0333 0.0242
0 0.0292 0.2492 0.0458 0.0234
0 0.0528 0.2852 0.0403 0.0227
0 0.1167 0.3141 0.0347 0.0219
0 0.1625 0.3414 0.0167 0.0109
0 0.0153 0.425 0.0306 0.0195
0 0.0208 0.4367 0.0417 0.0164
0 0.2264 0.5648 0.0194 0.0188
0 0.2264 0.6305 0.0306 0.0156
0 0.1333 0.6773 0.0542 0.0281
0 0.0611 0.7336 0.0347 0.0156
0 0.0847 0.818 0.0472 0.0289
0 0.2736 0.7156 0.05 0.0281
0 0.3931 0.5266 0.0139 0.007
0 0.4056 0.607 0.0306 0.018
0 0.5139 0.618 0.0375 0.0258
0 0.5194 0.6664 0.0542 0.0336
0 0.5875 0.6922 0.0569 0.0312
0 0.6403 0.7117 0.0694 0.0281
0 0.5736 0.7172 0.0472 0.0188
0 0.5986 0.7352 0.0444 0.0398
0 0.5375 0.7836 0.0597 0.0336
0 0.4667 0.7797 0.0472 0.0352
0 0.4722 0.743 0.0458 0.0273
0 0.7625 0.7328 0.0444 0.0242
0 0.8125 0.6891 0.0653 0.0398
0 0.95 0.6016 0.0444 0.0195
0 0.1292 0.2672 0.0375 0.0266
0 0.1722 0.2852 0.0319 0.0148
0 0.2069 0.2789 0.0458 0.0289
0 0.2389 0.2242 0.0583 0.0312
0 0.2861 0.2258 0.0444 0.0289
0 0.375 0.2742 0.0597 0.0336
0 0.4306 0.2266 0.0569 0.0305
0 0.4861 0.2812 0.0431 0.025
0 0.4514 0.282 0.0389 0.0266
0 0.5194 0.2914 0.0361 0.0195
0 0.8208 0.4398 0.0264 0.0102
0 0.8861 0.4312 0.0333 0.0195
0 0.7736 0.5133 0.0208 0.0133
0 0.4667 0.1414 0.0389 0.0344
0 0.3264 0.0789 0.0528 0.0344
0 0.3875 0.0648 0.0347 0.0188
0 0.3417 0.1539 0.0542 0.032
0 0.5056 0.15 0.0542 0.0367
0 0.5736 0.1602 0.0361 0.018
0 0.5125 0.093 0.0611 0.0352
0 0.575 0.043 0.0347 0.0227
0 0.5944 0.0305 0.0458 0.0242
0 0.6306 0.0344 0.0139 0.0242
0 0.6306 0.1555 0.0292 0.0172
0 0.7236 0.1375 0.0375 0.0195
0 0.6931 0.1617 0.0333 0.0172
0 0.7264 0.1625 0.0319 0.0164
0 0.6319 0.1734 0.0264 0.0141
0 0.6597 0.1773 0.0278 0.0164
0 0.725 0.0109 0.0375 0.0227
0 0.7972 0.0094 0.0458 0.0188
0 0.8903 0.0109 0.0417 0.0211
0 0.7583 0.0203 0.0222 0.0195
0 0.7125 0.0422 0.0431 0.0281
0 0.7542 0.05 0.0431 0.0273
0 0.725 0.0664 0.0389 0.0203
0 0.6917 0.0812 0.0347 0.0148
0 0.7458 0.0961 0.0361 0.0164
0 0.7903 0.0758 0.0417 0.025
0 0.9514 0.043 0.0375 0.0227
0 0.9264 0.0789 0.0417 0.0258
0 0.9236 0.1078 0.0375 0.0195
0 0.8069 0.1797 0.0417 0.0195
0 0.9819 0.1703 0.0319 0.0281
0 0.7569 0.2562 0.0333 0.0234
0 0.8514 0.282 0.0292 0.018
0 0.8472 0.3172 0.0472 0.0305
0 0.8153 0.3453 0.0486 0.0195
0 0.8361 0.3742 0.0292 0.0164
0 0.9306 0.2914 0.0569 0.0312
0 0.9556 0.3172 0.0597 0.0297
0 0.9764 0.3414 0.0417 0.0289
0 0.9667 0.382 0.0125 0.0141
0 0.9819 0.468 0.0292 0.0172
0 0.0083 0.1391 0.0181 0.0219
0 0.1486 0.0062 0.0319 0.0102
0 0.5431 0.1719 0.0347 0.0102
0 0.9833 0.1258 0.0236 0.0172
0 0.5264 0.5344 0.0292 0.0117
0 0.6708 0.6234 0.0181 0.0117
