0 0.7 0.5562 0.0611 0.0375
0 0.8417 0.4984 0.0708 0.0391
0 0.6986 0.5188 0.0375 0.0344
0 0.8903 0.3016 0.0472 0.0266
0 0.8417 0.1227 0.0458 0.0211
0 0.9028 0.0805 0.0472 0.0266
0 0.7417 0.0141 0.0417 0.0242
0 0.9806 0.1383 0.0333 0.0211
0 0.75 0.1672 0.0458 0.0242
0 0.7653 0.5453 0.0458 0.025
0 0.9639 0.5469 0.0472 0.0266
0 0.4181 0.4703 0.0375 0.0188
0 0.225 0.5422 0.0389 0.0211
0 0.4292 0.4258 0.0333 0.0188
0 0.3944 0.3508 0.0361 0.0164
0 0.3819 0.3633 0.0306 0.0133
0 0.6028 0.2711 0.0361 0.0211
0 0.6403 0.2844 0.0319 0.0156
0 0.6889 0.2109 0.0389 0.0211
0 0.6236 0.2438 0.0444 0.0211
0 0.6347 0.5375 0.0375 0.0227
0 0.6458 0.5578 0.0458 0.0219
0 0.4681 0.5375 0.0333 0.0172
0 0.4653 0.5516 0.0319 0.0141
0 0.4472 0.5641 0.0278 0.0164
0 0.7833 0.1414 0.0458 0.0211
0 0.7917 0.0812 0.0306 0.0242
0 0.7556 0.0805 0.0444 0.0219
0 0.2819 0.4039 0.0264 0.0156
0 0.2028 0.457 0.0264 0.0188
0 0.2083 0.518 0.0278 0.0141
0 0.1125 0.3789 0.0333 0.0148
0 0.8458 0.0656 0.0306 0.0156
0 0.5333 0.2984 0.0389 0.0164
0 0.5181 0.2859 0.0319 0.0117
0 0.7069 0.1664 0.0222 0.0148
0 0.6403 0.1938 0.0486 0.018
0 0.9889 0.1984 0.0194 0.0125
0 0.9778 0.2367 0.0194 0.0133
0 0.9736 0.2148 0.0208 0.0125
0 0.6347 0.3344 0.0375 0.0211
0 0.6222 0.3508 0.025 0.0133
0 0.3333 0.4312 0.0292 0.0164
0 0.2792 0.4617 0.0264 0.0164
0 0.1056 0.482 0.0264 0.0141
0 0.0069 0.4766 0.0125 0.0125
0 0.1125 0.5719 0.0264 0.0164
0 0.1417 0.5719 0.0306 0.0164
0 0.1458 0.5164 0.0292 0.0172
0 0.1222 0.5 0.0236 0.0164
0 0.1486 0.5281 0.0208 0.007
0 0.4375 0.5836 0.0319 0.018
0 0.4667 0.575 0.0306 0.0125
0 0.4972 0.5461 0.0306 0.0148
0 0.5236 0.5172 0.0278 0.0164
0 0.5111 0.532 0.0292 0.0133
0 0.6111 0.5422 0.0264 0.0203
0 0.9722 0.5844 0.0444 0.0211
0 0.9792 0.6117 0.0375 0.0258
0 0.7764 0.5117 0.0292 0.018
0 0.6958 0.4703 0.0597 0.0312
0 0.8278 0.4359 0.0333 0.018
0 0.8542 0.4562 0.0236 0.0148
0 0.7611 0.4672 0.025 0.0164
0 0.4931 0.4484 0.025 0.0133
0 0.5458 0.4484 0.0361 0.0266
0 0.4986 0.3992 0.0292 0.0211
0 0.325 0.518 0.0444 0.0203
0 0.1014 0.3641 0.0306 0.0172
0 0.0083 0.2883 0.0153 0.0102
0 0.0083 0.3258 0.0153 0.0117
0 0.7181 0.3172 0.0292 0.0156
0 0.6931 0.3102 0.0292 0.018
0 0.7597 0.2117 0.0278 0.0164
0 0.7319 0.2422 0.0264 0.0141
0 0.8597 0.3055 0.0208 0.0227
0 0.8333 0.3891 0.0319 0.018
0 0.9347 0.3805 0.0292 0.0133
0 0.6514 0.5172 0.0292 0.0219
0 0.9 0.4734 0.0361 0.0188
0 0.3375 0.4719 0.025 0.0156
0 0.5597 0.393 0.0292 0.0133
0 0.5264 0.3602 0.0236 0.0125
0 0.5069 0.3094 0.0236 0.0094
0 0.2847 0.375 0.0361 0.0141
0 0.6444 0.2227 0.0389 0.0227
0 0.1583 0.3273 0.0236 0.0141
0 0.0125 0.5531 0.0181 0.0078
