0 0.4583 0.0211 0.0486 0.0258
0 0.5097 0.0531 0.0486 0.0383
0 0.5625 0.0469 0.0611 0.0422
0 0.5319 0.0719 0.0472 0.0172
0 0.5861 0.1766 0.0375 0.0398
0 0.5958 0.2055 0.0194 0.0289
0 0.5472 0.2328 0.05 0.0312
0 0.65 0.1953 0.0319 0.0141
0 0.6833 0.2266 0.0181 0.0125
0 0.5014 0.2539 0.0597 0.0273
0 0.425 0.275 0.0569 0.0312
0 0.3903 0.3 0.0208 0.0172
0 0.5292 0.3898 0.0611 0.0312
0 0.4875 0.3938 0.0472 0.0281
0 0.6014 0.4102 0.0472 0.0258
0 0.5319 0.4867 0.0694 0.0375
0 0.5514 0.5195 0.0403 0.0281
0 0.5917 0.5039 0.0694 0.0391
0 0.6333 0.5289 0.0625 0.0281
0 0.5944 0.5812 0.0569 0.032
0 0.5583 0.5688 0.025 0.0195
0 0.4986 0.5305 0.0667 0.0297
0 0.4625 0.5562 0.0264 0.018
0 0.3569 0.5094 0.0333 0.0172
0 0.3375 0.4602 0.0361 0.0203
0 0.3278 0.6555 0.0236 0.0141
0 0.2931 0.6609 0.0389 0.0133
0 0.5528 0.6047 0.0292 0.0305
0 0.6153 0.6828 0.0528 0.0344
0 0.2819 0.7617 0.0528 0.0359
0 0.0972 0.7422 0.0514 0.0211
0 0.6889 0.3375 0.0444 0.0234
0 0.7028 0.325 0.0236 0.0094
0 0.7431 0.4 0.0431 0.0125
0 0.7069 0.4023 0.0389 0.0211
0 0.9653 0.5898 0.0417 0.0227
0 0.6458 0.85 0.0597 0.0266
0 0.4139 0.6594 0.0208 0.0133
0 0.4319 0.7477 0.0347 0.0242
0 0.8833 0.8047 0.0375 0.0164
0 0.4847 0.0469 0.0319 0.0297
0 0.4792 0.3109 0.0278 0.032
0 0.6861 0.5305 0.0458 0.0141
0 0.9903 0.5977 0.0153 0.0164
0 0.4292 0.9477 0.0417 0.0391
0 0.4306 0.8664 0.0583 0.032
