0 0.45 0.1758 0.0375 0.0281
0 0.5514 0.1992 0.0458 0.0203
0 0.5722 0.2617 0.0236 0.0203
0 0.4569 0.2711 0.0389 0.0266
0 0.4806 0.2922 0.0347 0.0203
0 0.6903 0.2164 0.0306 0.0211
0 0.3486 0.332 0.0319 0.0211
0 0.3375 0.2672 0.0208 0.0156
0 0.7208 0.3133 0.0403 0.0211
0 0.6653 0.3219 0.0431 0.0219
0 0.7639 0.3414 0.0375 0.0188
0 0.8069 0.3414 0.0417 0.0242
0 0.7903 0.3688 0.0403 0.0227
0 0.7736 0.3609 0.0347 0.0219
0 0.6875 0.3406 0.0306 0.0156
0 0.6444 0.3461 0.0236 0.0125
0 0.7847 0.2961 0.0347 0.0227
0 0.1875 0.3281 0.0306 0.0164
0 0.0986 0.3422 0.0389 0.0172
0 0.2917 0.3461 0.0319 0.018
0 0.2681 0.3477 0.0181 0.0086
0 0.2097 0.3914 0.0306 0.0141
0 0.3431 0.3797 0.0264 0.0141
0 0.3542 0.4398 0.0264 0.0188
0 0.3306 0.443 0.0236 0.0172
0 0.3389 0.4539 0.0236 0.0117
0 0.3833 0.4492 0.0306 0.0172
0 0.4972 0.4258 0.0333 0.0125
0 0.575 0.4875 0.0458 0.0164
0 0.0944 0.3125 0.0292 0.0148
0 0.0653 0.3523 0.025 0.0195
0 0.0208 0.368 0.0333 0.0203
0 0.5181 0.1914 0.0347 0.0211
0 0.7194 0.3391 0.0264 0.0148
0 0.7111 0.3586 0.0431 0.0188
0 0.5167 0.543 0.0375 0.0219
0 0.5417 0.5094 0.0375 0.0234
0 0.5236 0.4992 0.0306 0.0203
0 0.2875 0.5141 0.0222 0.0195
0 0.8569 0.4945 0.0431 0.0219
0 0.8069 0.482 0.0417 0.0219
0 0.4847 0.4078 0.0208 0.0102
0 0.2389 0.4164 0.0375 0.018
0 0.8722 0.4422 0.0486 0.0273
0 0.8861 0.3906 0.0431 0.0219
0 0.9264 0.3672 0.0569 0.0328
0 0.9708 0.3977 0.0264 0.0234
0 0.9542 0.2953 0.0292 0.018
0 0.4028 0.1672 0.0306 0.0258
0 0.4861 0.507 0.0333 0.018
0 0.45 0.2906 0.0278 0.018
0 0.1472 0.418 0.025 0.0094
0 0.5097 0.4461 0.0181 0.0109
0 0.9028 0.4398 0.0319 0.0188
0 0.5361 0.5609 0.0403 0.0172
0 0.5389 0.5719 0.0361 0.0078
