0 0.5347 0.1203 0.0417 0.032
0 0.5722 0.1219 0.0611 0.0367
0 0.5847 0.1438 0.0347 0.0133
0 0.5361 0.2156 0.0625 0.0367
0 0.5028 0.225 0.0417 0.032
0 0.4361 0.3188 0.0597 0.025
0 0.6208 0.3617 0.0625 0.0312
0 0.5583 0.3914 0.0542 0.0359
0 0.4014 0.4766 0.0486 0.0211
0 0.5653 0.4281 0.0236 0.0102
0 0.5694 0.4594 0.0403 0.025
0 0.5903 0.475 0.0236 0.0219
0 0.6181 0.482 0.0417 0.0219
0 0.6472 0.4695 0.0389 0.0195
0 0.6903 0.4836 0.05 0.0359
0 0.7319 0.4602 0.0389 0.0172
0 0.3389 0.5109 0.0514 0.0336
0 0.325 0.5383 0.0514 0.0258
0 0.3931 0.5469 0.0403 0.0281
0 0.3931 0.5758 0.0569 0.0305
0 0.3208 0.5625 0.0569 0.0273
0 0.3208 0.5852 0.0639 0.0211
0 0.8569 0.5695 0.0556 0.0305
0 0.6222 0.6117 0.025 0.0109
0 0.4653 0.6734 0.0611 0.0258
0 0.4222 0.6984 0.0556 0.0336
0 0.3986 0.6789 0.0472 0.0227
0 0.3625 0.6711 0.0444 0.0312
0 0.3125 0.65 0.0292 0.018
0 0.3611 0.7594 0.0597 0.0352
0 0.3681 0.8859 0.0306 0.0367
0 0.4222 0.8898 0.0583 0.0375
0 0.5556 0.8188 0.0417 0.0188
0 0.7444 0.8219 0.0347 0.0148
0 0.4097 0.3594 0.0597 0.025
0 0.4792 0.5828 0.0306 0.018
0 0.7014 0.6734 0.0583 0.0336
0 0.5486 0.85 0.0194 0.0195
0 0.4194 0.9484 0.0472 0.0383
0 0.2389 0.9117 0.0486 0.0312
0 0.1361 0.8758 0.0514 0.0297
