0 0.0042 0.2109 0.0083 0.0094
0 0.0042 0.2445 0.0069 0.0156
0 0.0153 0.2453 0.0181 0.0172
0 0.0083 0.2992 0.0125 0.0156
0 0.0681 0.2836 0.0278 0.0133
0 0.0833 0.2625 0.0264 0.0172
0 0.1208 0.2922 0.0292 0.0156
0 0.1347 0.2469 0.0347 0.0219
0 0.1333 0.2633 0.0306 0.0109
0 0.125 0.2703 0.0181 0.0086
0 0.1653 0.2547 0.025 0.018
0 0.1917 0.2461 0.0236 0.0125
0 0.1889 0.2703 0.0222 0.0133
0 0.1639 0.2773 0.0319 0.0172
0 0.2278 0.2297 0.0278 0.0227
0 0.1986 0.3445 0.0153 0.0109
0 0.2347 0.3359 0.0403 0.0219
0 0.2611 0.3328 0.0167 0.0086
0 0.2417 0.3102 0.0153 0.0102
0 0.3847 0.2703 0.0583 0.0367
0 0.4333 0.3008 0.0569 0.0367
0 0.4083 0.3273 0.0569 0.0305
0 0.2903 0.3547 0.0222 0.0125
0 0.3083 0.3617 0.025 0.0125
0 0.325 0.3891 0.025 0.0125
0 0.3764 0.3469 0.0292 0.0125
0 0.375 0.3609 0.0222 0.0125
0 0.3847 0.3727 0.0208 0.0117
0 0.4042 0.3734 0.0236 0.0133
0 0.4139 0.4289 0.0167 0.0086
0 0.4347 0.4258 0.0236 0.0102
0 0.0181 0.5148 0.0361 0.0227
0 0.0069 0.5453 0.0139 0.0172
0 0.0028 0.625 0.0069 0.0156
0 0.0264 0.7031 0.0472 0.0258
0 0.0861 0.5188 0.0347 0.0219
0 0.0694 0.5883 0.0556 0.0297
0 0.1347 0.5609 0.0375 0.0188
0 0.1375 0.618 0.025 0.0164
0 0.1028 0.632 0.0194 0.0188
0 0.0792 0.6617 0.0333 0.0227
0 0.1111 0.6617 0.0222 0.0133
0 0.2556 0.6609 0.0194 0.0148
0 0.225 0.6008 0.0292 0.0188
0 0.1361 0.45 0.0194 0.0094
0 0.1542 0.4938 0.0278 0.0211
0 0.1972 0.5242 0.0417 0.0273
0 0.2569 0.5109 0.0278 0.0078
0 0.3611 0.4844 0.0389 0.018
0 0.3181 0.5523 0.0306 0.0227
0 0.3597 0.5234 0.0139 0.0047
0 0.4028 0.5492 0.0292 0.0164
0 0.4389 0.5461 0.0292 0.0172
0 0.4597 0.5391 0.025 0.0125
0 0.5069 0.3805 0.0597 0.0352
0 0.6389 0.3172 0.0278 0.0125
0 0.8361 0.1109 0.0333 0.0219
0 0.8667 0.1133 0.0319 0.0188
0 0.8958 0.1102 0.025 0.0156
0 0.9153 0.1211 0.0333 0.0148
0 0.9444 0.0945 0.0333 0.0203
0 0.9917 0.0609 0.0111 0.0141
0 0.9806 0.0891 0.0361 0.025
0 0.9833 0.1109 0.025 0.0164
0 0.9875 0.1633 0.0181 0.0195
0 0.5986 0.3344 0.0264 0.0141
0 0.8917 0.2789 0.025 0.0156
0 0.9181 0.2758 0.0389 0.0258
0 0.9528 0.2594 0.0444 0.0242
0 0.9625 0.243 0.0319 0.0102
0 0.9847 0.2422 0.0236 0.0188
0 0.9625 0.2773 0.0319 0.0219
0 0.9889 0.2789 0.0194 0.0211
0 0.525 0.5375 0.0278 0.0164
0 0.5528 0.5352 0.025 0.0141
0 0.5333 0.5664 0.0278 0.0172
0 0.55 0.6008 0.0306 0.0133
0 0.6569 0.5617 0.025 0.0172
0 0.6917 0.5711 0.0292 0.0133
0 0.7514 0.3719 0.0292 0.0141
0 0.625 0.4367 0.0347 0.0164
0 0.6847 0.4484 0.0403 0.025
0 0.7028 0.4703 0.0444 0.0242
0 0.7667 0.5391 0.0597 0.0352
0 0.8056 0.5586 0.0472 0.0258
0 0.8389 0.5867 0.0292 0.0195
0 0.9806 0.5398 0.0319 0.0188
0 0.7333 0.4297 0.0236 0.0234
0 0.7319 0.4508 0.0292 0.0109
0 0.7653 0.4422 0.0528 0.0289
0 0.8611 0.3562 0.0458 0.0203
0 0.8819 0.4 0.0417 0.0195
0 0.9792 0.3891 0.0361 0.0234
0 0.8458 0.4594 0.0542 0.0281
0 0.9236 0.4172 0.0417 0.0219
0 0.9319 0.4703 0.0486 0.0273
0 0.9819 0.4297 0.0333 0.0242
0 0.0153 0.407 0.025 0.018
0 0.7792 0.4031 0.0361 0.0125
0 0.6333 0.3727 0.0306 0.0242
0 0.6819 0.6359 0.0222 0.0125
0 0.7458 0.6039 0.0222 0.0125
