0 0.1042 0.1648 0.0403 0.0211
0 0.0111 0.2594 0.0222 0.0125
0 0.0375 0.282 0.0333 0.0195
0 0.0153 0.2883 0.0208 0.0141
0 0.0153 0.3031 0.0264 0.0172
0 0.0569 0.2961 0.0444 0.0227
0 0.0972 0.2977 0.0389 0.0195
0 0.0792 0.2789 0.0472 0.0234
0 0.0319 0.3188 0.0361 0.018
0 0.3472 0.2344 0.0417 0.0242
0 0.3556 0.2062 0.0347 0.0227
0 0.3861 0.2273 0.0389 0.0234
0 0.4264 0.225 0.0444 0.0227
0 0.4528 0.2398 0.0431 0.025
0 0.4792 0.2109 0.0389 0.0188
0 0.5236 0.2062 0.025 0.0094
0 0.55 0.2438 0.0444 0.0258
0 0.5139 0.2461 0.0292 0.0242
0 0.4917 0.257 0.0347 0.0156
0 0.3931 0.2508 0.0333 0.0242
0 0.6139 0.3047 0.0278 0.0117
0 0.1653 0.432 0.0306 0.0156
0 0.1431 0.4633 0.0319 0.0211
0 0.2083 0.4867 0.0431 0.0188
0 0.5903 0.4109 0.0306 0.0227
0 0.6264 0.4086 0.0389 0.025
0 0.9736 0.393 0.0486 0.0477
0 0.8778 0.4695 0.0208 0.0289
0 0.2486 0.5203 0.0389 0.0234
0 0.2875 0.5211 0.05 0.0242
0 0.3361 0.5477 0.0694 0.0375
0 0.4361 0.5625 0.0667 0.0312
0 0.1236 0.5922 0.0556 0.0289
0 0.2972 0.5984 0.0667 0.0383
0 0.4139 0.6141 0.0458 0.0234
0 0.6542 0.532 0.0833 0.0461
0 0.7014 0.4992 0.0236 0.007
0 0.7514 0.5188 0.0861 0.0477
0 0.6458 0.6383 0.0514 0.0281
0 0.6972 0.6312 0.0514 0.0297
0 0.6764 0.6797 0.0389 0.0125
0 0.0611 0.6648 0.0403 0.0219
0 0.0083 0.6547 0.0153 0.0297
0 0.4722 0.1945 0.0319 0.0172
0 0.1875 0.2836 0.0264 0.0141
0 0.0236 0.432 0.0292 0.0148
0 0.1917 0.35 0.0208 0.0109
0 0.1958 0.3312 0.0181 0.0148
0 0.2403 0.3133 0.0222 0.0172
0 0.2306 0.325 0.0208 0.0133
0 0.2694 0.3336 0.0236 0.0148
0 0.2833 0.3234 0.0264 0.0117
0 0.2569 0.3 0.0181 0.0125
0 0.2486 0.257 0.025 0.0109
0 0.3097 0.3555 0.0236 0.0094
0 0.2319 0.3562 0.0208 0.0102
0 0.3028 0.3414 0.0153 0.0102
0 0.4 0.2836 0.0361 0.0195
0 0.1792 0.2328 0.0167 0.0102
0 0.2069 0.218 0.0153 0.0078
0 0.1264 0.2336 0.0167 0.0102
0 0.1597 0.2328 0.0181 0.0094
0 0.1667 0.2383 0.0125 0.0055
0 0.1708 0.3141 0.0222 0.0133
0 0.2208 0.4078 0.0167 0.0078
