0 0.8375 0.0969 0.0583 0.0312
0 0.8917 0.1359 0.0528 0.0281
0 0.8097 0.1695 0.0569 0.032
0 0.6569 0.0172 0.0556 0.0344
0 0.7111 0.0188 0.0375 0.0305
0 0.6722 0.1008 0.0514 0.0266
0 0.6583 0.2305 0.0417 0.0312
0 0.7222 0.2234 0.0181 0.0258
0 0.7889 0.1891 0.0333 0.018
0 0.8597 0.1719 0.0389 0.018
0 0.6653 0.2711 0.0583 0.0289
0 0.95 0.293 0.0583 0.0289
0 0.8542 0.2656 0.0514 0.0234
0 0.7722 0.2414 0.0514 0.0305
0 0.6944 0.318 0.0556 0.0352
0 0.6847 0.2914 0.0375 0.0172
0 0.5403 0.1945 0.0417 0.0125
0 0.7875 0.268 0.0278 0.0172
0 0.8125 0.2805 0.0236 0.0086
0 0.7208 0.3297 0.0528 0.032
0 0.6444 0.368 0.0444 0.0203
0 0.6708 0.3555 0.0417 0.0164
0 0.4417 0.3742 0.0542 0.0305
0 0.4528 0.4039 0.0514 0.0273
0 0.3958 0.3961 0.0333 0.0102
0 0.5431 0.3492 0.0542 0.0297
0 0.5847 0.4219 0.0444 0.018
0 0.6403 0.4391 0.0444 0.025
0 0.8736 0.3156 0.0486 0.032
0 0.8625 0.3531 0.0556 0.0336
0 0.3819 0.4773 0.0403 0.0281
0 0.425 0.482 0.0472 0.0281
0 0.4694 0.475 0.0514 0.0266
0 0.6181 0.5062 0.0583 0.0297
0 0.7153 0.4984 0.0625 0.0367
0 0.4653 0.6102 0.0389 0.0242
0 0.4403 0.6258 0.0417 0.018
0 0.9167 0.6641 0.0653 0.0375
0 0.8431 0.5727 0.0514 0.0242
0 0.6347 0.5609 0.0611 0.0258
0 0.5861 0.5414 0.0583 0.0227
0 0.6014 0.5578 0.0306 0.0148
0 0.1556 0.6891 0.0597 0.0352
0 0.0917 0.6578 0.0264 0.0266
0 0.0347 0.6055 0.0569 0.0383
0 0.0097 0.6094 0.0167 0.0352
0 0.1583 0.593 0.0458 0.0297
0 0.3264 0.7094 0.0431 0.0195
0 0.5194 0.6477 0.0222 0.0133
0 0.6319 0.6227 0.0278 0.0156
0 0.5347 0.8047 0.0694 0.0422
0 0.1458 0.8539 0.0611 0.0258
0 0.1319 0.9219 0.0472 0.0297
0 0.1014 0.9164 0.0431 0.0305
0 0.4042 0.8109 0.0403 0.0273
0 0.6194 0.7508 0.0514 0.0305
0 0.0944 0.8023 0.0486 0.032
0 0.1639 0.793 0.0444 0.0242
0 0.9 0.7969 0.0431 0.0172
0 0.9778 0.4617 0.0417 0.0328
0 0.9597 0.4672 0.0486 0.0266
0 0.5069 0.3836 0.0375 0.0219
0 0.35 0.3836 0.0444 0.0219
0 0.1028 0.4469 0.0444 0.0289
0 0.2 0.4398 0.0444 0.0312
0 0.2153 0.482 0.0458 0.0344
0 0.0139 0.557 0.0278 0.0203
0 0.0139 0.4969 0.0292 0.0203
0 0.1194 0.2625 0.0472 0.0211
0 0.1292 0.2391 0.0375 0.0234
0 0.1931 0.2625 0.0458 0.0234
0 0.0153 0.3156 0.0319 0.0141
0 0.4403 0.1805 0.0292 0.0148
0 0.1292 0.4086 0.0278 0.0148
0 0.7069 0.5281 0.0292 0.0164
0 0.5361 0.4508 0.0278 0.0242
0 0.4889 0.443 0.025 0.0102
0 0.6194 0.0031 0.0292 0.0062
0 0.5306 0.7406 0.0431 0.0297
0 0.8111 0.6852 0.0417 0.0141
0 0.9194 0.5664 0.0306 0.0211
0 0.8222 0.4781 0.0431 0.0156
0 0.6583 0.7461 0.0319 0.0195
0 0.9028 0.3359 0.05 0.0258
0 0.8542 0.443 0.0361 0.018
0 0.1625 0.9836 0.0528 0.0312
0 0.0097 0.9672 0.0167 0.0234
0 0.1653 0.9266 0.05 0.0273
0 0.25 0.932 0.05 0.0234
0 0.4778 0.9297 0.0597 0.0352
0 0.3708 0.5062 0.0153 0.0156
0 0.1556 0.9062 0.0403 0.0141
0 0.8681 0.7664 0.0278 0.0211
