0 0.3417 0.0742 0.0597 0.0375
0 0.3125 0.0812 0.0333 0.0266
0 0.3667 0.1062 0.0542 0.0383
0 0.4167 0.1047 0.0514 0.0352
0 0.3139 0.1336 0.0569 0.0203
0 0.2708 0.1547 0.0653 0.0328
0 0.4569 0.1359 0.0458 0.0258
0 0.1792 0.1766 0.0681 0.0336
0 0.5458 0.2008 0.0458 0.0289
0 0.4792 0.2539 0.0444 0.0234
0 0.5278 0.2477 0.0389 0.0266
0 0.1375 0.2039 0.0208 0.0148
0 0.2417 0.2227 0.05 0.0305
0 0.2875 0.3 0.0667 0.0422
0 0.2417 0.3008 0.0486 0.0398
0 0.3639 0.3234 0.0597 0.0383
0 0.5 0.325 0.0444 0.0281
0 0.3292 0.3516 0.0681 0.0242
0 0.4431 0.3234 0.0444 0.0234
0 0.5806 0.4008 0.0597 0.0258
0 0.2931 0.4008 0.0708 0.0422
0 0.3639 0.418 0.0708 0.0406
0 0.3097 0.4352 0.0472 0.0344
0 0.2514 0.443 0.0722 0.0398
0 0.0972 0.3734 0.0694 0.0289
0 0.1236 0.4195 0.0556 0.0352
0 0.2306 0.4734 0.0431 0.0297
0 0.3958 0.4477 0.0639 0.032
0 0.5153 0.4477 0.05 0.0273
0 0.7417 0.5102 0.0431 0.0273
0 0.7778 0.5195 0.0444 0.0273
0 0.3639 0.4961 0.0681 0.0391
0 0.3292 0.4852 0.0389 0.0258
0 0.3417 0.5219 0.0778 0.032
0 0.3861 0.5992 0.0681 0.0445
0 0.3903 0.7562 0.0694 0.0383
0 0.2431 0.8273 0.0514 0.0375
0 0.2194 0.7656 0.0972 0.0383
0 0.0625 0.6742 0.0653 0.032
0 0.2236 0.6672 0.0472 0.0172
0 0.0958 0.5742 0.0319 0.0305
0 0.4722 0.6172 0.0611 0.0289
0 0.4528 0.4477 0.0528 0.0242
0 0.1833 0.7898 0.0653 0.0328
0 0.1694 0.8469 0.0444 0.0234
0 0.1097 0.8148 0.025 0.0109
