0 0.0153 0.1531 0.025 0.018
0 0.0375 0.1617 0.0278 0.018
0 0.0083 0.1695 0.0139 0.0141
0 0.0236 0.1789 0.025 0.0148
0 0.2153 0.0906 0.0264 0.0148
0 0.2181 0.1055 0.0278 0.0125
0 0.2667 0.1109 0.0222 0.0148
0 0.2431 0.1539 0.025 0.0125
0 0.2875 0.1664 0.0333 0.0164
0 0.35 0.1359 0.0306 0.0203
0 0.3681 0.15 0.0306 0.0172
0 0.0653 0.1734 0.0236 0.0141
0 0.075 0.2172 0.0264 0.0133
0 0.1083 0.2 0.0444 0.0188
0 0.1361 0.2258 0.0486 0.0266
0 0.1806 0.2164 0.0444 0.0258
0 0.1792 0.2438 0.0444 0.0219
0 0.0125 0.2906 0.0194 0.0258
0 0.0194 0.3055 0.0347 0.0195
0 0.0361 0.3117 0.025 0.0156
0 0.0722 0.2961 0.0306 0.0203
0 0.0889 0.2727 0.0417 0.0219
0 0.1306 0.2773 0.0444 0.0258
0 0.1194 0.3234 0.0306 0.0148
0 0.1861 0.2812 0.0389 0.025
0 0.1764 0.3047 0.0361 0.0273
0 0.225 0.2867 0.0361 0.0258
0 0.1917 0.3172 0.0375 0.0219
0 0.0514 0.4156 0.0542 0.0195
0 0.0917 0.4438 0.0556 0.0281
0 0.0597 0.5102 0.0389 0.0227
0 0.1625 0.5266 0.0472 0.0258
0 0.2444 0.5242 0.0472 0.0219
0 0.2458 0.4508 0.0347 0.0195
0 0.3847 0.4727 0.0292 0.0172
0 0.1958 0.607 0.0292 0.0203
0 0.2292 0.6281 0.0153 0.0148
0 0.3208 0.6039 0.0236 0.0164
0 0.3278 0.582 0.0389 0.0195
0 0.2917 0.5523 0.0444 0.0227
0 0.3722 0.5414 0.0403 0.0203
0 0.3944 0.5523 0.0389 0.0227
0 0.4042 0.5203 0.0417 0.0203
0 0.3792 0.7234 0.0278 0.0203
0 0.3903 0.7375 0.0319 0.0141
0 0.4347 0.7094 0.0319 0.0172
0 0.4639 0.6242 0.0431 0.0195
0 0.2556 0.2289 0.0417 0.0203
0 0.2556 0.3125 0.0292 0.0219
0 0.2375 0.325 0.0361 0.0219
0 0.2722 0.343 0.0403 0.018
0 0.2222 0.3633 0.0375 0.0195
0 0.2764 0.3688 0.0278 0.0141
0 0.3347 0.2422 0.0514 0.0312
0 0.4764 0.1828 0.0292 0.018
0 0.4472 0.3062 0.0444 0.025
0 0.4222 0.3438 0.0431 0.0219
0 0.4306 0.3625 0.0361 0.0148
0 0.5153 0.3664 0.0361 0.025
0 0.5431 0.3633 0.0194 0.018
0 0.55 0.2664 0.0375 0.0156
0 0.5153 0.2711 0.0306 0.0211
0 0.5139 0.2938 0.0444 0.0219
0 0.5819 0.5859 0.0333 0.0148
0 0.6722 0.6117 0.0278 0.018
0 0.6694 0.5266 0.0333 0.0211
0 0.7444 0.4992 0.0403 0.0258
0 0.9597 0.4586 0.0222 0.0141
0 0.7583 0.5156 0.0431 0.0195
0 0.8278 0.5508 0.0306 0.0156
0 0.8028 0.5461 0.0264 0.0133
0 0.7736 0.5578 0.0319 0.0172
0 0.7472 0.5742 0.0375 0.0156
0 0.6347 0.207 0.025 0.0203
0 0.7111 0.2141 0.0264 0.0141
0 0.8569 0.2641 0.0319 0.0195
0 0.7847 0.2906 0.0306 0.0164
0 0.8208 0.282 0.0431 0.0234
0 0.8556 0.2938 0.0278 0.0172
0 0.8847 0.2977 0.0306 0.0172
0 0.9889 0.3625 0.0167 0.0086
0 0.1847 0.1562 0.0097 0.0109
0 0.2375 0.1836 0.0153 0.0125
0 0.1111 0.2461 0.0389 0.0312
0 0.3653 0.207 0.0264 0.0148
0 0.2278 0.2086 0.0319 0.0133
0 0.1708 0.4836 0.0278 0.0141
0 0.1097 0.5062 0.0486 0.0164
0 0.2889 0.5062 0.0361 0.0117
0 0.3236 0.6484 0.0264 0.018
0 0.5069 0.6438 0.0458 0.0281
0 0.6292 0.6039 0.0181 0.0148
0 0.6097 0.5609 0.0306 0.0102
0 0.9361 0.6117 0.0375 0.0219
0 0.9458 0.4953 0.0292 0.0141
0 0.9028 0.6672 0.0306 0.0172
0 0.6361 0.6109 0.0153 0.0094
0 0.9889 0.3234 0.0181 0.0203
0 0.9847 0.2453 0.0264 0.0172
0 0.9792 0.1859 0.0292 0.018
0 0.9931 0.1875 0.0097 0.0164
0 0.6111 0.3812 0.0181 0.0125
