0 0.1319 0.2867 0.0389 0.0273
0 0.3458 0.2844 0.0361 0.025
0 0.1736 0.3133 0.0458 0.0219
0 0.2222 0.3359 0.0472 0.0281
0 0.1125 0.4133 0.0375 0.0234
0 0.0458 0.3938 0.0444 0.0234
0 0.0556 0.4234 0.0444 0.0266
0 0.8625 0.6258 0.0431 0.0359
0 0.0375 0.2414 0.0611 0.032
0 0.1819 0.3398 0.0514 0.0297
0 0.1431 0.3219 0.0292 0.0164
0 0.2778 0.2898 0.0431 0.0211
0 0.1806 0.2789 0.0458 0.0258
0 0.1514 0.4 0.05 0.0148
0 0.0889 0.4438 0.0514 0.0234
0 0.1194 0.4695 0.0389 0.0117
0 0.0097 0.5078 0.0153 0.0109
0 0.3361 0.4398 0.0125 0.0148
0 0.9806 0.425 0.0347 0.0273
0 0.3528 0.6305 0.0431 0.0195
0 0.2611 0.6438 0.0361 0.0219
0 0.9903 0.5312 0.0153 0.0141
0 0.9917 0.5531 0.0111 0.0094
0 0.375 0.6836 0.0375 0.0281
0 0.2347 0.682 0.0458 0.025
0 0.2375 0.6578 0.0403 0.0195
0 0.2069 0.6945 0.0375 0.0195
0 0.3292 0.6164 0.0222 0.018
0 0.9222 0.6219 0.0306 0.0117
0 0.3333 0.6719 0.0375 0.0211
