0 0.4681 0.3164 0.0514 0.0273
0 0.6069 0.2852 0.0472 0.0344
0 0.6056 0.2539 0.0514 0.0195
0 0.6597 0.257 0.0583 0.0273
0 0.6694 0.2859 0.0389 0.0266
0 0.6931 0.2719 0.0208 0.0133
0 0.4875 0.3492 0.0514 0.0352
0 0.6514 0.3508 0.0486 0.0258
0 0.5028 0.3859 0.0361 0.0312
0 0.4042 0.375 0.0569 0.0242
0 0.4556 0.4094 0.0542 0.0273
0 0.5625 0.4312 0.0542 0.0203
0 0.6917 0.4547 0.0514 0.0297
0 0.7306 0.4625 0.0542 0.0281
0 0.5486 0.5648 0.0528 0.025
0 0.5931 0.5703 0.0444 0.025
0 0.3431 0.5727 0.0611 0.0281
0 0.3153 0.5891 0.0375 0.0219
0 0.375 0.6148 0.0347 0.0266
0 0.4208 0.6234 0.0153 0.0219
0 0.3569 0.6453 0.0389 0.0227
0 0.3972 0.6508 0.0431 0.0219
0 0.2375 0.6492 0.0361 0.018
0 0.2917 0.6172 0.0389 0.0148
0 0.5319 0.625 0.0417 0.0219
0 0.5556 0.6414 0.0611 0.0336
0 0.5708 0.6617 0.0417 0.0188
0 0.6472 0.6547 0.0431 0.0258
0 0.6917 0.6656 0.05 0.0297
0 0.6542 0.6766 0.0389 0.0188
0 0.6278 0.7039 0.0403 0.0227
0 0.6792 0.7094 0.0194 0.0164
0 0.4833 0.7094 0.0542 0.0297
0 0.6028 0.7305 0.0347 0.0102
0 0.4306 0.7492 0.0486 0.0289
0 0.4139 0.7695 0.025 0.0219
0 0.4375 0.7672 0.0306 0.0188
0 0.3444 0.8359 0.0542 0.0273
0 0.0625 0.9461 0.0375 0.0273
0 0.5542 0.8023 0.0694 0.0289
0 0.6125 0.7914 0.0569 0.0336
0 0.6056 0.818 0.0431 0.0219
0 0.6847 0.9359 0.0569 0.0359
0 0.7375 0.9945 0.0583 0.0086
0 0.0861 0.8094 0.0319 0.0203
