0 0.0528 0.0797 0.05 0.0273
0 0.0833 0.0953 0.0486 0.0344
0 0.0653 0.1102 0.0458 0.025
0 0.0278 0.118 0.05 0.0305
0 0.0458 0.1656 0.05 0.0281
0 0.0778 0.1664 0.0333 0.0289
0 0.0167 0.1523 0.0278 0.0242
0 0.0222 0.1945 0.0431 0.0297
0 0.0958 0.2086 0.0472 0.0281
0 0.0653 0.2258 0.0556 0.0305
0 0.0278 0.2438 0.0556 0.0344
0 0.1111 0.2539 0.0361 0.0227
0 0.0056 0.3172 0.0097 0.0023
0 0.0986 0.2836 0.0361 0.025
0 0.2097 0.3258 0.0486 0.0273
0 0.2847 0.3562 0.0458 0.025
0 0.3 0.3719 0.0417 0.0281
0 0.0736 0.3953 0.0319 0.0164
0 0.0306 0.4141 0.0556 0.0305
0 0.2403 0.4656 0.0486 0.025
0 0.3 0.4828 0.0417 0.0219
0 0.2542 0.4898 0.0431 0.0281
0 0.2125 0.4805 0.05 0.0227
0 0.2139 0.4977 0.0292 0.0156
0 0.0486 0.4758 0.0472 0.0227
0 0.0958 0.5312 0.0556 0.025
0 0.1167 0.5508 0.0556 0.0312
0 0.1875 0.5766 0.0306 0.0156
0 0.1236 0.5922 0.0528 0.0289
0 0.0889 0.6211 0.0528 0.0258
0 0.1333 0.6875 0.0403 0.0266
0 0.075 0.7094 0.0556 0.0281
0 0.0472 0.7922 0.0528 0.0367
0 0.0708 0.8445 0.0542 0.0352
0 0.1819 0.7805 0.025 0.0188
0 0.1917 0.7719 0.025 0.0156
0 0.1319 0.9297 0.0514 0.0422
0 0.6375 0.5531 0.0347 0.0359
0 0.7333 0.607 0.0778 0.0398
0 0.5847 0.857 0.0792 0.0312
0 0.1597 0.4312 0.05 0.0227
0 0.1042 0.6367 0.0264 0.0141
0 0.0292 0.5984 0.0347 0.0109
0 0.2097 0.9156 0.0486 0.0305
0 0.1028 0.3516 0.0625 0.0234
0 0.0875 0.3727 0.0278 0.0219
0 0.0944 0.6867 0.0347 0.0195
0 0.0444 0.7133 0.0167 0.0133
0 0.1514 0.7883 0.0153 0.0156
0 0.0569 0.7516 0.0444 0.0242
0 0.6944 0.5539 0.0444 0.0141
0 0.9778 0.5477 0.0417 0.018
0 0.9792 0.3969 0.0264 0.0094
0 0.8167 0.4086 0.0306 0.0141
0 0.9806 0.3594 0.0306 0.0219
0 0.9236 0.2016 0.0569 0.0352
0 0.9069 0.2297 0.0569 0.0266
0 0.9583 0.2414 0.0569 0.0227
0 0.9722 0.2312 0.0292 0.0219
0 0.8861 0.2664 0.0236 0.0141
