0 0.4486 0.2648 0.0556 0.032
0 0.1847 0.4742 0.0528 0.0305
0 0.2292 0.5492 0.05 0.0305
0 0.4639 0.5031 0.05 0.0305
0 0.525 0.4547 0.0264 0.0133
0 0.5694 0.518 0.0347 0.0266
0 0.5417 0.5109 0.0444 0.0289
0 0.6903 0.5336 0.0375 0.0219
0 0.7639 0.5219 0.0458 0.0266
0 0.7319 0.525 0.0278 0.0133
0 0.7083 0.5391 0.0389 0.0219
0 0.7403 0.5375 0.0264 0.018
0 0.5625 0.557 0.0319 0.0234
0 0.3944 0.5953 0.0375 0.0266
0 0.3861 0.6055 0.0333 0.0188
0 0.4764 0.6891 0.0514 0.0297
0 0.4389 0.718 0.05 0.0219
0 0.4903 0.7156 0.0472 0.0266
0 0.6958 0.6023 0.05 0.0203
0 0.6542 0.6141 0.0542 0.0305
0 0.7278 0.6203 0.0542 0.0242
0 0.8139 0.607 0.0514 0.0203
0 0.7444 0.657 0.0472 0.0375
0 0.5181 0.6789 0.0472 0.0242
0 0.4278 0.4203 0.0208 0.0086
0 0.0861 0.6172 0.0264 0.0203
0 0.125 0.6219 0.025 0.0094
0 0.1208 0.7352 0.0486 0.0297
0 0.4458 0.657 0.0361 0.0266
0 0.6944 0.6977 0.0514 0.0211
0 0.45 0.8148 0.0472 0.025
0 0.45 0.457 0.0431 0.0242
0 0.5486 0.4039 0.0208 0.0117
0 0.6736 0.6477 0.0514 0.0234
0 0.6458 0.5844 0.0458 0.0242
0 0.5986 0.5805 0.0306 0.0125
0 0.9417 0.518 0.0417 0.0156
