0 0.1958 0.2133 0.0278 0.0219
0 0.1778 0.2062 0.025 0.0227
0 0.2861 0.2039 0.0333 0.0164
0 0.2542 0.2023 0.0319 0.0133
0 0.2167 0.2234 0.0264 0.0117
0 0.6264 0.2562 0.0306 0.0266
0 0.6611 0.25 0.0431 0.0258
0 0.7375 0.232 0.0514 0.0203
0 0.7944 0.1672 0.0306 0.0219
0 0.7861 0.1398 0.0333 0.0281
0 0.7708 0.1242 0.0347 0.0297
0 0.8347 0.107 0.0347 0.0297
0 0.8333 0.1531 0.0389 0.0227
0 0.8625 0.2711 0.0542 0.0297
0 0.8014 0.4008 0.0389 0.0289
0 0.6625 0.3953 0.0403 0.0258
0 0.8194 0.4492 0.0542 0.0289
0 0.9417 0.4367 0.0347 0.0227
0 0.1764 0.35 0.05 0.0297
0 0.2389 0.3586 0.05 0.0242
0 0.2 0.4172 0.0458 0.025
0 0.1069 0.4828 0.0417 0.0297
0 0.1444 0.5102 0.0361 0.0234
0 0.2708 0.4602 0.0403 0.0211
0 0.3333 0.4164 0.0306 0.0148
0 0.3986 0.4398 0.0292 0.0148
0 0.2653 0.5211 0.05 0.025
0 0.1208 0.6367 0.0292 0.0172
0 0.075 0.6633 0.0264 0.0148
0 0.0486 0.6547 0.0347 0.0141
0 0.0236 0.675 0.0361 0.0148
0 0.0778 0.6789 0.0431 0.0164
0 0.15 0.6945 0.0403 0.0148
0 0.1861 0.6828 0.0347 0.0164
0 0.3278 0.7078 0.0306 0.0156
0 0.3597 0.757 0.0333 0.0164
0 0.4792 0.7594 0.0264 0.0133
0 0.5 0.8055 0.0375 0.0172
0 0.7417 0.657 0.0347 0.0133
0 0.5903 0.6742 0.0431 0.0203
0 0.5611 0.5945 0.0444 0.0195
0 0.4167 0.6641 0.0333 0.0117
0 0.475 0.6312 0.0208 0.0109
0 0.3542 0.3969 0.0431 0.0195
0 0.2681 0.2836 0.0278 0.0133
0 0.975 0.4031 0.0292 0.0188
0 0.2986 0.4438 0.025 0.0172
0 0.4014 0.4094 0.0181 0.0141
0 0.4222 0.3844 0.0236 0.0172
0 0.1917 0.45 0.0292 0.0227
0 0.15 0.4844 0.0403 0.0203
0 0.2 0.4758 0.05 0.0273
0 0.2111 0.5094 0.0264 0.0117
0 0.1944 0.2422 0.0181 0.0102
0 0.9861 0.7 0.0236 0.0219
0 0.2931 0.5047 0.0319 0.0195
