0 0.0181 0.2898 0.0264 0.0148
0 0.0917 0.3102 0.025 0.0195
0 0.0625 0.3281 0.0236 0.0141
0 0.1611 0.4273 0.0222 0.0133
0 0.2236 0.3891 0.0236 0.0094
0 0.1153 0.3109 0.0194 0.0133
0 0.0861 0.332 0.0236 0.0133
0 0.0319 0.3102 0.0194 0.0164
0 0.0722 0.2766 0.0194 0.007
0 0.0708 0.3109 0.0181 0.0133
0 0.2278 0.3203 0.0222 0.0125
0 0.1208 0.3906 0.0347 0.0109
0 0.1069 0.3836 0.0194 0.0141
0 0.7431 0.4297 0.025 0.0164
0 0.3361 0.3625 0.0181 0.0102
0 0.3 0.3898 0.0167 0.007
0 0.2083 0.4133 0.0264 0.0141
