0 0.5042 0.0016 0.025 0.0039
0 0.5792 0.0055 0.0458 0.0094
0 0.525 0.0156 0.0472 0.0148
0 0.4931 0.0211 0.0319 0.0117
0 0.5167 0.0602 0.0528 0.0328
0 0.4986 0.0906 0.0542 0.0312
0 0.4708 0.0961 0.0306 0.025
0 0.5556 0.1141 0.0389 0.0281
0 0.5653 0.1453 0.0486 0.0219
0 0.5042 0.1453 0.0194 0.0133
0 0.4778 0.1953 0.05 0.0297
0 0.5625 0.1688 0.0514 0.025
0 0.5944 0.1883 0.0292 0.0242
0 0.6653 0.0977 0.0431 0.0273
0 0.6931 0.0766 0.05 0.0273
0 0.7569 0.1078 0.0458 0.0281
0 0.8153 0.1109 0.05 0.0328
0 0.8542 0.1523 0.0583 0.032
0 0.6556 0.2039 0.0542 0.0328
0 0.6903 0.1836 0.0597 0.0305
0 0.8083 0.1969 0.0306 0.0242
0 0.8458 0.2086 0.0333 0.0188
0 0.4347 0.2547 0.0181 0.0141
0 0.4431 0.2844 0.0306 0.0219
0 0.4722 0.2875 0.0292 0.0156
0 0.4625 0.3086 0.0472 0.0281
0 0.4875 0.3055 0.0222 0.0164
0 0.6833 0.2531 0.0361 0.018
0 0.1681 0.3648 0.0528 0.0258
0 0.2472 0.3508 0.0417 0.0188
0 0.6042 0.3664 0.0389 0.0242
0 0.8431 0.2922 0.0347 0.0273
0 0.8681 0.2867 0.0222 0.0227
0 0.2569 0.3984 0.0236 0.0148
0 0.3333 0.5078 0.0375 0.0234
0 0.2292 0.5789 0.0472 0.0133
0 0.4389 0.543 0.0472 0.0281
0 0.5028 0.557 0.0431 0.0258
0 0.4875 0.4984 0.0431 0.0172
0 0.3972 0.4281 0.025 0.0133
0 0.5306 0.4164 0.0458 0.0188
0 0.6472 0.3797 0.0333 0.0148
0 0.7097 0.3602 0.0222 0.0172
0 0.5819 0.3367 0.0236 0.0164
0 0.6236 0.3227 0.025 0.0109
0 0.8819 0.3531 0.0403 0.0281
0 0.8625 0.3633 0.0236 0.0133
0 0.7639 0.382 0.0389 0.0203
0 0.7153 0.4328 0.0208 0.0156
0 0.6208 0.4586 0.0486 0.0188
0 0.4097 0.4938 0.025 0.0117
0 0.8208 0.4164 0.0306 0.0195
0 0.9111 0.4055 0.0319 0.0203
0 0.9236 0.3695 0.0431 0.0328
0 0.1583 0.6211 0.0556 0.0188
0 0.1528 0.6453 0.0417 0.0305
0 0.0444 0.6539 0.0333 0.0141
0 0.0069 0.6539 0.0153 0.0102
0 0.3292 0.6484 0.0569 0.0344
0 0.6181 0.725 0.0403 0.0195
0 0.6403 0.5766 0.0389 0.0211
0 0.875 0.5547 0.0333 0.0148
0 0.8903 0.5367 0.0278 0.0125
0 0.8875 0.6008 0.0319 0.0148
0 0.0903 0.3961 0.025 0.0219
