0 0.6389 0.357 0.0361 0.018
0 0.5722 0.3281 0.0375 0.0195
0 0.5611 0.4578 0.0361 0.0203
0 0.7125 0.4586 0.0347 0.0219
0 0.3694 0.5781 0.0514 0.0273
0 0.4278 0.6133 0.0431 0.0195
0 0.5167 0.4562 0.0306 0.0203
0 0.8194 0.6258 0.0278 0.0242
0 0.85 0.6281 0.025 0.0164
0 0.9236 0.632 0.0333 0.0211
0 0.4 0.3602 0.0264 0.0141
0 0.7792 0.3203 0.0389 0.0148
0 0.0264 0.5859 0.0347 0.0141
0 0.1556 0.6227 0.0222 0.018
0 0.7194 0.525 0.0306 0.0164
0 0.6181 0.3641 0.0333 0.0195
0 0.55 0.3453 0.0236 0.0133
0 0.6597 0.3617 0.0194 0.0117
0 0.6083 0.4547 0.0319 0.0188
0 0.7236 0.5047 0.0333 0.025
0 0.6861 0.4945 0.0167 0.0156
0 0.1944 0.6328 0.0389 0.018
0 0.1347 0.5703 0.0347 0.0133
0 0.0139 0.6008 0.025 0.0141
0 0.4944 0.5375 0.0347 0.0234
0 0.5972 0.3938 0.0306 0.0141
0 0.5625 0.6562 0.0458 0.0219
0 0.8528 0.6398 0.0486 0.018
0 0.8917 0.6203 0.0264 0.0109
0 0.6514 0.5438 0.0278 0.0172
0 0.3458 0.5484 0.0181 0.0086
0 0.0597 0.6195 0.0361 0.0266
0 0.4528 0.6227 0.0417 0.0148
0 0.3778 0.4898 0.0306 0.0164
