0 0.1139 0.6688 0.0306 0.018
0 0.0806 0.6812 0.0306 0.0125
0 0.9292 0.6805 0.0375 0.0141
0 0.0347 0.5398 0.0306 0.0164
0 0.2736 0.7273 0.0208 0.0227
0 0.1694 0.7484 0.0153 0.0117
0 0.1181 0.7586 0.0389 0.0188
0 0.5222 0.5102 0.0486 0.0227
0 0.0083 0.5203 0.0153 0.0148
0 0.4556 0.4695 0.0153 0.0086
0 0.4514 0.4789 0.0153 0.0078
0 0.0458 0.4539 0.0292 0.0141
0 0.0847 0.4484 0.0458 0.0172
0 0.0819 0.4078 0.0319 0.0219
0 0.0514 0.3938 0.0306 0.0156
0 0.0847 0.3875 0.0292 0.018
0 0.0736 0.3727 0.0333 0.0227
0 0.0444 0.357 0.0375 0.0172
0 0.0236 0.3766 0.0306 0.0203
0 0.0694 0.2758 0.0333 0.0195
0 0.0083 0.3227 0.0181 0.0117
0 0.0069 0.3469 0.0125 0.0188
0 0.5833 0.2898 0.0486 0.0227
0 0.5417 0.2812 0.0333 0.0258
0 0.5236 0.2125 0.0264 0.0219
0 0.3583 0.193 0.0222 0.0195
0 0.375 0.1484 0.0458 0.0281
0 0.3556 0.1633 0.0444 0.0148
0 0.3167 0.1648 0.0458 0.0211
0 0.3222 0.1367 0.0319 0.0172
