0 0.0389 0.1312 0.0403 0.0234
0 0.0597 0.1719 0.0319 0.0227
0 0.0264 0.1672 0.0347 0.0156
0 0.0222 0.1852 0.0403 0.018
0 0.0778 0.282 0.0431 0.0281
0 0.0181 0.3992 0.0292 0.0234
0 0.0472 0.4453 0.0486 0.0273
0 0.2625 0.668 0.0361 0.0266
0 0.2986 0.6742 0.0417 0.0281
0 0.2389 0.4281 0.0458 0.0094
0 0.0056 0.2539 0.0125 0.0141
0 0.7194 0.0133 0.0278 0.0195
0 0.6958 0.0086 0.0306 0.0172
0 0.6931 0.0234 0.0417 0.0234
0 0.7819 0.0086 0.0153 0.018
0 0.8014 0.032 0.0389 0.0188
0 0.7347 0.0492 0.0375 0.025
0 0.7444 0.0625 0.0472 0.0227
0 0.7722 0.0852 0.0389 0.0227
0 0.6986 0.0977 0.0319 0.0227
0 0.7236 0.1094 0.0403 0.0242
0 0.725 0.1234 0.0375 0.0172
0 0.8264 0.1039 0.0444 0.0258
0 0.8014 0.1164 0.0319 0.0234
0 0.8014 0.1438 0.0375 0.025
0 0.7556 0.143 0.0347 0.0281
0 0.7444 0.1609 0.025 0.0203
0 0.7 0.1641 0.0347 0.0195
0 0.6681 0.1484 0.0181 0.0211
0 0.7278 0.1922 0.0194 0.0211
0 0.8153 0.2148 0.0333 0.0219
0 0.8403 0.2211 0.0306 0.0188
0 0.6097 0.1992 0.0389 0.0258
0 0.5222 0.2391 0.0431 0.0289
0 0.5889 0.3508 0.0444 0.0203
0 0.5194 0.3547 0.0278 0.0227
0 0.6625 0.4078 0.0264 0.018
0 0.5917 0.4562 0.0417 0.0266
0 0.6236 0.4547 0.0292 0.0172
0 0.7333 0.4656 0.0431 0.0242
0 0.8597 0.3438 0.0431 0.0258
0 0.8569 0.3641 0.0458 0.0211
0 0.9319 0.3828 0.05 0.0289
0 0.9139 0.3734 0.0417 0.0203
0 0.8819 0.3812 0.0347 0.0242
0 0.9194 0.4008 0.0278 0.0164
0 0.8667 0.4133 0.0264 0.0203
0 0.8611 0.4328 0.0347 0.0172
0 0.8139 0.4523 0.0194 0.0133
0 0.8139 0.4719 0.0194 0.0133
0 0.8458 0.5805 0.0375 0.0312
0 0.8431 0.6125 0.0236 0.0133
0 0.8153 0.6266 0.0167 0.0195
0 0.8319 0.5016 0.0486 0.0242
0 0.9431 0.5211 0.0347 0.0188
0 0.6167 0.6109 0.0333 0.0172
0 0.7111 0.6234 0.0361 0.0148
0 0.8431 0.6852 0.0389 0.0219
0 0.7958 0.6859 0.0458 0.0266
0 0.6903 0.2492 0.0278 0.0148
0 0.6694 0.2375 0.0292 0.0172
0 0.7458 0.2469 0.0181 0.0195
0 0.7458 0.2359 0.0125 0.0125
0 0.9569 0.4031 0.0514 0.0266
0 0.9722 0.2891 0.0347 0.0148
0 0.6653 0.2094 0.025 0.0164
0 0.6903 0.1703 0.05 0.0297
0 0.8097 0.1562 0.0181 0.0133
0 0.7875 0.0531 0.0403 0.032
0 0.8042 0.4008 0.0153 0.0172
0 0.6361 0.3086 0.0167 0.0211
0 0.5611 0.3562 0.0153 0.025
0 0.5833 0.6539 0.025 0.0117
0 0.8611 0.4961 0.0222 0.0219
