0 0.5472 0.1672 0.0361 0.0242
0 0.025 0.2062 0.0389 0.0273
0 0.0403 0.2906 0.0306 0.0164
0 0.0847 0.3844 0.0361 0.0227
0 0.0389 0.3867 0.0347 0.0164
0 0.1056 0.4164 0.0347 0.0188
0 0.0417 0.4102 0.0278 0.0172
0 0.5847 0.4266 0.0264 0.0156
0 0.0125 0.4602 0.0236 0.0172
0 0.1056 0.5164 0.0222 0.0195
0 0.5306 0.5328 0.0333 0.0117
0 0.15 0.5766 0.0389 0.0219
0 0.1653 0.5898 0.0236 0.0148
0 0.3194 0.5805 0.0264 0.0156
0 0.5361 0.6266 0.0556 0.032
0 0.1875 0.6266 0.0194 0.0109
0 0.4653 0.7602 0.0375 0.0281
0 0.1625 0.8055 0.0236 0.018
0 0.4556 0.8344 0.0361 0.0352
0 0.775 0.8062 0.0194 0.0133
0 0.8056 0.8023 0.05 0.0203
0 0.9306 0.7609 0.0431 0.0227
0 0.6597 0.9086 0.0486 0.0211
0 0.3681 0.9008 0.0667 0.0344
0 0.0097 0.382 0.0167 0.0195
0 0.3264 0.6312 0.0417 0.0227
0 0.6236 0.7703 0.025 0.0125
0 0.5972 0.9023 0.0361 0.018
0 0.5458 0.1836 0.0472 0.0211
