0 0.3653 0.1984 0.0319 0.0141
0 0.3944 0.2523 0.0458 0.0227
0 0.4278 0.2836 0.0361 0.0227
0 0.3542 0.3234 0.05 0.0289
0 0.3264 0.3258 0.0347 0.0211
0 0.4042 0.3641 0.05 0.025
0 0.3125 0.3648 0.0542 0.0289
0 0.5583 0.4664 0.05 0.0281
0 0.4542 0.3742 0.0347 0.0172
0 0.5972 0.532 0.0556 0.0305
0 0.6917 0.5672 0.0444 0.0266
0 0.3722 0.4914 0.05 0.0211
0 0.2167 0.6 0.0597 0.0266
0 0.4611 0.5203 0.0389 0.0211
0 0.2931 0.6742 0.0431 0.0281
0 0.3917 0.7312 0.0528 0.0344
0 0.2944 0.6961 0.0444 0.018
0 0.2583 0.7102 0.0514 0.0289
0 0.525 0.6445 0.0417 0.0289
0 0.4 0.3906 0.0208 0.0133
0 0.3292 0.5766 0.025 0.025
0 0.2319 0.6195 0.0514 0.0242
0 0.175 0.7727 0.0556 0.0297
0 0.2208 0.75 0.0417 0.0234
0 0.2778 0.8336 0.0472 0.0273
0 0.1625 0.9164 0.0764 0.0391
0 0.5694 0.9008 0.0542 0.0344
0 0.5625 0.9359 0.0542 0.0336
0 0.3653 0.8266 0.0111 0.0141
0 0.7681 0.8375 0.05 0.0242
0 0.7194 0.8297 0.0403 0.025
0 0.7264 0.7844 0.0486 0.0203
0 0.8403 0.8289 0.0306 0.0234
0 0.7597 0.5898 0.0389 0.0258
0 0.6194 0.6242 0.0347 0.0242
0 0.5778 0.8016 0.0486 0.0203
0 0.6903 0.7844 0.0236 0.0188
0 0.475 0.8648 0.0069 0.0117
0 0.6278 0.8297 0.0444 0.0195
0 0.3431 0.5273 0.0222 0.0172
0 0.3181 0.4984 0.0278 0.018
0 0.4236 0.5375 0.0278 0.0133
0 0.5 0.4906 0.0194 0.0109
0 0.4597 0.3453 0.0153 0.0148
0 0.4944 0.3578 0.0194 0.0125
0 0.5208 0.3492 0.0236 0.0148
0 0.6514 0.5477 0.0361 0.018
0 0.5389 0.5344 0.0389 0.018
0 0.5069 0.5297 0.0292 0.0133
0 0.4653 0.4875 0.0306 0.0133
0 0.4556 0.4664 0.0278 0.0133
0 0.1653 0.8812 0.0333 0.0164
0 0.6958 0.5953 0.0528 0.0172
0 0.5583 0.5148 0.0542 0.0242
