0 0.4625 0.2 0.0389 0.0227
0 0.3764 0.2422 0.0389 0.0242
0 0.4778 0.2531 0.0514 0.0273
0 0.4125 0.3031 0.0347 0.0227
0 0.4597 0.325 0.0361 0.0234
0 0.4833 0.3203 0.0403 0.025
0 0.5361 0.2984 0.0319 0.0164
0 0.4681 0.3633 0.0458 0.0258
0 0.5361 0.3289 0.0403 0.0227
0 0.5736 0.3258 0.0375 0.0203
0 0.5583 0.3625 0.0486 0.0242
0 0.6181 0.3734 0.0389 0.0195
0 0.6611 0.393 0.0458 0.0242
0 0.7806 0.4086 0.0431 0.0219
0 0.5944 0.4117 0.0361 0.0242
0 0.6319 0.4266 0.0347 0.0211
0 0.6944 0.4383 0.0292 0.0219
0 0.6014 0.4273 0.0264 0.0188
0 0.4167 0.4281 0.0361 0.0211
0 0.4111 0.4531 0.0375 0.0234
0 0.4181 0.4984 0.0431 0.0234
0 0.6236 0.4805 0.0292 0.0172
0 0.5792 0.5227 0.0306 0.0242
0 0.6125 0.5297 0.0361 0.0211
0 0.6306 0.5195 0.025 0.0148
0 0.6556 0.5406 0.0292 0.0125
0 0.5722 0.55 0.0319 0.0211
0 0.5486 0.5633 0.0472 0.0258
0 0.6583 0.5883 0.0403 0.0156
0 0.6722 0.5711 0.025 0.0156
0 0.7514 0.6406 0.0528 0.0297
0 0.925 0.6789 0.0417 0.0281
0 0.9625 0.6703 0.0208 0.0219
0 0.8917 0.6852 0.0389 0.0203
0 0.8042 0.7 0.0375 0.032
0 0.3861 0.6125 0.0542 0.0258
0 0.3236 0.6297 0.0458 0.0273
0 0.2667 0.625 0.0472 0.025
0 0.2431 0.6484 0.0458 0.0227
0 0.2319 0.6609 0.0403 0.025
0 0.4083 0.6672 0.0417 0.0234
0 0.3708 0.6742 0.0389 0.0211
0 0.3583 0.6516 0.0292 0.0117
0 0.3597 0.707 0.0444 0.0234
0 0.3583 0.7227 0.0333 0.0117
0 0.25 0.7633 0.0417 0.0258
0 0.2903 0.7305 0.0208 0.0078
0 0.3167 0.8008 0.0264 0.0211
0 0.3722 0.8164 0.0514 0.0266
0 0.5069 0.8062 0.0403 0.0281
0 0.4597 0.8094 0.0222 0.0117
0 0.7833 0.8031 0.0528 0.025
0 0.6306 0.7789 0.0264 0.0211
0 0.6611 0.775 0.0333 0.018
0 0.2722 0.8992 0.0347 0.0195
0 0.3111 0.8938 0.0333 0.0219
0 0.3417 0.8734 0.0264 0.0258
0 0.3972 0.8648 0.0403 0.0211
0 0.7625 0.8508 0.0556 0.0305
0 0.7833 0.8258 0.05 0.0203
0 0.8458 0.8844 0.0514 0.0336
0 0.7972 0.8797 0.0403 0.0172
0 0.9042 0.9109 0.0389 0.0266
0 0.8736 0.8961 0.0319 0.0312
0 0.1514 0.9297 0.0417 0.0219
0 0.3333 0.6539 0.0333 0.0195
0 0.2361 0.8094 0.0278 0.0164
0 0.7375 0.743 0.0361 0.0164
0 0.7222 0.7258 0.0208 0.0117
0 0.4972 0.6242 0.0319 0.025
0 0.425 0.5188 0.0333 0.0203
0 0.8361 0.9695 0.0222 0.0273
0 0.3597 0.6305 0.0264 0.0141
0 0.9056 0.875 0.0194 0.0172
0 0.8736 0.8133 0.0167 0.0133
0 0.7764 0.7781 0.0347 0.0242
0 0.9764 0.7227 0.0431 0.0289
0 0.9847 0.6938 0.0264 0.0242
0 0.9875 0.5141 0.0222 0.0133
0 0.9833 0.8078 0.0292 0.0211
