0 0.3042 0.5164 0.0153 0.0062
0 0.2847 0.5586 0.0111 0.007
0 0.2306 0.5734 0.0236 0.0109
0 0.0875 0.6273 0.0278 0.0102
0 0.25 0.6195 0.0222 0.0086
0 0.1764 0.6461 0.0111 0.0055
0 0.1792 0.657 0.0125 0.0047
0 0.3375 0.6641 0.0139 0.0094
0 0.3917 0.657 0.025 0.0227
0 0.4097 0.6273 0.025 0.0141
0 0.35 0.6047 0.0097 0.0164
0 0.4917 0.5703 0.0125 0.0094
0 0.4972 0.5773 0.0125 0.007
0 0.5028 0.5578 0.0181 0.0078
0 0.5306 0.5367 0.0236 0.0102
0 0.5014 0.5477 0.0097 0.0062
0 0.5194 0.5148 0.0306 0.0172
0 0.5514 0.5094 0.0111 0.0055
0 0.5236 0.4867 0.0222 0.0125
0 0.5722 0.4148 0.0167 0.0109
0 0.6222 0.5891 0.0125 0.0109
0 0.5847 0.6023 0.0319 0.0195
0 0.5611 0.5914 0.0319 0.0109
0 0.5069 0.6312 0.0236 0.0156
0 0.6111 0.4797 0.0153 0.0086
0 0.5 0.4781 0.0056 0.0055
0 0.5153 0.4727 0.0069 0.0047
0 0.6375 0.425 0.0167 0.0117
0 0.6653 0.4219 0.0222 0.0078
0 0.6528 0.3625 0.0208 0.0148
0 0.6444 0.3422 0.0111 0.0078
0 0.5611 0.3188 0.0222 0.0148
0 0.5403 0.3648 0.0278 0.0172
0 0.4528 0.3336 0.0236 0.0141
0 0.4139 0.3438 0.0153 0.0117
0 0.4417 0.3492 0.0278 0.0156
0 0.7903 0.3555 0.0167 0.0141
0 0.9139 0.35 0.0194 0.0102
0 0.9361 0.3148 0.0222 0.0117
0 0.7556 0.257 0.0111 0.0078
0 0.825 0.2477 0.0264 0.0141
0 0.8528 0.2445 0.0194 0.0086
0 0.8486 0.2195 0.0278 0.0242
0 0.8194 0.193 0.025 0.0148
0 0.7972 0.2305 0.025 0.0172
0 0.7403 0.2156 0.0278 0.0141
0 0.7542 0.1719 0.0097 0.0094
0 0.6958 0.1555 0.025 0.0125
0 0.7278 0.1805 0.0153 0.0156
0 0.7056 0.2047 0.0194 0.0094
0 0.8333 0.5328 0.0306 0.0117
0 0.9278 0.5531 0.0167 0.0133
0 0.8097 0.5609 0.0181 0.0109
0 0.7431 0.5477 0.0139 0.0109
0 0.7597 0.5539 0.0083 0.007
0 0.8153 0.6148 0.0139 0.0055
0 0.8431 0.6117 0.0222 0.007
0 0.8611 0.6219 0.0292 0.0156
0 0.8764 0.6406 0.0125 0.0125
0 0.9486 0.6594 0.0111 0.0094
0 0.9944 0.6844 0.0069 0.0109
0 0.875 0.6883 0.0167 0.0086
0 0.8958 0.6945 0.0111 0.0062
0 0.9833 0.7125 0.0056 0.0062
0 0.4181 0.3281 0.0194 0.0156
0 0.6278 0.318 0.0319 0.0148
0 0.7069 0.3844 0.0292 0.0188
0 0.7194 0.3672 0.0403 0.0234
0 0.7097 0.2219 0.0181 0.0148
0 0.6292 0.2266 0.0292 0.0164
0 0.6583 0.2289 0.0292 0.018
0 0.6403 0.2117 0.0167 0.0109
0 0.1028 0.6547 0.0333 0.0227
0 0.825 0.6461 0.0431 0.0148
0 0.9403 0.6867 0.0514 0.0188
0 0.9903 0.6492 0.0167 0.0164
