0 0.3306 0.225 0.0569 0.0273
0 0.4472 0.2859 0.0458 0.0289
0 0.5139 0.2734 0.0431 0.0234
0 0.5125 0.2492 0.0361 0.0219
0 0.5486 0.2469 0.0417 0.0211
0 0.3639 0.1891 0.0319 0.0156
0 0.4861 0.1633 0.0389 0.0219
0 0.3681 0.132 0.0389 0.0203
0 0.3514 0.1195 0.0375 0.0242
0 0.2667 0.0945 0.0292 0.0148
0 0.2181 0.0766 0.0333 0.0203
0 0.2194 0.0914 0.0347 0.0164
0 0.2875 0.1516 0.0333 0.0164
0 0.6403 0.1844 0.0292 0.0203
0 0.7208 0.1883 0.0347 0.0109
0 0.8694 0.2367 0.0417 0.0227
0 0.8958 0.2703 0.0403 0.0219
0 0.175 0.2008 0.0486 0.0281
0 0.1653 0.2266 0.0306 0.0242
0 0.1333 0.2125 0.0542 0.0297
0 0.1097 0.232 0.0389 0.0281
0 0.0819 0.2055 0.0278 0.0234
0 0.1139 0.1859 0.0472 0.0242
0 0.2236 0.2711 0.0514 0.0234
0 0.1847 0.2617 0.0431 0.0258
0 0.175 0.2859 0.0306 0.0281
0 0.1306 0.2625 0.0472 0.0297
0 0.0861 0.2602 0.0472 0.0281
0 0.2472 0.2117 0.0458 0.0234
0 0.0444 0.1492 0.0319 0.0195
0 0.4222 0.3258 0.0542 0.0281
0 0.5194 0.3445 0.0403 0.0273
0 0.4361 0.343 0.0444 0.0156
0 0.2764 0.3273 0.0458 0.0211
0 0.7917 0.2656 0.0361 0.0203
0 0.8292 0.2562 0.0458 0.0281
0 0.0319 0.1688 0.0264 0.018
0 0.2361 0.3086 0.0444 0.0227
0 0.2597 0.2969 0.0319 0.0211
0 0.6708 0.3141 0.0306 0.0172
0 0.0778 0.2844 0.0389 0.0188
0 0.1292 0.3094 0.0389 0.0219
0 0.0417 0.2992 0.0319 0.0203
0 0.0736 0.2953 0.0319 0.0148
0 0.0208 0.2969 0.0236 0.0172
0 0.0153 0.282 0.0306 0.0359
0 0.0097 0.1617 0.0181 0.0172
0 0.5486 0.3445 0.0319 0.0203
0 0.2556 0.4305 0.0361 0.0227
0 0.1861 0.1398 0.0181 0.0172
0 0.0917 0.4281 0.0542 0.0312
0 0.0528 0.3977 0.0528 0.0273
0 0.4014 0.4523 0.0389 0.0203
0 0.4139 0.4977 0.0472 0.0234
0 0.3819 0.5188 0.0375 0.0203
0 0.4069 0.5305 0.0458 0.0289
0 0.7542 0.4719 0.0472 0.0234
0 0.6097 0.3617 0.0347 0.0234
0 0.1708 0.5078 0.05 0.025
0 0.0639 0.4914 0.0486 0.0242
0 0.2542 0.5047 0.0514 0.0234
0 0.3056 0.4883 0.0333 0.0141
0 0.2944 0.5312 0.0403 0.0266
0 0.3417 0.5602 0.0403 0.0195
0 0.3333 0.5844 0.0347 0.0172
0 0.4792 0.6 0.0486 0.0273
0 0.5944 0.5617 0.0361 0.0195
0 0.2139 0.5875 0.0306 0.018
0 0.3472 0.6289 0.0278 0.0156
0 0.7681 0.493 0.0528 0.0211
0 0.6819 0.5031 0.0444 0.0242
0 0.6944 0.5867 0.0375 0.0234
0 0.6667 0.5875 0.0194 0.0125
0 0.825 0.5211 0.0333 0.0172
0 0.8528 0.5266 0.0319 0.0172
0 0.9667 0.5852 0.0361 0.0203
0 0.9306 0.6375 0.0333 0.0258
0 0.9431 0.6469 0.0208 0.0141
0 0.5847 0.6359 0.0264 0.0188
0 0.4 0.7008 0.0292 0.0219
0 0.4597 0.6867 0.0375 0.0211
0 0.4167 0.7125 0.0375 0.018
0 0.7667 0.6039 0.0306 0.0141
0 0.7861 0.532 0.0333 0.0172
0 0.9111 0.3961 0.0222 0.0133
0 0.9833 0.4281 0.0222 0.0109
0 0.9875 0.4375 0.0153 0.0148
0 0.975 0.4703 0.0264 0.0109
0 0.2861 0.3531 0.0389 0.0148
0 0.075 0.1633 0.0361 0.0141
0 0.3542 0.0992 0.0306 0.0195
0 0.2319 0.3461 0.0444 0.0219
0 0.0792 0.4492 0.0278 0.0195
0 0.1208 0.4891 0.0458 0.0164
0 0.175 0.4648 0.0292 0.0141
0 0.2542 0.6086 0.0222 0.0172
0 0.7597 0.5477 0.0431 0.0195
0 0.6472 0.5805 0.0222 0.0164
0 0.6236 0.5367 0.0361 0.0109
0 0.9861 0.232 0.0236 0.0141
